   1.4546100e-01   1.3873500e-01   1.8112000e-02   9.7942100e-01  -1.5897100e-01  -2.5404400e-01  -2.7426000e-02
   1.4590400e-01   1.3847600e-01   1.8613000e-02   9.7938200e-01  -1.5897000e-01  -2.5422200e-01  -2.7701000e-02
   1.4657000e-01   1.3848800e-01   1.8519000e-02   9.7928300e-01  -1.5897000e-01  -2.5422200e-01  -2.7701000e-02
   1.4927900e-01   1.3838100e-01   1.8757000e-02   9.7888400e-01  -1.5893900e-01  -2.5443600e-01  -2.7973000e-02
   1.5258200e-01   1.3838800e-01   1.8980000e-02   9.7837000e-01  -1.5887700e-01  -2.5468000e-01  -2.8267000e-02
   1.5535200e-01   1.3851300e-01   1.9347000e-02   9.7790900e-01  -1.5876900e-01  -2.5498200e-01  -2.8578000e-02
   1.5603500e-01   1.3872400e-01   2.0111000e-02   9.7775500e-01  -1.5860800e-01  -2.5535300e-01  -2.8926000e-02
   1.5588600e-01   1.3906500e-01   2.1129000e-02   9.7770900e-01  -1.5838200e-01  -2.5581000e-01  -2.9331000e-02
   1.5571000e-01   1.3951300e-01   2.2316000e-02   9.7764600e-01  -1.5807300e-01  -2.5639500e-01  -2.9835000e-02
   1.6067000e-01   1.4019000e-01   2.3016000e-02   9.7673000e-01  -1.5767900e-01  -2.5713000e-01  -3.0457000e-02
   1.7694500e-01   1.4125200e-01   2.2347000e-02   9.7377600e-01  -1.5718200e-01  -2.5804800e-01  -3.1220000e-02
   1.9428200e-01   1.4252200e-01   2.1745000e-02   9.7029300e-01  -1.5653600e-01  -2.5919900e-01  -3.2147000e-02
   2.0617100e-01   1.4388200e-01   2.2216000e-02   9.6762500e-01  -1.5571000e-01  -2.6062600e-01  -3.3273000e-02
   2.0974900e-01   1.4521300e-01   2.4239000e-02   9.6660800e-01  -1.5468200e-01  -2.6237500e-01  -3.4635000e-02
   2.0928500e-01   1.4651600e-01   2.7268000e-02   9.6643100e-01  -1.5344500e-01  -2.6449900e-01  -3.6242000e-02
   2.0802500e-01   1.4779600e-01   3.0898000e-02   9.6639900e-01  -1.5199100e-01  -2.6702500e-01  -3.8120000e-02
   2.0773900e-01   1.4908500e-01   3.4922000e-02   9.6612600e-01  -1.5031400e-01  -2.6996800e-01  -4.0270000e-02
   2.0693300e-01   1.5034500e-01   3.9665000e-02   9.6592000e-01  -1.4840400e-01  -2.7334700e-01  -4.2681000e-02
   2.0855700e-01   1.5178900e-01   4.4806000e-02   9.6512000e-01  -1.4624600e-01  -2.7718600e-01  -4.5313000e-02
   2.0638800e-01   1.5168800e-01   4.5147000e-02   9.6558600e-01  -1.4624600e-01  -2.7718600e-01  -4.5313000e-02
   2.0730400e-01   1.5330900e-01   5.1354000e-02   9.6482300e-01  -1.4382200e-01  -2.8151800e-01  -4.8109000e-02
   2.0848900e-01   1.5529200e-01   5.8554000e-02   9.6384000e-01  -1.4110500e-01  -2.8633900e-01  -5.1013000e-02
   2.1055900e-01   1.5786900e-01   6.6667000e-02   9.6244400e-01  -1.3805700e-01  -2.9162900e-01  -5.3956000e-02
   2.1823100e-01   1.6165100e-01   7.4891000e-02   9.5949700e-01  -1.3464400e-01  -2.9734700e-01  -5.6834000e-02
   2.3202800e-01   1.6701300e-01   8.2986000e-02   9.5466400e-01  -1.3082200e-01  -3.0344400e-01  -5.9584000e-02
   2.4535100e-01   1.7356100e-01   9.1907000e-02   9.4933300e-01  -1.2658700e-01  -3.0988600e-01  -6.2119000e-02
   2.5535300e-01   1.8104800e-01   1.0210600e-01   9.4424100e-01  -1.2192600e-01  -3.1665500e-01  -6.4359000e-02
   2.6298600e-01   1.8955900e-01   1.1330900e-01   9.3918400e-01  -1.1680500e-01  -3.2370600e-01  -6.6263000e-02
   2.7180700e-01   1.9963400e-01   1.2477100e-01   9.3311300e-01  -1.1122100e-01  -3.3098000e-01  -6.7738000e-02
   2.8028600e-01   2.1115800e-01   1.3656800e-01   9.2639200e-01  -1.0511800e-01  -3.3843100e-01  -6.8765000e-02
   2.8827800e-01   2.2414600e-01   1.4853300e-01   9.1901700e-01  -9.8442000e-02  -3.4600700e-01  -6.9342000e-02
   2.9607200e-01   2.3866200e-01   1.6044000e-01   9.1084600e-01  -9.1166000e-02  -3.5366300e-01  -6.9443000e-02
   3.0331100e-01   2.5459600e-01   1.7202600e-01   9.0199200e-01  -8.3181000e-02  -3.6137100e-01  -6.9126000e-02
   3.0708800e-01   2.7133000e-01   1.8410900e-01   8.9341000e-01  -7.4528000e-02  -3.6906000e-01  -6.8343000e-02
   3.0544400e-01   2.8826400e-01   1.9749500e-01   8.8577800e-01  -6.5275000e-02  -3.7663400e-01  -6.7057000e-02
   2.9626500e-01   3.2415800e-01   2.2512900e-01   8.6975000e-01  -4.4998000e-02  -3.9120400e-01  -6.3011000e-02
   2.8648500e-01   3.6060300e-01   2.5165400e-01   8.5121200e-01  -2.3664000e-02  -4.0452500e-01  -5.8050000e-02
   2.7888400e-01   3.7730900e-01   2.6512100e-01   8.4236100e-01  -1.3100000e-02  -4.1043100e-01  -5.5462000e-02
   2.6640500e-01   4.0974700e-01   2.8851500e-01   8.2334400e-01   7.4550000e-03  -4.2068300e-01  -5.0155000e-02
   2.5512200e-01   4.4051000e-01   3.0783900e-01   8.0380300e-01   2.7084000e-02  -4.2900200e-01  -4.4650000e-02
   2.4437900e-01   4.7003200e-01   3.2334400e-01   7.8409100e-01   4.5832000e-02  -4.3560500e-01  -3.8891000e-02
   2.3620600e-01   4.9695900e-01   3.3496600e-01   7.6487700e-01   6.2883000e-02  -4.4159400e-01  -3.3119000e-02
   2.3167700e-01   5.1607400e-01   3.4530600e-01   7.4883700e-01   7.6404000e-02  -4.4957400e-01  -2.7688000e-02
   2.2477300e-01   5.3148700e-01   3.5614900e-01   7.3495400e-01   8.8789000e-02  -4.5754200e-01  -2.1963000e-02
   2.2662400e-01   5.4187900e-01   3.5669200e-01   7.2648500e-01   9.4903000e-02  -4.6122400e-01  -1.8846000e-02
   2.2293400e-01   5.5842500e-01   3.6178900e-01   7.1244000e-01   1.0671800e-01  -4.6804800e-01  -1.2472000e-02
   2.1757600e-01   5.7433900e-01   3.6585000e-01   6.9924900e-01   1.1825900e-01  -4.7394900e-01  -5.6320000e-03
   2.0988300e-01   5.8974000e-01   3.6940000e-01   6.8680400e-01   1.2967700e-01  -4.7888300e-01   1.8110000e-03
   2.0285900e-01   6.0558300e-01   3.7035800e-01   6.7450100e-01   1.4075700e-01  -4.8296000e-01   9.7020000e-03
   1.9919400e-01   6.1350800e-01   3.7016500e-01   6.6851200e-01   1.4618100e-01  -4.8467100e-01   1.3827000e-02
   1.9208400e-01   6.3005900e-01   3.6744700e-01   6.5659100e-01   1.5699300e-01  -4.8748200e-01   2.2662000e-02
   1.8303700e-01   6.4613000e-01   3.6380500e-01   6.4549200e-01   1.6751900e-01  -4.8936800e-01   3.2285000e-02
   1.7318400e-01   6.6171800e-01   3.5885000e-01   6.3510900e-01   1.7749700e-01  -4.9030500e-01   4.2368000e-02
   1.6374700e-01   6.7720900e-01   3.5165600e-01   6.2523000e-01   1.8679900e-01  -4.9031300e-01   5.2754000e-02
   1.5250300e-01   6.9120300e-01   3.4479500e-01   6.1652100e-01   1.9533000e-01  -4.8941500e-01   6.3376000e-02
   1.4237700e-01   7.0537100e-01   3.3517200e-01   6.0814500e-01   2.0312300e-01  -4.8764900e-01   7.4218000e-02
   1.3721000e-01   7.1223100e-01   3.2988000e-01   6.0421800e-01   2.0676100e-01  -4.8644900e-01   7.9716000e-02
   1.2582400e-01   7.2501500e-01   3.1927000e-01   5.9715000e-01   2.1351300e-01  -4.8341500e-01   9.0852000e-02
   1.1525200e-01   7.3776200e-01   3.0597500e-01   5.9059600e-01   2.1961900e-01  -4.7954800e-01   1.0214700e-01
   1.0520600e-01   7.5024500e-01   2.9044600e-01   5.8455600e-01   2.2504400e-01  -4.7485000e-01   1.1355600e-01
   9.4415000e-02   7.6174800e-01   2.7424500e-01   5.7932300e-01   2.2972700e-01  -4.6929900e-01   1.2506100e-01
   8.3987000e-02   7.7273400e-01   2.5606500e-01   5.7468200e-01   2.3372300e-01  -4.6292900e-01   1.3656100e-01
   7.4889000e-02   7.8337700e-01   2.3485600e-01   5.7057500e-01   2.3702300e-01  -4.5581700e-01   1.4789800e-01
   6.6361000e-02   7.9307800e-01   2.1183200e-01   5.6723000e-01   2.3970300e-01  -4.4807800e-01   1.5890500e-01
   6.1800000e-02   7.9734600e-01   2.0039000e-01   5.6591800e-01   2.4085700e-01  -4.4400900e-01   1.6424400e-01
   5.2644000e-02   8.0492800e-01   1.7710800e-01   5.6387200e-01   2.4273400e-01  -4.3550000e-01   1.7458500e-01
   4.2635000e-02   8.1097700e-01   1.5437800e-01   5.6273100e-01   2.4390400e-01  -4.2645000e-01   1.8453500e-01
   3.3800000e-02   8.1602000e-01   1.3022500e-01   5.6214800e-01   2.4440300e-01  -4.1707000e-01   1.9391300e-01
   2.4136000e-02   8.1954400e-01   1.0795600e-01   5.6223700e-01   2.4420500e-01  -4.0747000e-01   2.0267200e-01
   1.4561000e-02   8.2189800e-01   8.6847000e-02   5.6278700e-01   2.4334200e-01  -3.9780500e-01   2.1074900e-01
   4.9280000e-03   8.2319200e-01   6.7359000e-02   5.6373200e-01   2.4185000e-01  -3.8816900e-01   2.1814300e-01
   1.0800000e-04   8.2349500e-01   5.8197000e-02   5.6433100e-01   2.4088400e-01  -3.8337300e-01   2.2159600e-01
  -1.0321000e-02   8.2345900e-01   4.2155000e-02   5.6571400e-01   2.3853600e-01  -3.7382900e-01   2.2805100e-01
  -2.1012000e-02   8.2278800e-01   2.8118000e-02   5.6726400e-01   2.3566200e-01  -3.6439800e-01   2.3391100e-01
  -3.0399000e-02   8.2169900e-01   1.3971000e-02   5.6893900e-01   2.3236400e-01  -3.5516600e-01   2.3917700e-01
  -3.7366000e-02   8.2021600e-01  -2.0290000e-03   5.7082900e-01   2.2872600e-01  -3.4613800e-01   2.4388800e-01
  -4.3750000e-02   8.1833600e-01  -1.7539000e-02   5.7280400e-01   2.2469100e-01  -3.3715900e-01   2.4816300e-01
  -5.0723000e-02   8.1596600e-01  -3.0767000e-02   5.7504800e-01   2.2042700e-01  -3.2850600e-01   2.5185900e-01
  -5.3973000e-02   8.1464900e-01  -3.7116000e-02   5.7624300e-01   2.1824500e-01  -3.2432600e-01   2.5349800e-01
  -6.2529000e-02   8.1036000e-01  -5.5779000e-02   5.7991000e-01   2.1155600e-01  -3.1220500e-01   2.5774500e-01
  -6.7395000e-02   8.0906400e-01  -5.8577000e-02   5.8089700e-01   2.0929600e-01  -3.0830300e-01   2.5894900e-01
  -7.3580000e-02   8.0596500e-01  -6.8135000e-02   5.8340700e-01   2.0480500e-01  -3.0088500e-01   2.6098700e-01
  -7.9940000e-02   8.0266200e-01  -7.6708000e-02   5.8605400e-01   2.0022600e-01  -2.9370500e-01   2.6264900e-01
  -8.2563000e-02   8.0090600e-01  -8.1360000e-02   5.8746300e-01   1.9795400e-01  -2.9025700e-01   2.6333900e-01
  -8.6738000e-02   7.9728000e-01  -9.1139000e-02   5.9035100e-01   1.9353400e-01  -2.8371500e-01   2.6445900e-01
  -9.1052000e-02   7.9373000e-01  -9.9493000e-02   5.9313000e-01   1.8932100e-01  -2.7767300e-01   2.6526300e-01
  -9.6495000e-02   7.9048700e-01  -1.0515400e-01   5.9561800e-01   1.8532000e-01  -2.7213000e-01   2.6579400e-01
  -9.9669000e-02   7.8896000e-01  -1.0703400e-01   5.9678400e-01   1.8336700e-01  -2.6952100e-01   2.6596500e-01
  -1.0554900e-01   7.8592400e-01  -1.1073000e-01   5.9910100e-01   1.7958900e-01  -2.6460900e-01   2.6615300e-01
  -1.1019100e-01   7.8271700e-01  -1.1526100e-01   6.0160300e-01   1.7587900e-01  -2.6003000e-01   2.6614900e-01
  -1.1506200e-01   7.7982700e-01  -1.1836800e-01   6.0383700e-01   1.7237700e-01  -2.5589000e-01   2.6599900e-01
  -1.2113600e-01   7.7752800e-01  -1.1876600e-01   6.0553400e-01   1.6908700e-01  -2.5216400e-01   2.6574300e-01
  -1.2376800e-01   7.7641200e-01  -1.1911600e-01   6.0636400e-01   1.6750300e-01  -2.5043200e-01   2.6558100e-01
  -1.2651000e-01   7.7386600e-01  -1.2230700e-01   6.0841300e-01   1.6443000e-01  -2.4723100e-01   2.6518800e-01
  -1.2557600e-01   7.7082900e-01  -1.2911900e-01   6.1105000e-01   1.6152400e-01  -2.4440900e-01   2.6472300e-01
  -1.2435600e-01   7.6796700e-01  -1.3531000e-01   6.1355800e-01   1.5878500e-01  -2.4192200e-01   2.6421000e-01
  -1.2548500e-01   7.6589000e-01  -1.3773600e-01   6.1538200e-01   1.5622300e-01  -2.3972400e-01   2.6367500e-01
  -1.2616800e-01   7.6398000e-01  -1.4005700e-01   6.1709000e-01   1.5384200e-01  -2.3776500e-01   2.6313700e-01
  -1.2488900e-01   7.6184100e-01  -1.4427200e-01   6.1902100e-01   1.5161200e-01  -2.3599200e-01   2.6260200e-01
  -1.2317600e-01   7.5978900e-01  -1.4864700e-01   6.2084800e-01   1.4955300e-01  -2.3435900e-01   2.6208900e-01
  -1.2223400e-01   7.5810300e-01  -1.5174400e-01   6.2234400e-01   1.4767400e-01  -2.3287000e-01   2.6160400e-01
  -1.2200200e-01   7.5673400e-01  -1.5375900e-01   6.2356000e-01   1.4595000e-01  -2.3149200e-01   2.6114600e-01
  -1.2245600e-01   7.5622800e-01  -1.5403200e-01   6.2401700e-01   1.4514100e-01  -2.3083800e-01   2.6092700e-01
  -1.2317200e-01   7.5520400e-01  -1.5479200e-01   6.2492800e-01   1.4363000e-01  -2.2960500e-01   2.6050400e-01
  -1.2474700e-01   7.5445400e-01  -1.5454300e-01   6.2558300e-01   1.4227000e-01  -2.2844100e-01   2.6011300e-01
  -1.2562100e-01   7.5355300e-01  -1.5509900e-01   6.2635600e-01   1.4103500e-01  -2.2734500e-01   2.5983300e-01
  -1.2432500e-01   7.5080900e-01  -1.5600200e-01   6.2967700e-01   1.3902100e-01  -2.2662800e-01   2.6109200e-01
  -1.2255200e-01   7.4764300e-01  -1.5684000e-01   6.3357100e-01   1.3687100e-01  -2.2599000e-01   2.6284600e-01
  -1.2139800e-01   7.4470800e-01  -1.5677800e-01   6.3725400e-01   1.3477700e-01  -2.2537900e-01   2.6462800e-01
  -1.2094400e-01   7.4210800e-01  -1.5588400e-01   6.4058500e-01   1.3281000e-01  -2.2478100e-01   2.6636900e-01
  -1.2087100e-01   7.4090900e-01  -1.5526700e-01   6.4213400e-01   1.3188100e-01  -2.2449100e-01   2.6721800e-01
  -1.1937900e-01   7.3832000e-01  -1.5558200e-01   6.4531100e-01   1.3011600e-01  -2.2394200e-01   2.6883100e-01
  -1.1750500e-01   7.3580700e-01  -1.5626900e-01   6.4835200e-01   1.2844100e-01  -2.2341100e-01   2.7036600e-01
  -1.1613100e-01   7.3360500e-01  -1.5627200e-01   6.5108800e-01   1.2684800e-01  -2.2290300e-01   2.7182500e-01
  -1.1591700e-01   7.3268200e-01  -1.5567700e-01   6.5230800e-01   1.2608100e-01  -2.2266400e-01   2.7254400e-01
  -1.1607700e-01   7.3187100e-01  -1.5465000e-01   6.5343300e-01   1.2533200e-01  -2.2244000e-01   2.7324500e-01
  -1.1590700e-01   7.3014800e-01  -1.5316300e-01   6.5573600e-01   1.2387400e-01  -2.2204300e-01   2.7457800e-01
  -1.1479100e-01   7.2820800e-01  -1.5264800e-01   6.5820600e-01   1.2242200e-01  -2.2172000e-01   2.7583900e-01
  -1.1308100e-01   7.2620800e-01  -1.5281100e-01   6.6066900e-01   1.2105400e-01  -2.2147100e-01   2.7699300e-01
  -1.1232800e-01   7.2527000e-01  -1.5280000e-01   6.6183000e-01   1.2040800e-01  -2.2137700e-01   2.7752100e-01
  -1.1247600e-01   7.2385700e-01  -1.5102800e-01   6.6375500e-01   1.1919800e-01  -2.2125000e-01   2.7847100e-01
  -1.1185600e-01   7.2235800e-01  -1.5022800e-01   6.6567200e-01   1.1808900e-01  -2.2118200e-01   2.7929000e-01
  -1.1027800e-01   7.2075400e-01  -1.5054000e-01   6.6760000e-01   1.1707100e-01  -2.2115100e-01   2.8001900e-01
  -1.0908300e-01   7.1937100e-01  -1.5046800e-01   6.6930200e-01   1.1613300e-01  -2.2114500e-01   2.8066100e-01
  -1.0865100e-01   7.1828700e-01  -1.4964800e-01   6.7071900e-01   1.1528100e-01  -2.2114800e-01   2.8123600e-01
  -1.0890900e-01   7.1788700e-01  -1.4876200e-01   6.7130200e-01   1.1488200e-01  -2.2115500e-01   2.8149600e-01
  -1.0851300e-01   7.1696000e-01  -1.4801200e-01   6.7252200e-01   1.1413400e-01  -2.2117400e-01   2.8197300e-01
  -1.0780900e-01   7.1603600e-01  -1.4766800e-01   6.7369500e-01   1.1346200e-01  -2.2120900e-01   2.8241600e-01
  -1.0707600e-01   7.1518100e-01  -1.4739000e-01   6.7477900e-01   1.1286000e-01  -2.2125800e-01   2.8284600e-01
  -1.0692900e-01   7.1481500e-01  -1.4704800e-01   6.7526400e-01   1.1258200e-01  -2.2128000e-01   2.8306600e-01
  -1.0686700e-01   7.1412700e-01  -1.4618600e-01   6.7618900e-01   1.1206200e-01  -2.2132200e-01   2.8352400e-01
  -1.0668400e-01   7.1338900e-01  -1.4552000e-01   6.7714100e-01   1.1156400e-01  -2.2136000e-01   2.8399600e-01
  -1.0589400e-01   7.1251800e-01  -1.4553600e-01   6.7817700e-01   1.1107900e-01  -2.2138500e-01   2.8447300e-01
  -1.0526900e-01   7.1171400e-01  -1.4533900e-01   6.7916000e-01   1.1059800e-01  -2.2140300e-01   2.8495900e-01
  -1.0489000e-01   7.1097900e-01  -1.4489400e-01   6.8008300e-01   1.1012900e-01  -2.2141500e-01   2.8544400e-01
  -1.0476300e-01   7.1025600e-01  -1.4428300e-01   6.8098800e-01   1.0967800e-01  -2.2142400e-01   2.8593200e-01
  -1.0460300e-01   7.0988200e-01  -1.4408100e-01   6.8144400e-01   1.0945300e-01  -2.2142300e-01   2.8617300e-01
  -1.0434900e-01   7.0917300e-01  -1.4361900e-01   6.8231900e-01   1.0900900e-01  -2.2140700e-01   2.8664600e-01
  -1.0404100e-01   7.0847400e-01  -1.4325500e-01   6.8316800e-01   1.0857200e-01  -2.2137400e-01   2.8710200e-01
  -1.0363000e-01   7.0778300e-01  -1.4304700e-01   6.8399000e-01   1.0815300e-01  -2.2133100e-01   2.8753100e-01
  -1.0324500e-01   7.0715800e-01  -1.4288500e-01   6.8472700e-01   1.0778300e-01  -2.2128200e-01   2.8793300e-01
  -1.0292500e-01   7.0662500e-01  -1.4275300e-01   6.8535300e-01   1.0747700e-01  -2.2122400e-01   2.8830100e-01
  -1.0288100e-01   7.0641200e-01  -1.4258600e-01   6.8561400e-01   1.0734300e-01  -2.2118600e-01   2.8848500e-01
  -1.0308100e-01   7.0610200e-01  -1.4199800e-01   6.8602600e-01   1.0711700e-01  -2.2110600e-01   2.8883900e-01
  -1.0300900e-01   7.0578700e-01  -1.4177000e-01   6.8640800e-01   1.0694200e-01  -2.2102300e-01   2.8917100e-01
  -1.0299300e-01   7.0553800e-01  -1.4155900e-01   6.8670900e-01   1.0681900e-01  -2.2093900e-01   2.8948400e-01
  -1.0296200e-01   7.0542900e-01  -1.4150900e-01   6.8683600e-01   1.0677700e-01  -2.2089200e-01   2.8963300e-01
  -1.0287600e-01   7.0523900e-01  -1.4144900e-01   6.8705700e-01   1.0671600e-01  -2.2080500e-01   2.8992000e-01
  -1.0290700e-01   7.0511000e-01  -1.4132600e-01   6.8721000e-01   1.0669000e-01  -2.2071100e-01   2.9019400e-01
  -1.0304100e-01   7.0503800e-01  -1.4110600e-01   6.8730900e-01   1.0667900e-01  -2.2062000e-01   2.9044800e-01
  -1.0300900e-01   7.0494600e-01  -1.4106800e-01   6.8741500e-01   1.0667600e-01  -2.2052900e-01   2.9069000e-01
  -1.0263900e-01   7.0477300e-01  -1.4135600e-01   6.8758900e-01   1.0666500e-01  -2.2044900e-01   2.9093100e-01
  -1.0220000e-01   7.0459800e-01  -1.4166200e-01   6.8777100e-01   1.0663800e-01  -2.2038300e-01   2.9115200e-01
  -1.0211000e-01   7.0452900e-01  -1.4165600e-01   6.8785700e-01   1.0660900e-01  -2.2035200e-01   2.9126100e-01
  -1.0196300e-01   7.0438300e-01  -1.4156200e-01   6.8804700e-01   1.0652200e-01  -2.2029100e-01   2.9147600e-01
  -1.0164000e-01   7.0418700e-01  -1.4162100e-01   6.8828300e-01   1.0641200e-01  -2.2023500e-01   2.9168300e-01
  -1.0154500e-01   7.0402600e-01  -1.4138900e-01   6.8850900e-01   1.0627500e-01  -2.2019400e-01   2.9187600e-01
  -1.0154800e-01   7.0389100e-01  -1.4103500e-01   6.8871900e-01   1.0611400e-01  -2.2015200e-01   2.9204300e-01
  -1.0117000e-01   7.0367400e-01  -1.4103600e-01   6.8899600e-01   1.0592800e-01  -2.2011600e-01   2.9219100e-01
  -1.0034300e-01   7.0333400e-01  -1.4147000e-01   6.8937600e-01   1.0571800e-01  -2.2010300e-01   2.9231700e-01
  -9.9952000e-02   7.0315400e-01  -1.4166300e-01   6.8957600e-01   1.0560500e-01  -2.2010100e-01   2.9237500e-01
  -9.9850000e-02   7.0291600e-01  -1.4135200e-01   6.8989700e-01   1.0536600e-01  -2.2011200e-01   2.9247200e-01
  -9.9837000e-02   7.0268000e-01  -1.4099100e-01   6.9021400e-01   1.0511700e-01  -2.2012500e-01   2.9254000e-01
  -9.9874000e-02   7.0257000e-01  -1.4076700e-01   6.9036600e-01   1.0499100e-01  -2.2013500e-01   2.9256500e-01
  -9.9611000e-02   7.0230400e-01  -1.4063900e-01   6.9070100e-01   1.0474900e-01  -2.2017200e-01   2.9260800e-01
  -9.9340000e-02   7.0204300e-01  -1.4054900e-01   6.9102400e-01   1.0451700e-01  -2.2020900e-01   2.9263700e-01
  -9.9093000e-02   7.0181000e-01  -1.4045000e-01   6.9131500e-01   1.0429100e-01  -2.2024400e-01   2.9264700e-01
  -9.8932000e-02   7.0162800e-01  -1.4027100e-01   6.9155900e-01   1.0408100e-01  -2.2027100e-01   2.9265400e-01
  -9.8661000e-02   7.0146100e-01  -1.4020000e-01   6.9178200e-01   1.0387600e-01  -2.2028800e-01   2.9265100e-01
  -9.8547000e-02   7.0134900e-01  -1.3995000e-01   6.9196300e-01   1.0368200e-01  -2.2031900e-01   2.9263800e-01
  -9.8302000e-02   7.0122300e-01  -1.3986500e-01   6.9214200e-01   1.0351100e-01  -2.2035700e-01   2.9261600e-01
  -9.8183000e-02   7.0116700e-01  -1.3982400e-01   6.9222400e-01   1.0343300e-01  -2.2037700e-01   2.9260600e-01
  -9.8058000e-02   7.0110200e-01  -1.3962000e-01   6.9234900e-01   1.0329000e-01  -2.2042000e-01   2.9258800e-01
  -9.7716000e-02   7.0102400e-01  -1.3959600e-01   6.9248000e-01   1.0315700e-01  -2.2047900e-01   2.9255900e-01
  -9.7616000e-02   7.0100700e-01  -1.3950700e-01   6.9253000e-01   1.0309600e-01  -2.2051600e-01   2.9254200e-01
  -9.7557000e-02   7.0100900e-01  -1.3918500e-01   6.9260200e-01   1.0299100e-01  -2.2059800e-01   2.9251400e-01
  -9.7233000e-02   7.0096800e-01  -1.3916900e-01   6.9269100e-01   1.0291000e-01  -2.2067100e-01   2.9250000e-01
  -9.7040000e-02   7.0097400e-01  -1.3900300e-01   6.9274600e-01   1.0284600e-01  -2.2074800e-01   2.9250200e-01
  -9.7035000e-02   7.0104100e-01  -1.3863900e-01   6.9275200e-01   1.0280700e-01  -2.2082700e-01   2.9252000e-01
  -9.6832000e-02   7.0109000e-01  -1.3844100e-01   6.9277000e-01   1.0277300e-01  -2.2091700e-01   2.9253500e-01
  -9.6762000e-02   7.0112200e-01  -1.3831300e-01   6.9277300e-01   1.0275500e-01  -2.2096400e-01   2.9253800e-01
  -9.6387000e-02   7.0115400e-01  -1.3829200e-01   6.9279700e-01   1.0273600e-01  -2.2106000e-01   2.9255100e-01
