   1.3464800e-01   1.5517200e-01   9.0946000e-02   9.7443300e-01  -1.5272300e-01  -2.9415800e-01  -1.6403000e-02
   1.3559700e-01   1.5329500e-01   9.1242000e-02   9.7457100e-01  -1.5324000e-01  -2.9368800e-01  -1.7029000e-02
   1.3867100e-01   1.5026400e-01   9.1592000e-02   9.7457800e-01  -1.5410800e-01  -2.9281000e-01  -1.8204000e-02
   1.3791200e-01   1.4877100e-01   9.2093000e-02   9.7486700e-01  -1.5446300e-01  -2.9242600e-01  -1.8768000e-02
   1.3463400e-01   1.4846100e-01   9.2592000e-02   9.7532500e-01  -1.5446300e-01  -2.9242600e-01  -1.8768000e-02
   1.3448500e-01   1.4717100e-01   9.2955000e-02   9.7550700e-01  -1.5475400e-01  -2.9210000e-01  -1.9336000e-02
   1.3392700e-01   1.4600600e-01   9.3279000e-02   9.7572800e-01  -1.5496300e-01  -2.9183800e-01  -1.9927000e-02
   1.3291300e-01   1.4495400e-01   9.3603000e-02   9.7599200e-01  -1.5509500e-01  -2.9163600e-01  -2.0553000e-02
   1.3071500e-01   1.4394900e-01   9.4103000e-02   9.7639000e-01  -1.5514400e-01  -2.9152200e-01  -2.1217000e-02
   1.2843000e-01   1.4311000e-01   9.4643000e-02   9.7676400e-01  -1.5510000e-01  -2.9151700e-01  -2.1929000e-02
   1.2673500e-01   1.4251900e-01   9.5154000e-02   9.7702200e-01  -1.5495400e-01  -2.9162600e-01  -2.2699000e-02
   1.2630100e-01   1.4225600e-01   9.5581000e-02   9.7707500e-01  -1.5469700e-01  -2.9186700e-01  -2.3537000e-02
   1.2715900e-01   1.4235600e-01   9.5936000e-02   9.7691400e-01  -1.5432100e-01  -2.9223000e-01  -2.4457000e-02
   1.2800100e-01   1.4267600e-01   9.6466000e-02   9.7670500e-01  -1.5382200e-01  -2.9273800e-01  -2.5463000e-02
   1.2845800e-01   1.4319300e-01   9.7236000e-02   9.7649300e-01  -1.5318600e-01  -2.9340200e-01  -2.6568000e-02
   1.2931500e-01   1.4400500e-01   9.8122000e-02   9.7617200e-01  -1.5239900e-01  -2.9422000e-01  -2.7787000e-02
   1.3018900e-01   1.4507900e-01   9.9213000e-02   9.7578700e-01  -1.5144700e-01  -2.9520800e-01  -2.9125000e-02
   1.3035600e-01   1.4635000e-01   1.0064100e-01   9.7542800e-01  -1.5032600e-01  -2.9636000e-01  -3.0578000e-02
   1.3000600e-01   1.4784800e-01   1.0241400e-01   9.7506500e-01  -1.4902500e-01  -2.9768600e-01  -3.2144000e-02
   1.3023200e-01   1.4971600e-01   1.0440300e-01   9.7453800e-01  -1.4752600e-01  -2.9918900e-01  -3.3821000e-02
   1.2932900e-01   1.5177700e-01   1.0694900e-01   9.7406300e-01  -1.4582800e-01  -3.0087800e-01  -3.5592000e-02
   1.3156700e-01   1.5202300e-01   1.0660000e-01   9.7376400e-01  -1.4582800e-01  -3.0087800e-01  -3.5592000e-02
   1.3412600e-01   1.5478200e-01   1.0898900e-01   9.7271500e-01  -1.4392100e-01  -3.0275700e-01  -3.7450000e-02
   1.3523100e-01   1.5770200e-01   1.1202800e-01   9.7174700e-01  -1.4179300e-01  -3.0483100e-01  -3.9388000e-02
   1.3275000e-01   1.6054700e-01   1.1611900e-01   9.7114300e-01  -1.3942500e-01  -3.0710800e-01  -4.1391000e-02
   1.2543000e-01   1.6312600e-01   1.2156400e-01   9.7102000e-01  -1.3680000e-01  -3.0960400e-01  -4.3446000e-02
   1.1367300e-01   1.6542800e-01   1.2840500e-01   9.7119700e-01  -1.3389100e-01  -3.1231100e-01  -4.5564000e-02
   1.0699200e-01   1.6872400e-01   1.3521800e-01   9.7046400e-01  -1.3063700e-01  -3.1532400e-01  -4.7728000e-02
   9.8930000e-02   1.7206100e-01   1.4281800e-01   9.6964500e-01  -1.2710600e-01  -3.1849300e-01  -4.9894000e-02
   9.4650000e-02   1.7627000e-01   1.5034600e-01   9.6817700e-01  -1.2325600e-01  -3.2184400e-01  -5.2034000e-02
   9.3968000e-02   1.8148500e-01   1.5783700e-01   9.6608500e-01  -1.1904800e-01  -3.2538800e-01  -5.4118000e-02
   9.6966000e-02   1.8785400e-01   1.6520500e-01   9.6333600e-01  -1.1445800e-01  -3.2910400e-01  -5.6123000e-02
   1.0194200e-01   1.9521600e-01   1.7274600e-01   9.6003000e-01  -1.0947300e-01  -3.3297700e-01  -5.7999000e-02
   1.0601500e-01   2.0314100e-01   1.8101500e-01   9.5641400e-01  -1.0406500e-01  -3.3701300e-01  -5.9711000e-02
   1.0778100e-01   2.1132500e-01   1.9047600e-01   9.5259900e-01  -9.8291000e-02  -3.4115700e-01  -6.1188000e-02
   1.0737400e-01   2.1962100e-01   2.0085100e-01   9.4862900e-01  -9.2071000e-02  -3.4547100e-01  -6.2496000e-02
   1.0346800e-01   2.2761500e-01   2.1250500e-01   9.4463100e-01  -8.5430000e-02  -3.4996900e-01  -6.3585000e-02
   9.8272000e-02   2.3564000e-01   2.2502700e-01   9.4030800e-01  -7.8384000e-02  -3.5463200e-01  -6.4457000e-02
   9.5059000e-02   2.4445200e-01   2.3760200e-01   9.3528200e-01  -7.0973000e-02  -3.5942900e-01  -6.5073000e-02
   9.2916000e-02   2.5364600e-01   2.5013200e-01   9.2976600e-01  -6.3353000e-02  -3.6422100e-01  -6.5469000e-02
   8.8938000e-02   2.7223200e-01   2.7543100e-01   9.1767000e-01  -4.7712000e-02  -3.7352600e-01  -6.5709000e-02
   8.6364000e-02   2.8158700e-01   2.8812500e-01   9.1117200e-01  -3.9609000e-02  -3.7804300e-01  -6.5542000e-02
   8.3583000e-02   2.9101800e-01   3.0077900e-01   9.0435300e-01  -3.1344000e-02  -3.8248300e-01  -6.5168000e-02
   7.9973000e-02   3.0025800e-01   3.1356100e-01   8.9729000e-01  -2.2971000e-02  -3.8679300e-01  -6.4607000e-02
   7.2842000e-02   3.1917800e-01   3.3826600e-01   8.8226700e-01  -5.8160000e-03  -3.9508600e-01  -6.2913000e-02
   7.2842000e-02   3.1917800e-01   3.3826600e-01   8.8226700e-01  -5.8160000e-03  -3.9508600e-01  -6.2913000e-02
   7.2842000e-02   3.1917800e-01   3.3826600e-01   8.8226700e-01  -5.8160000e-03  -3.9508600e-01  -6.2913000e-02
   7.2842000e-02   3.1917800e-01   3.3826600e-01   8.8226700e-01  -5.8160000e-03  -3.9508600e-01  -6.2913000e-02
   7.2842000e-02   3.1917800e-01   3.3826600e-01   8.8226700e-01  -5.8160000e-03  -3.9508600e-01  -6.2913000e-02
   7.2842000e-02   3.1917800e-01   3.3826600e-01   8.8226700e-01  -5.8160000e-03  -3.9508600e-01  -6.2913000e-02
   7.2842000e-02   3.1917800e-01   3.3826600e-01   8.8226700e-01  -5.8160000e-03  -3.9508600e-01  -6.2913000e-02
   7.2842000e-02   3.1917800e-01   3.3826600e-01   8.8226700e-01  -5.8160000e-03  -3.9508600e-01  -6.2913000e-02
   7.2842000e-02   3.1917800e-01   3.3826600e-01   8.8226700e-01  -5.8160000e-03  -3.9508600e-01  -6.2913000e-02
   7.2842000e-02   3.1917800e-01   3.3826600e-01   8.8226700e-01  -5.8160000e-03  -3.9508600e-01  -6.2913000e-02
   7.2842000e-02   3.1917800e-01   3.3826600e-01   8.8226700e-01  -5.8160000e-03  -3.9508600e-01  -6.2913000e-02
   7.2842000e-02   3.1917800e-01   3.3826600e-01   8.8226700e-01  -5.8160000e-03  -3.9508600e-01  -6.2913000e-02
   7.2842000e-02   3.1917800e-01   3.3826600e-01   8.8226700e-01  -5.8160000e-03  -3.9508600e-01  -6.2913000e-02
   7.2842000e-02   3.1917800e-01   3.3826600e-01   8.8226700e-01  -5.8160000e-03  -3.9508600e-01  -6.2913000e-02
   5.1734000e-02   4.5008600e-01   4.6915400e-01   7.5805000e-01   1.2163100e-01  -4.7468400e-01  -2.3798000e-02
   5.1547000e-02   4.6009500e-01   4.7204600e-01   7.5021800e-01   1.2894100e-01  -4.7814400e-01  -1.9567000e-02
   5.1313000e-02   4.7032000e-01   4.7438300e-01   7.4238000e-01   1.3609300e-01  -4.8131000e-01  -1.5143000e-02
   5.0824000e-02   4.8066700e-01   4.7632500e-01   7.3450000e-01   1.4308100e-01  -4.8419000e-01  -1.0496000e-02
   5.0638000e-02   4.9215400e-01   4.7702300e-01   7.2640900e-01   1.5010400e-01  -4.8668900e-01  -5.4380000e-03
   5.1073000e-02   5.0443000e-01   4.7649000e-01   7.1826100e-01   1.5698600e-01  -4.8890200e-01  -1.0000000e-04
   5.1073000e-02   5.0443000e-01   4.7649000e-01   7.1826100e-01   1.5698600e-01  -4.8890200e-01  -1.0000000e-04
   5.0914000e-02   5.1685100e-01   4.7541500e-01   7.1010800e-01   1.6371300e-01  -4.9076900e-01   5.5650000e-03
   5.0908000e-02   5.2985600e-01   4.7328800e-01   7.0189700e-01   1.7021700e-01  -4.9226600e-01   1.1549000e-02
   5.1056000e-02   5.4339300e-01   4.6997700e-01   6.9371400e-01   1.7646100e-01  -4.9338200e-01   1.7844000e-02
   5.4326000e-02   5.5941100e-01   4.6280400e-01   6.8550700e-01   1.8248400e-01  -4.9412000e-01   2.4428000e-02
   5.7699000e-02   5.7579400e-01   4.5397800e-01   6.7752200e-01   1.8821000e-01  -4.9445800e-01   3.1312000e-02
   6.0548000e-02   5.9202900e-01   4.4401900e-01   6.6983800e-01   1.9357600e-01  -4.9437600e-01   3.8489000e-02
   6.2536000e-02   6.0779100e-01   4.3323200e-01   6.6256300e-01   1.9853900e-01  -4.9386300e-01   4.5946000e-02
   6.4849000e-02   6.2377000e-01   4.2054700e-01   6.5562600e-01   2.0307200e-01  -4.9291000e-01   5.3671000e-02
   6.6492000e-02   6.3921400e-01   4.0689800e-01   6.4916700e-01   2.0714000e-01  -4.9150600e-01   6.1646000e-02
   6.6465000e-02   6.5346400e-01   3.9335300e-01   6.4330500e-01   2.1073000e-01  -4.8963800e-01   6.9866000e-02
   6.3946000e-02   6.6600700e-01   3.8101500e-01   6.3810200e-01   2.1382600e-01  -4.8730300e-01   7.8296000e-02
   5.9333000e-02   6.7712100e-01   3.6971200e-01   6.3348200e-01   2.1641700e-01  -4.8449100e-01   8.6911000e-02
   5.2826000e-02   6.8695600e-01   3.5941000e-01   6.2938500e-01   2.1852700e-01  -4.8120000e-01   9.5679000e-02
   4.6182000e-02   6.9653200e-01   3.4834300e-01   6.2559400e-01   2.2019200e-01  -4.7743600e-01   1.0455500e-01
   3.9957000e-02   7.0611300e-01   3.3595700e-01   6.2204600e-01   2.2144100e-01  -4.7320400e-01   1.1349500e-01
   3.4878000e-02   7.1599800e-01   3.2149800e-01   6.1868400e-01   2.2229600e-01  -4.6851800e-01   1.2244200e-01
   3.1100000e-02   7.2614400e-01   3.0480900e-01   6.1549900e-01   2.2278100e-01  -4.6339200e-01   1.3135000e-01
   3.1100000e-02   7.2614400e-01   3.0480900e-01   6.1549900e-01   2.2278100e-01  -4.6339200e-01   1.3135000e-01
   2.8121000e-02   7.3616300e-01   2.8653100e-01   6.1251400e-01   2.2292800e-01  -4.5785000e-01   1.4016600e-01
   2.4582000e-02   7.4533900e-01   2.6839200e-01   6.0977900e-01   2.2275600e-01  -4.5191600e-01   1.4884500e-01
   2.1475000e-02   7.5406800e-01   2.4927100e-01   6.0727600e-01   2.2230500e-01  -4.4562300e-01   1.5733900e-01
   1.7276000e-02   7.6171500e-01   2.3128200e-01   6.0498000e-01   2.2156000e-01  -4.3899300e-01   1.6562000e-01
   1.3443000e-02   7.6885600e-01   2.1281800e-01   6.0281700e-01   2.2054600e-01  -4.3207600e-01   1.7363800e-01
   1.1219000e-02   7.7584600e-01   1.9241000e-01   6.0076200e-01   2.1927100e-01  -4.2490800e-01   1.8136400e-01
   1.0003000e-02   7.8234600e-01   1.7087000e-01   5.9886400e-01   2.1778300e-01  -4.1754500e-01   1.8875900e-01
   8.2530000e-03   7.8787700e-01   1.5034400e-01   5.9714200e-01   2.1610600e-01  -4.1003300e-01   1.9579800e-01
   6.0890000e-03   7.9255900e-01   1.3083000e-01   5.9556400e-01   2.1425500e-01  -4.0241100e-01   2.0247100e-01
   4.5670000e-03   7.9665500e-01   1.1102600e-01   5.9413200e-01   2.1225300e-01  -3.9472800e-01   2.0875900e-01
   4.5960000e-03   8.0028100e-01   8.9761000e-02   5.9285100e-01   2.1011700e-01  -3.8702100e-01   2.1465600e-01
   5.3920000e-03   8.0327100e-01   6.8081000e-02   5.9168500e-01   2.0788900e-01  -3.7931000e-01   2.2017900e-01
   3.2460000e-03   8.0520100e-01   5.1062000e-02   5.9079000e-01   2.0558900e-01  -3.7167900e-01   2.2528200e-01
  -2.4800000e-04   8.0773800e-01   1.8996000e-02   5.8923500e-01   2.0102900e-01  -3.5697400e-01   2.3421800e-01
  -1.3630000e-03   8.0845700e-01   3.6920000e-03   5.8854200e-01   1.9881300e-01  -3.4996900e-01   2.3808900e-01
  -2.7400000e-03   8.0882700e-01  -1.0229000e-02   5.8795100e-01   1.9666200e-01  -3.4324800e-01   2.4157500e-01
  -5.4430000e-03   8.0898900e-01  -2.1353000e-02   5.8741000e-01   1.9457400e-01  -3.3679400e-01   2.4472300e-01
  -1.5489000e-02   8.0902600e-01  -3.4655000e-02   5.8654600e-01   1.9059900e-01  -3.2473200e-01   2.5007200e-01
  -2.0541000e-02   8.0890900e-01  -4.0050000e-02   5.8620800e-01   1.8869800e-01  -3.1911800e-01   2.5232700e-01
  -2.4315000e-02   8.0865500e-01  -4.6432000e-02   5.8594400e-01   1.8685700e-01  -3.1376900e-01   2.5434200e-01
  -2.7038000e-02   8.0825300e-01  -5.3557000e-02   5.8577100e-01   1.8510000e-01  -3.0870000e-01   2.5613500e-01
  -3.0578000e-02   8.0710600e-01  -6.8474000e-02   5.8562500e-01   1.8179000e-01  -2.9930900e-01   2.5915800e-01
  -3.4233000e-02   8.0668100e-01  -7.2448000e-02   5.8553100e-01   1.8022800e-01  -2.9498400e-01   2.6041500e-01
  -3.6693000e-02   8.0607700e-01  -7.7499000e-02   5.8556600e-01   1.7872400e-01  -2.9091600e-01   2.6151300e-01
  -3.9781000e-02   8.0553900e-01  -8.1178000e-02   5.8560600e-01   1.7727600e-01  -2.8707800e-01   2.6247600e-01
  -4.3028000e-02   8.0502000e-01  -8.4178000e-02   5.8566700e-01   1.7588300e-01  -2.8345500e-01   2.6331900e-01
  -4.6689000e-02   8.0212300e-01  -9.0951000e-02   5.8834200e-01   1.7266100e-01  -2.7734200e-01   2.6604300e-01
  -4.9600000e-02   8.0002200e-01  -9.1105000e-02   5.9093500e-01   1.7074500e-01  -2.7483500e-01   2.6810700e-01
  -4.9876000e-02   7.9731500e-01  -9.4273000e-02   5.9406600e-01   1.6877100e-01  -2.7252700e-01   2.7026800e-01
  -5.0640000e-02   7.9459700e-01  -9.6391000e-02   5.9729400e-01   1.6679000e-01  -2.7038000e-01   2.7240500e-01
  -5.3548000e-02   7.8938000e-01  -9.7836000e-02   6.0368800e-01   1.6288400e-01  -2.6649800e-01   2.7644900e-01
  -5.4540000e-02   7.8674900e-01  -9.8759000e-02   6.0687600e-01   1.6098000e-01  -2.6474300e-01   2.7833200e-01
  -5.4657000e-02   7.8405400e-01  -1.0052100e-01   6.1005500e-01   1.5911700e-01  -2.6309300e-01   2.8012700e-01
  -5.4459000e-02   7.8402200e-01  -1.0077500e-01   6.1007200e-01   1.5911700e-01  -2.6309300e-01   2.8012700e-01
  -5.4191000e-02   7.8130500e-01  -1.0276800e-01   6.1324100e-01   1.5728000e-01  -2.6153600e-01   2.8185600e-01
  -5.5031000e-02   7.7879300e-01  -1.0307500e-01   6.1630200e-01   1.5545100e-01  -2.6007000e-01   2.8354200e-01
  -5.5660000e-02   7.7622800e-01  -1.0344000e-01   6.1941200e-01   1.5362800e-01  -2.5870600e-01   2.8518200e-01
  -5.5739000e-02   7.7354600e-01  -1.0425200e-01   6.2261600e-01   1.5180500e-01  -2.5744700e-01   2.8679100e-01
  -5.6032000e-02   7.7088200e-01  -1.0449500e-01   6.2584500e-01   1.4997800e-01  -2.5630600e-01   2.8837800e-01
  -5.6864000e-02   7.6829800e-01  -1.0380400e-01   6.2905500e-01   1.4815200e-01  -2.5527800e-01   2.8993400e-01
  -5.7849000e-02   7.6573700e-01  -1.0268500e-01   6.3226300e-01   1.4633500e-01  -2.5436200e-01   2.9145200e-01
  -5.7860000e-02   7.6301900e-01  -1.0255800e-01   6.3555900e-01   1.4454100e-01  -2.5355300e-01   2.9292500e-01
  -5.7075000e-02   7.6021400e-01  -1.0315800e-01   6.3888600e-01   1.4277600e-01  -2.5283900e-01   2.9435600e-01
  -5.6401000e-02   7.5747800e-01  -1.0345500e-01   6.4214000e-01   1.4105800e-01  -2.5223800e-01   2.9570500e-01
  -5.6677000e-02   7.5495800e-01  -1.0252400e-01   6.4522400e-01   1.3939600e-01  -2.5174000e-01   2.9695400e-01
  -5.7613000e-02   7.5263100e-01  -1.0073300e-01   6.4813600e-01   1.3778900e-01  -2.5133600e-01   2.9809400e-01
  -5.8108000e-02   7.5034300e-01  -9.9378000e-02   6.5094800e-01   1.3624600e-01  -2.5101300e-01   2.9913000e-01
  -5.7908000e-02   7.4805700e-01  -9.8793000e-02   6.5368000e-01   1.3477500e-01  -2.5075900e-01   3.0006500e-01
  -5.7492000e-02   7.4585500e-01  -9.8451000e-02   6.5627900e-01   1.3337700e-01  -2.5056300e-01   3.0089500e-01
  -5.7261000e-02   7.4380000e-01  -9.7894000e-02   6.5871100e-01   1.3204700e-01  -2.5041500e-01   3.0162700e-01
  -5.7371000e-02   7.4381600e-01  -9.7770000e-02   6.5870100e-01   1.3204700e-01  -2.5041500e-01   3.0162700e-01
  -5.7378000e-02   7.4190200e-01  -9.6928000e-02   6.6098000e-01   1.3077700e-01  -2.5031600e-01   3.0227300e-01
  -5.7162000e-02   7.4004800e-01  -9.6309000e-02   6.6316400e-01   1.2955600e-01  -2.5025900e-01   3.0284700e-01
  -5.7159000e-02   7.3830900e-01  -9.5406000e-02   6.6523000e-01   1.2837500e-01  -2.5023800e-01   3.0336500e-01
  -5.7117000e-02   7.3663200e-01  -9.4493000e-02   6.6722000e-01   1.2722500e-01  -2.5024600e-01   3.0384400e-01
  -5.6497000e-02   7.3494300e-01  -9.4156000e-02   6.6918000e-01   1.2610000e-01  -2.5027600e-01   3.0428800e-01
  -5.5683000e-02   7.3330500e-01  -9.3967000e-02   6.7106900e-01   1.2499900e-01  -2.5032200e-01   3.0469600e-01
  -5.5663000e-02   7.3184700e-01  -9.2871000e-02   6.7281200e-01   1.2392000e-01  -2.5037800e-01   3.0507000e-01
  -5.5618000e-02   7.3047000e-01  -9.1791000e-02   6.7445900e-01   1.2287100e-01  -2.5043800e-01   3.0539900e-01
  -5.4523000e-02   7.2903700e-01  -9.1846000e-02   6.7608900e-01   1.2186000e-01  -2.5050300e-01   3.0568900e-01
  -5.2837000e-02   7.2761300e-01  -9.2526000e-02   6.7766300e-01   1.2088500e-01  -2.5057500e-01   3.0593500e-01
  -5.2544000e-02   7.2646800e-01  -9.1737000e-02   6.7902000e-01   1.1996100e-01  -2.5065300e-01   3.0614200e-01
  -5.2948000e-02   7.2551600e-01  -9.0264000e-02   6.8020300e-01   1.1910300e-01  -2.5073100e-01   3.0631100e-01
  -5.2689000e-02   7.2456300e-01  -8.9582000e-02   6.8132800e-01   1.1831000e-01  -2.5080900e-01   3.0644500e-01
  -5.1840000e-02   7.2362300e-01  -8.9633000e-02   6.8238500e-01   1.1759400e-01  -2.5088300e-01   3.0654900e-01
  -5.1302000e-02   7.2280600e-01  -8.9434000e-02   6.8331600e-01   1.1695300e-01  -2.5096400e-01   3.0663100e-01
  -5.1586000e-02   7.2218100e-01  -8.8450000e-02   6.8408300e-01   1.1639100e-01  -2.5104800e-01   3.0669800e-01
  -5.1879000e-02   7.2163400e-01  -8.7523000e-02   6.8475800e-01   1.1590000e-01  -2.5113500e-01   3.0675500e-01
  -5.1685000e-02   7.2109600e-01  -8.7178000e-02   6.8538300e-01   1.1547400e-01  -2.5122000e-01   3.0680300e-01
  -5.1064000e-02   7.2019600e-01  -8.6871000e-02   6.8641400e-01   1.1479500e-01  -2.5138500e-01   3.0689000e-01
  -5.0838000e-02   7.1983300e-01  -8.6698000e-02   6.8683300e-01   1.1452500e-01  -2.5146100e-01   3.0693400e-01
  -5.0942000e-02   7.1955800e-01  -8.6214000e-02   6.8717400e-01   1.1429300e-01  -2.5153300e-01   3.0697400e-01
  -5.0905000e-02   7.1930600e-01  -8.5916000e-02   6.8747800e-01   1.1409100e-01  -2.5159900e-01   3.0701000e-01
  -5.0967000e-02   7.1908900e-01  -8.5538000e-02   6.8774800e-01   1.1390700e-01  -2.5166100e-01   3.0704200e-01
  -5.0723000e-02   7.1865300e-01  -8.5182000e-02   6.8826600e-01   1.1356800e-01  -2.5179400e-01   3.0708700e-01
  -5.0537000e-02   7.1844200e-01  -8.5121000e-02   6.8850700e-01   1.1341000e-01  -2.5185400e-01   3.0709300e-01
  -5.0451000e-02   7.1824200e-01  -8.5001000e-02   6.8873600e-01   1.1325100e-01  -2.5190400e-01   3.0708700e-01
  -5.0635000e-02   7.1807100e-01  -8.4638000e-02   6.8894600e-01   1.1308900e-01  -2.5194900e-01   3.0706700e-01
  -5.1009000e-02   7.1771000e-01  -8.4015000e-02   6.8937000e-01   1.1275100e-01  -2.5201800e-01   3.0699300e-01
  -5.1022000e-02   7.1750000e-01  -8.3933000e-02   6.8959800e-01   1.1257600e-01  -2.5204300e-01   3.0694100e-01
  -5.0702000e-02   7.1724900e-01  -8.4239000e-02   6.8984600e-01   1.1239700e-01  -2.5205900e-01   3.0687100e-01
  -5.0588000e-02   7.1701300e-01  -8.4349000e-02   6.9008500e-01   1.1221000e-01  -2.5206900e-01   3.0679900e-01
  -5.1122000e-02   7.1685200e-01  -8.3804000e-02   6.9028000e-01   1.1202000e-01  -2.5206800e-01   3.0672600e-01
  -5.1569000e-02   7.1641700e-01  -8.3409000e-02   6.9074600e-01   1.1160800e-01  -2.5204300e-01   3.0657400e-01
  -5.1506000e-02   7.1614500e-01  -8.3524000e-02   6.9101900e-01   1.1138000e-01  -2.5201600e-01   3.0649200e-01
  -5.1591000e-02   7.1589100e-01  -8.3527000e-02   6.9127500e-01   1.1116600e-01  -2.5199700e-01   3.0639800e-01
