   5.3494000e-02   1.3744800e-01   6.0805000e-02   9.8719300e-01  -1.5976600e-01  -2.7724000e-01  -6.2050000e-03
   5.5439000e-02   1.3634700e-01   6.0383000e-02   9.8726400e-01  -1.6016100e-01  -2.7673000e-01  -6.4050000e-03
   5.7700000e-02   1.3546600e-01   5.9878000e-02   9.8728600e-01  -1.6048900e-01  -2.7627700e-01  -6.5780000e-03
   5.8034000e-02   1.3465000e-01   5.9666000e-02   9.8739100e-01  -1.6076100e-01  -2.7588700e-01  -6.7260000e-03
   5.7359000e-02   1.3394500e-01   5.9615000e-02   9.8753000e-01  -1.6097800e-01  -2.7555600e-01  -6.8690000e-03
   5.5445000e-02   1.3327700e-01   5.9766000e-02   9.8772000e-01  -1.6114900e-01  -2.7529100e-01  -7.0170000e-03
   5.3807000e-02   1.3273800e-01   5.9911000e-02   9.8787500e-01  -1.6126300e-01  -2.7511300e-01  -7.1780000e-03
   5.3259000e-02   1.3239300e-01   5.9955000e-02   9.8794800e-01  -1.6131100e-01  -2.7503500e-01  -7.3710000e-03
   5.3489000e-02   1.3224800e-01   5.9949000e-02   9.8795500e-01  -1.6128200e-01  -2.7505600e-01  -7.6250000e-03
   5.4293000e-02   1.3225600e-01   5.9947000e-02   9.8791000e-01  -1.6118200e-01  -2.7518200e-01  -7.9460000e-03
   5.5522000e-02   1.3239700e-01   5.9998000e-02   9.8782000e-01  -1.6101300e-01  -2.7541600e-01  -8.3440000e-03
   5.6471000e-02   1.3259700e-01   6.0210000e-02   9.8772700e-01  -1.6078700e-01  -2.7575300e-01  -8.8100000e-03
   5.7909000e-02   1.3289100e-01   6.0519000e-02   9.8758500e-01  -1.6049800e-01  -2.7620200e-01  -9.3760000e-03
   6.0874000e-02   1.3337300e-01   6.0781000e-02   9.8732600e-01  -1.6014200e-01  -2.7676100e-01  -1.0036000e-02
   6.4330000e-02   1.3394500e-01   6.1115000e-02   9.8700800e-01  -1.5971700e-01  -2.7742900e-01  -1.0809000e-02
   6.8168000e-02   1.3466200e-01   6.1554000e-02   9.8662600e-01  -1.5921700e-01  -2.7819100e-01  -1.1691000e-02
   7.5459000e-02   1.3570400e-01   6.1665000e-02   9.8594500e-01  -1.5863500e-01  -2.7905300e-01  -1.2695000e-02
   7.9916000e-02   1.3673700e-01   6.2262000e-02   9.8541400e-01  -1.5796000e-01  -2.8000100e-01  -1.3806000e-02
   8.0446000e-02   1.3764200e-01   6.3516000e-02   9.8516400e-01  -1.5719300e-01  -2.8103400e-01  -1.5041000e-02
   8.1252000e-02   1.3769400e-01   6.3404000e-02   9.8509800e-01  -1.5719300e-01  -2.8103400e-01  -1.5041000e-02
   8.2177000e-02   1.3871200e-01   6.4703000e-02   9.8479400e-01  -1.5632900e-01  -2.8214900e-01  -1.6424000e-02
   8.1424000e-02   1.3976700e-01   6.6347000e-02   9.8459800e-01  -1.5534400e-01  -2.8336000e-01  -1.7949000e-02
   8.0827000e-02   1.4103900e-01   6.8073000e-02   9.8434800e-01  -1.5421400e-01  -2.8466800e-01  -1.9615000e-02
   8.1169000e-02   1.4259300e-01   6.9809000e-02   9.8397400e-01  -1.5293000e-01  -2.8608600e-01  -2.1415000e-02
   8.1196000e-02   1.4436300e-01   7.1753000e-02   9.8357400e-01  -1.5148200e-01  -2.8761900e-01  -2.3328000e-02
   8.0081000e-02   1.4627700e-01   7.4065000e-02   9.8321100e-01  -1.4986400e-01  -2.8927400e-01  -2.5346000e-02
   7.6316000e-02   1.4823100e-01   7.6991000e-02   9.8299300e-01  -1.4805800e-01  -2.9106500e-01  -2.7456000e-02
   6.9355000e-02   1.5016600e-01   8.0659000e-02   9.8292100e-01  -1.4604800e-01  -2.9300200e-01  -2.9648000e-02
   6.0548000e-02   1.5214900e-01   8.4894000e-02   9.8284200e-01  -1.4382400e-01  -2.9508400e-01  -3.1919000e-02
   5.0913000e-02   1.5426400e-01   8.9621000e-02   9.8263800e-01  -1.4136600e-01  -2.9733600e-01  -3.4253000e-02
   4.0262000e-02   1.5649900e-01   9.4890000e-02   9.8228400e-01  -1.3865700e-01  -2.9975100e-01  -3.6635000e-02
   3.0259000e-02   1.5904200e-01   1.0052300e-01   9.8167500e-01  -1.3567400e-01  -3.0234800e-01  -3.9039000e-02
   2.3424000e-02   1.6219700e-01   1.0617700e-01   9.8075000e-01  -1.3240400e-01  -3.0513100e-01  -4.1435000e-02
   1.9694000e-02   1.6595400e-01   1.1188100e-01   9.7956800e-01  -1.2884600e-01  -3.0809600e-01  -4.3830000e-02
   2.1621000e-02   1.7069300e-01   1.1719700e-01   9.7809100e-01  -1.2498700e-01  -3.1124400e-01  -4.6189000e-02
   2.0471000e-02   1.7544000e-01   1.2367100e-01   9.7647700e-01  -1.2084300e-01  -3.1455700e-01  -4.8461000e-02
   1.7916000e-02   1.7511600e-01   1.2413000e-01   9.7652700e-01  -1.2084300e-01  -3.1455700e-01  -4.8461000e-02
   1.8527000e-02   1.8048400e-01   1.3090800e-01   9.7465100e-01  -1.1637400e-01  -3.1805100e-01  -5.0618000e-02
   1.4982000e-02   1.9166500e-01   1.4716800e-01   9.7024800e-01  -1.0648400e-01  -3.2551200e-01  -5.4546000e-02
   1.1965000e-02   1.9752600e-01   1.5642900e-01   9.6766200e-01  -1.0106000e-01  -3.2951600e-01  -5.6246000e-02
   8.3280000e-03   2.0344700e-01   1.6619000e-01   9.6484200e-01  -9.5376000e-02  -3.3360300e-01  -5.7780000e-02
   5.1010000e-03   2.0953300e-01   1.7619100e-01   9.6178300e-01  -8.9492000e-02  -3.3773800e-01  -5.9121000e-02
  -3.4340000e-03   2.2156700e-01   1.9741200e-01   9.5494800e-01  -7.7112000e-02  -3.4606300e-01  -6.1272000e-02
  -9.0100000e-03   2.2733500e-01   2.0874000e-01   9.5113900e-01  -7.0683000e-02  -3.5022500e-01  -6.2075000e-02
  -1.4090000e-02   2.3315100e-01   2.2022200e-01   9.4707200e-01  -6.4113000e-02  -3.5439700e-01  -6.2707000e-02
  -1.8246000e-02   2.3920100e-01   2.3163300e-01   9.4276000e-01  -5.7381000e-02  -3.5856200e-01  -6.3162000e-02
  -2.4462000e-02   2.5204800e-01   2.5425100e-01   9.3339700e-01  -4.3480000e-02  -3.6682800e-01  -6.3483000e-02
  -2.7491000e-02   2.5869000e-01   2.6568700e-01   9.2829600e-01  -3.6283000e-02  -3.7094100e-01  -6.3341000e-02
  -3.1630000e-02   2.6511800e-01   2.7745300e-01   9.2289300e-01  -2.8929000e-02  -3.7503700e-01  -6.3003000e-02
  -3.1630000e-02   2.6511800e-01   2.7745300e-01   9.2289300e-01  -2.8929000e-02  -3.7503700e-01  -6.3003000e-02
  -3.1630000e-02   2.6511800e-01   2.7745300e-01   9.2289300e-01  -2.8929000e-02  -3.7503700e-01  -6.3003000e-02
  -3.1630000e-02   2.6511800e-01   2.7745300e-01   9.2289300e-01  -2.8929000e-02  -3.7503700e-01  -6.3003000e-02
  -3.1630000e-02   2.6511800e-01   2.7745300e-01   9.2289300e-01  -2.8929000e-02  -3.7503700e-01  -6.3003000e-02
  -3.1630000e-02   2.6511800e-01   2.7745300e-01   9.2289300e-01  -2.8929000e-02  -3.7503700e-01  -6.3003000e-02
  -3.1630000e-02   2.6511800e-01   2.7745300e-01   9.2289300e-01  -2.8929000e-02  -3.7503700e-01  -6.3003000e-02
  -3.1630000e-02   2.6511800e-01   2.7745300e-01   9.2289300e-01  -2.8929000e-02  -3.7503700e-01  -6.3003000e-02
  -3.1630000e-02   2.6511800e-01   2.7745300e-01   9.2289300e-01  -2.8929000e-02  -3.7503700e-01  -6.3003000e-02
  -3.1630000e-02   2.6511800e-01   2.7745300e-01   9.2289300e-01  -2.8929000e-02  -3.7503700e-01  -6.3003000e-02
  -3.1630000e-02   2.6511800e-01   2.7745300e-01   9.2289300e-01  -2.8929000e-02  -3.7503700e-01  -6.3003000e-02
  -3.1630000e-02   2.6511800e-01   2.7745300e-01   9.2289300e-01  -2.8929000e-02  -3.7503700e-01  -6.3003000e-02
  -3.1630000e-02   2.6511800e-01   2.7745300e-01   9.2289300e-01  -2.8929000e-02  -3.7503700e-01  -6.3003000e-02
  -3.1630000e-02   2.6511800e-01   2.7745300e-01   9.2289300e-01  -2.8929000e-02  -3.7503700e-01  -6.3003000e-02
  -3.1630000e-02   2.6511800e-01   2.7745300e-01   9.2289300e-01  -2.8929000e-02  -3.7503700e-01  -6.3003000e-02
  -3.1630000e-02   2.6511800e-01   2.7745300e-01   9.2289300e-01  -2.8929000e-02  -3.7503700e-01  -6.3003000e-02
  -3.1630000e-02   2.6511800e-01   2.7745300e-01   9.2289300e-01  -2.8929000e-02  -3.7503700e-01  -6.3003000e-02
  -3.1630000e-02   2.6511800e-01   2.7745300e-01   9.2289300e-01  -2.8929000e-02  -3.7503700e-01  -6.3003000e-02
  -3.1630000e-02   2.6511800e-01   2.7745300e-01   9.2289300e-01  -2.8929000e-02  -3.7503700e-01  -6.3003000e-02
  -3.1630000e-02   2.6511800e-01   2.7745300e-01   9.2289300e-01  -2.8929000e-02  -3.7503700e-01  -6.3003000e-02
  -3.1630000e-02   2.6511800e-01   2.7745300e-01   9.2289300e-01  -2.8929000e-02  -3.7503700e-01  -6.3003000e-02
  -3.1630000e-02   2.6511800e-01   2.7745300e-01   9.2289300e-01  -2.8929000e-02  -3.7503700e-01  -6.3003000e-02
  -2.1071000e-02   4.5095100e-01   4.6819300e-01   7.5960100e-01   1.3429400e-01  -4.7791100e-01   2.3470000e-03
  -1.8495000e-02   4.6661700e-01   4.6757300e-01   7.5053400e-01   1.4036500e-01  -4.7987600e-01   9.6760000e-03
  -1.1176000e-02   4.7115400e-01   4.6300100e-01   7.5067900e-01   1.4036500e-01  -4.7987600e-01   9.6760000e-03
  -8.2320000e-03   4.8771800e-01   4.6021400e-01   7.4179900e-01   1.4615000e-01  -4.8136700e-01   1.7448000e-02
  -5.3540000e-03   5.0494000e-01   4.5560500e-01   7.3309600e-01   1.5162800e-01  -4.8231200e-01   2.5681000e-02
  -2.1830000e-03   5.2292600e-01   4.4886500e-01   7.2461300e-01   1.5675300e-01  -4.8268100e-01   3.4347000e-02
   2.0080000e-03   5.4200900e-01   4.3936700e-01   7.1636500e-01   1.6149300e-01  -4.8244800e-01   4.3421000e-02
   7.8800000e-03   5.6242600e-01   4.2642200e-01   7.0836300e-01   1.6581600e-01  -4.8158800e-01   5.2873000e-02
   1.5600000e-02   5.8405400e-01   4.0967800e-01   7.0057200e-01   1.6971600e-01  -4.8008400e-01   6.2664000e-02
   2.3362000e-02   6.0558000e-01   3.9048400e-01   6.9300100e-01   1.7316600e-01  -4.7791000e-01   7.2757000e-02
   3.1226000e-02   6.2680300e-01   3.6883900e-01   6.8563900e-01   1.7615500e-01  -4.7505600e-01   8.3089000e-02
   3.8317000e-02   6.4703400e-01   3.4566100e-01   6.7852600e-01   1.7867700e-01  -4.7151600e-01   9.3589000e-02
   4.5109000e-02   6.6633000e-01   3.2060100e-01   6.7170200e-01   1.8076800e-01  -4.6730200e-01   1.0418500e-01
   5.1013000e-02   6.8421900e-01   2.9447800e-01   6.6522500e-01   1.8243100e-01  -4.6243200e-01   1.1478500e-01
   5.4653000e-02   7.0003700e-01   2.6908000e-01   6.5921000e-01   1.8365500e-01  -4.5692300e-01   1.2531400e-01
   5.5367000e-02   7.1360500e-01   2.4557500e-01   6.5375500e-01   1.8443300e-01  -4.5080400e-01   1.3569400e-01
   5.4089000e-02   7.2540800e-01   2.2339200e-01   6.4880900e-01   1.8479700e-01  -4.4412600e-01   1.4584600e-01
   5.4089000e-02   7.2540800e-01   2.2339200e-01   6.4880900e-01   1.8479700e-01  -4.4412600e-01   1.4584600e-01
   5.1551000e-02   7.3576800e-01   2.0202100e-01   6.4434100e-01   1.8482800e-01  -4.3697000e-01   1.5568100e-01
   4.9867000e-02   7.5431300e-01   1.5453100e-01   6.3611800e-01   1.8388900e-01  -4.2141700e-01   1.7422000e-01
   4.6517000e-02   7.6131300e-01   1.3379500e-01   6.3272200e-01   1.8299900e-01  -4.1319000e-01   1.8279600e-01
   4.3359000e-02   7.6744400e-01   1.1351900e-01   6.2949400e-01   1.8192500e-01  -4.0483500e-01   1.9082300e-01
   3.6110000e-02   7.7696500e-01   7.6716000e-02   6.2380800e-01   1.7942800e-01  -3.8814600e-01   2.0511300e-01
   3.2916000e-02   7.8066800e-01   5.9277000e-02   6.2125800e-01   1.7806500e-01  -3.7993800e-01   2.1139900e-01
   3.0263000e-02   7.8379300e-01   4.2246000e-02   6.1884500e-01   1.7665200e-01  -3.7187800e-01   2.1715000e-01
   2.7085000e-02   7.8629300e-01   2.6906000e-02   6.1667400e-01   1.7519500e-01  -3.6399800e-01   2.2238900e-01
   2.4008000e-02   7.8834500e-01   1.2465000e-02   6.1463900e-01   1.7372800e-01  -3.5631100e-01   2.2716600e-01
   1.7256000e-02   7.9124300e-01  -1.2738000e-02   6.1112500e-01   1.7079000e-01  -3.4163000e-01   2.3541200e-01
   1.4400000e-02   7.9220300e-01  -2.4594000e-02   6.0959100e-01   1.6933800e-01  -3.3467000e-01   2.3894200e-01
   1.1936000e-02   7.9291700e-01  -3.6059000e-02   6.0814400e-01   1.6791300e-01  -3.2795100e-01   2.4213600e-01
   8.9600000e-03   7.9343400e-01  -4.6011000e-02   6.0684800e-01   1.6652100e-01  -3.2150800e-01   2.4500200e-01
   5.2770000e-03   7.9387600e-01  -5.4217000e-02   6.0563500e-01   1.6517000e-01  -3.1531700e-01   2.4758700e-01
  -5.3850000e-03   7.9491000e-01  -6.3899000e-02   6.0332900e-01   1.6257800e-01  -3.0366300e-01   2.5201600e-01
  -9.3060000e-03   7.9522600e-01  -6.9462000e-02   6.0224900e-01   1.6134700e-01  -2.9822300e-01   2.5389200e-01
  -1.1963000e-02   7.9529800e-01  -7.6049000e-02   6.0131000e-01   1.6013700e-01  -2.9304400e-01   2.5555200e-01
  -1.4054000e-02   7.9524800e-01  -8.2766000e-02   6.0044400e-01   1.5897000e-01  -2.8810100e-01   2.5703600e-01
  -1.5670000e-02   7.9503800e-01  -8.9575000e-02   5.9970400e-01   1.5782300e-01  -2.8339200e-01   2.5834400e-01
  -1.7173000e-02   7.9474300e-01  -9.6026000e-02   5.9905600e-01   1.5668700e-01  -2.7888400e-01   2.5950400e-01
  -2.0040000e-02   7.9407500e-01  -1.0756100e-01   5.9789100e-01   1.5448200e-01  -2.7043000e-01   2.6145100e-01
  -2.1067000e-02   7.9358100e-01  -1.1314200e-01   5.9748100e-01   1.5338800e-01  -2.6652800e-01   2.6222800e-01
  -2.1369000e-02   7.9286100e-01  -1.1928800e-01   5.9723200e-01   1.5232100e-01  -2.6287000e-01   2.6288000e-01
  -2.0781000e-02   7.9190700e-01  -1.2614900e-01   5.9710700e-01   1.5127500e-01  -2.5944500e-01   2.6342500e-01
  -2.0781000e-02   7.9190700e-01  -1.2614900e-01   5.9710700e-01   1.5127500e-01  -2.5944500e-01   2.6342500e-01
  -2.0207000e-02   7.9089900e-01  -1.3253700e-01   5.9708000e-01   1.5023400e-01  -2.5623500e-01   2.6386900e-01
  -2.0625000e-02   7.9007000e-01  -1.3715100e-01   5.9712100e-01   1.4918100e-01  -2.5322700e-01   2.6421800e-01
  -2.1288000e-02   7.8929700e-01  -1.4099400e-01   5.9722600e-01   1.4812200e-01  -2.5040600e-01   2.6448700e-01
  -2.2100000e-02   7.8856300e-01  -1.4420700e-01   5.9739800e-01   1.4706300e-01  -2.4777800e-01   2.6468200e-01
  -2.3013000e-02   7.8788000e-01  -1.4686300e-01   5.9761800e-01   1.4601800e-01  -2.4533900e-01   2.6481400e-01
  -2.3848000e-02   7.8720900e-01  -1.4921400e-01   5.9788600e-01   1.4499000e-01  -2.4309000e-01   2.6489000e-01
  -2.4396000e-02   7.8649400e-01  -1.5155300e-01   5.9821700e-01   1.4397600e-01  -2.4102400e-01   2.6491300e-01
  -2.4222000e-02   7.8563500e-01  -1.5445000e-01   5.9861200e-01   1.4298100e-01  -2.3913500e-01   2.6489400e-01
  -2.3422000e-02   7.8465900e-01  -1.5778300e-01   5.9905400e-01   1.4201000e-01  -2.3741800e-01   2.6483800e-01
  -2.2333000e-02   7.8366000e-01  -1.6110700e-01   5.9951900e-01   1.4106200e-01  -2.3586300e-01   2.6475200e-01
  -2.0887000e-02   7.8262000e-01  -1.6451300e-01   6.0000500e-01   1.4013500e-01  -2.3446300e-01   2.6463900e-01
  -1.9410000e-02   7.8162700e-01  -1.6762500e-01   6.0048700e-01   1.3924100e-01  -2.3321000e-01   2.6450700e-01
  -1.7823000e-02   7.8022900e-01  -1.7004200e-01   6.0167400e-01   1.3814000e-01  -2.3216900e-01   2.6482900e-01
  -1.5885000e-02   7.7813800e-01  -1.7190800e-01   6.0390200e-01   1.3670900e-01  -2.3135500e-01   2.6579100e-01
  -1.5548000e-02   7.7620100e-01  -1.7115500e-01   6.0661100e-01   1.3511700e-01  -2.3069000e-01   2.6705800e-01
  -1.5340000e-02   7.7418500e-01  -1.6996000e-01   6.0952100e-01   1.3348000e-01  -2.3012800e-01   2.6844500e-01
  -1.4849000e-02   7.7203400e-01  -1.6897400e-01   6.1252800e-01   1.3183600e-01  -2.2964600e-01   2.6986700e-01
  -1.3626000e-02   7.6966900e-01  -1.6881600e-01   6.1556900e-01   1.3020300e-01  -2.2922600e-01   2.7128100e-01
  -1.3391000e-02   7.6960400e-01  -1.6911000e-01   6.1557500e-01   1.3020300e-01  -2.2922600e-01   2.7128100e-01
  -1.1885000e-02   7.6716700e-01  -1.6922200e-01   6.1860900e-01   1.2859100e-01  -2.2885700e-01   2.7268000e-01
  -1.1285000e-02   7.6496100e-01  -1.6819400e-01   6.2162600e-01   1.2700700e-01  -2.2854000e-01   2.7406600e-01
  -1.1073000e-02   7.6287500e-01  -1.6664000e-01   6.2460400e-01   1.2543600e-01  -2.2826100e-01   2.7540700e-01
  -1.0242000e-02   7.6063600e-01  -1.6579300e-01   6.2756700e-01   1.2387100e-01  -2.2801000e-01   2.7670900e-01
  -9.1540000e-03   7.5835900e-01  -1.6518300e-01   6.3049400e-01   1.2231700e-01  -2.2779000e-01   2.7797100e-01
  -7.9440000e-03   7.5607000e-01  -1.6463200e-01   6.3339700e-01   1.2076500e-01  -2.2760300e-01   2.7919600e-01
  -7.2400000e-03   7.5392200e-01  -1.6341300e-01   6.3627500e-01   1.1921000e-01  -2.2744200e-01   2.8038100e-01
  -6.7640000e-03   7.5182300e-01  -1.6186600e-01   6.3915200e-01   1.1764700e-01  -2.2731500e-01   2.8153000e-01
  -5.8150000e-03   7.4960400e-01  -1.6077800e-01   6.4203700e-01   1.1606400e-01  -2.2722600e-01   2.8262900e-01
  -3.7800000e-03   7.4710900e-01  -1.6085000e-01   6.4493500e-01   1.1445700e-01  -2.2717000e-01   2.8368500e-01
  -1.8960000e-03   7.4466200e-01  -1.6061500e-01   6.4782600e-01   1.1282500e-01  -2.2715200e-01   2.8468600e-01
  -6.5000000e-04   7.4238400e-01  -1.5953500e-01   6.5070200e-01   1.1117200e-01  -2.2716400e-01   2.8563800e-01
   7.9900000e-04   7.4005700e-01  -1.5860100e-01   6.5357500e-01   1.0949900e-01  -2.2720400e-01   2.8654400e-01
   2.6050000e-03   7.3763400e-01  -1.5800200e-01   6.5644800e-01   1.0780700e-01  -2.2727300e-01   2.8740300e-01
   6.2370000e-03   7.3285000e-01  -1.5677300e-01   6.6205300e-01   1.0445200e-01  -2.2747800e-01   2.8896100e-01
   5.9880000e-03   7.3098300e-01  -1.5387700e-01   6.6479300e-01   1.0280200e-01  -2.2761000e-01   2.8966700e-01
   5.5820000e-03   7.2917000e-01  -1.5085300e-01   6.6747500e-01   1.0117700e-01  -2.2776200e-01   2.9032300e-01
   4.6530000e-03   7.2750500e-01  -1.4728500e-01   6.7009100e-01   9.9574000e-02  -2.2792600e-01   2.9092900e-01
   4.4210000e-03   7.2571100e-01  -1.4452900e-01   6.7263300e-01   9.7998000e-02  -2.2810700e-01   2.9147600e-01
   5.2910000e-03   7.2372800e-01  -1.4297900e-01   6.7509000e-01   9.6449000e-02  -2.2830300e-01   2.9196700e-01
   6.6170000e-03   7.2006400e-01  -1.3950500e-01   6.7970800e-01   9.3460000e-02  -2.2874000e-01   2.9275600e-01
   7.1020000e-03   7.1839400e-01  -1.3764600e-01   6.8184500e-01   9.2036000e-02  -2.2897600e-01   2.9305000e-01
   8.1290000e-03   7.1669900e-01  -1.3642000e-01   6.8386100e-01   9.0668000e-02  -2.2922300e-01   2.9328800e-01
   8.8610000e-03   7.1513800e-01  -1.3494300e-01   6.8577600e-01   8.9356000e-02  -2.2948300e-01   2.9348100e-01
   1.0377000e-02   7.1220400e-01  -1.3230500e-01   6.8931400e-01   8.6921000e-02  -2.3004400e-01   2.9376000e-01
   8.8090000e-03   7.1250300e-01  -1.3068400e-01   6.8933600e-01   8.6921000e-02  -2.3004400e-01   2.9376000e-01
   8.5620000e-03   7.1130400e-01  -1.2849200e-01   6.9098800e-01   8.5802000e-02  -2.3034800e-01   2.9385700e-01
   8.5820000e-03   7.1008300e-01  -1.2669300e-01   6.9257300e-01   8.4745000e-02  -2.3067000e-01   2.9394200e-01
   8.9700000e-03   7.0882200e-01  -1.2537800e-01   6.9409800e-01   8.3746000e-02  -2.3100500e-01   2.9402200e-01
   9.0410000e-03   7.0765400e-01  -1.2380000e-01   6.9557000e-01   8.2802000e-02  -2.3135400e-01   2.9410500e-01
   8.7910000e-03   7.0658600e-01  -1.2192600e-01   6.9698900e-01   8.1910000e-02  -2.3172100e-01   2.9419700e-01
   9.1370000e-03   7.0544600e-01  -1.2069000e-01   6.9835200e-01   8.1064000e-02  -2.3209800e-01   2.9429900e-01
   9.6870000e-03   7.0432300e-01  -1.1969500e-01   6.9964900e-01   8.0267000e-02  -2.3247900e-01   2.9440800e-01
   1.0173000e-02   7.0328700e-01  -1.1866800e-01   7.0085800e-01   7.9523000e-02  -2.3285200e-01   2.9451600e-01
   1.0666000e-02   7.0233400e-01  -1.1767600e-01   7.0197200e-01   7.8834000e-02  -2.3321500e-01   2.9462500e-01
   1.1225000e-02   7.0144600e-01  -1.1682100e-01   7.0299400e-01   7.8202000e-02  -2.3355600e-01   2.9473700e-01
   1.1538000e-02   7.0067500e-01  -1.1580800e-01   7.0392400e-01   7.7628000e-02  -2.3387800e-01   2.9484000e-01
   1.1817000e-02   6.9998400e-01  -1.1487200e-01   7.0476000e-01   7.7112000e-02  -2.3417900e-01   2.9492900e-01
   1.2456000e-02   6.9931000e-01  -1.1440400e-01   7.0549400e-01   7.6653000e-02  -2.3445500e-01   2.9500400e-01
   1.2939000e-02   6.9871700e-01  -1.1390500e-01   7.0615300e-01   7.6241000e-02  -2.3470500e-01   2.9506300e-01
   1.2477000e-02   6.9832800e-01  -1.1259900e-01   7.0675500e-01   7.5876000e-02  -2.3493300e-01   2.9510600e-01
   1.1508000e-02   6.9806000e-01  -1.1091100e-01   7.0730400e-01   7.5553000e-02  -2.3514200e-01   2.9513600e-01
   1.1508000e-02   6.9806000e-01  -1.1091100e-01   7.0730400e-01   7.5553000e-02  -2.3514200e-01   2.9513600e-01
   1.1105000e-02   6.9772800e-01  -1.0989700e-01   7.0779600e-01   7.5265000e-02  -2.3533400e-01   2.9515600e-01
   1.1252000e-02   6.9734700e-01  -1.0951900e-01   7.0822700e-01   7.5015000e-02  -2.3551000e-01   2.9517200e-01
   1.1621000e-02   6.9696200e-01  -1.0944300e-01   7.0861200e-01   7.4801000e-02  -2.3567400e-01   2.9519100e-01
   1.1377000e-02   6.9670900e-01  -1.0883700e-01   7.0895800e-01   7.4625000e-02  -2.3582600e-01   2.9521300e-01
   1.0871000e-02   6.9653600e-01  -1.0803000e-01   7.0925900e-01   7.4486000e-02  -2.3596700e-01   2.9524200e-01
