   9.6570000e-02   1.9481300e-01  -2.7025000e-02   9.7570100e-01  -1.6044600e-01  -2.1576900e-01   1.3137000e-02
   9.7230000e-02   1.9486300e-01  -2.7494000e-02   9.7561200e-01  -1.6040600e-01  -2.1568900e-01   1.3162000e-02
   9.7932000e-02   1.9489000e-01  -2.7921000e-02   9.7552400e-01  -1.6036900e-01  -2.1563200e-01   1.3171000e-02
   9.8472000e-02   1.9493800e-01  -2.8294000e-02   9.7545000e-01  -1.6032600e-01  -2.1558700e-01   1.3173000e-02
   9.9297000e-02   1.9499600e-01  -2.8658000e-02   9.7534400e-01  -1.6027600e-01  -2.1557200e-01   1.3157000e-02
   1.0053600e-01   1.9505800e-01  -2.8995000e-02   9.7519400e-01  -1.6022000e-01  -2.1559800e-01   1.3118000e-02
   1.0168700e-01   1.9515800e-01  -2.9202000e-02   9.7504900e-01  -1.6014900e-01  -2.1568000e-01   1.3047000e-02
   1.0319500e-01   1.9529300e-01  -2.9382000e-02   9.7485800e-01  -1.6004800e-01  -2.1583300e-01   1.2921000e-02
   1.0457200e-01   1.9545900e-01  -2.9368000e-02   9.7467800e-01  -1.5991600e-01  -2.1609700e-01   1.2720000e-02
   1.0524700e-01   1.9565900e-01  -2.8984000e-02   9.7457700e-01  -1.5975300e-01  -2.1650000e-01   1.2422000e-02
   1.0597200e-01   1.9590000e-01  -2.8371000e-02   9.7446800e-01  -1.5954200e-01  -2.1705200e-01   1.1997000e-02
   1.0741200e-01   1.9614500e-01  -2.7615000e-02   9.7428300e-01  -1.5927000e-01  -2.1779200e-01   1.1401000e-02
   1.0907800e-01   1.9636800e-01  -2.6501000e-02   9.7408400e-01  -1.5894600e-01  -2.1876700e-01   1.0611000e-02
   1.0928600e-01   1.9658600e-01  -2.4555000e-02   9.7406700e-01  -1.5854100e-01  -2.2010000e-01   9.5620000e-03
   1.0855700e-01   1.9673700e-01  -2.1832000e-02   9.7418300e-01  -1.5804800e-01  -2.2182000e-01   8.2100000e-03
   1.1064700e-01   1.9676100e-01  -1.9071000e-02   9.7400100e-01  -1.5744900e-01  -2.2392800e-01   6.5410000e-03
   1.0790100e-01   1.9690000e-01  -1.4655000e-02   9.7435800e-01  -1.5671400e-01  -2.2642100e-01   4.5490000e-03
   1.1127600e-01   1.9699400e-01  -1.0976000e-02   9.7400700e-01  -1.5579400e-01  -2.2929500e-01   2.2260000e-03
   1.1437900e-01   1.9722800e-01  -6.6850000e-03   9.7364000e-01  -1.5465500e-01  -2.3256800e-01  -4.1900000e-04
   1.1600700e-01   1.9770700e-01  -1.4940000e-03   9.7337200e-01  -1.5325300e-01  -2.3626200e-01  -3.3560000e-03
   1.1738500e-01   1.9851800e-01   4.3660000e-03   9.7303300e-01  -1.5154500e-01  -2.4038100e-01  -6.5400000e-03
   1.2083500e-01   1.9974800e-01   1.0437000e-02   9.7231200e-01  -1.4952000e-01  -2.4488000e-01  -9.8970000e-03
   1.2441400e-01   2.0145000e-01   1.7102000e-02   9.7141500e-01  -1.4715800e-01  -2.4974900e-01  -1.3371000e-02
   1.2583800e-01   2.0147500e-01   1.6807000e-02   9.7123100e-01  -1.4715800e-01  -2.4974900e-01  -1.3371000e-02
   1.3060200e-01   2.0373500e-01   2.3820000e-02   9.6998400e-01  -1.4442600e-01  -2.5500000e-01  -1.6902000e-02
   1.3284200e-01   2.0654500e-01   3.1951000e-02   9.6885100e-01  -1.4128000e-01  -2.6061900e-01  -2.0448000e-02
   1.3404000e-01   2.0992300e-01   4.0990000e-02   9.6761800e-01  -1.3773500e-01  -2.6654700e-01  -2.3958000e-02
   1.3379100e-01   2.1824600e-01   6.1589000e-02   9.6471500e-01  -1.2941000e-01  -2.7919100e-01  -3.0744000e-02
   1.3240700e-01   2.2816500e-01   8.4876000e-02   9.6083600e-01  -1.1975900e-01  -2.9249200e-01  -3.6861000e-02
   1.3339700e-01   2.3854300e-01   1.0791700e-01   9.5585400e-01  -1.0966000e-01  -3.0521800e-01  -4.2115000e-02
   1.4369600e-01   2.5017500e-01   1.2808800e-01   9.4887200e-01  -9.9457000e-02  -3.1705500e-01  -4.6510000e-02
   1.4885900e-01   2.5619300e-01   1.3787900e-01   9.4509000e-01  -9.4342000e-02  -3.2264400e-01  -4.8398000e-02
   1.5647000e-01   2.6807200e-01   1.5770700e-01   9.3743400e-01  -8.4093000e-02  -3.3331300e-01  -5.1663000e-02
   1.5971500e-01   2.7944800e-01   1.7803100e-01   9.2989500e-01  -7.3827000e-02  -3.4332900e-01  -5.4305000e-02
   1.6376400e-01   2.9136500e-01   1.9745000e-01   9.2157500e-01  -6.3524000e-02  -3.5269900e-01  -5.6353000e-02
   1.6961700e-01   3.0413900e-01   2.1542500e-01   9.1231700e-01  -5.3110000e-02  -3.6152600e-01  -5.7906000e-02
   1.7288800e-01   3.1687500e-01   2.3338400e-01   9.0290200e-01  -4.2473000e-02  -3.6994200e-01  -5.9015000e-02
   1.7331500e-01   3.2930900e-01   2.5150500e-01   8.9345600e-01  -3.1650000e-02  -3.7797900e-01  -5.9702000e-02
   1.7331100e-01   3.4206500e-01   2.6884200e-01   8.8356000e-01  -2.0676000e-02  -3.8558000e-01  -5.9965000e-02
   1.7427900e-01   3.5565600e-01   2.8412500e-01   8.7316000e-01  -9.4630000e-03  -3.9286300e-01  -5.9751000e-02
   1.7339900e-01   3.6224300e-01   2.9184900e-01   8.6806500e-01  -3.7860000e-03  -3.9639100e-01  -5.9453000e-02
   1.7339900e-01   3.6224300e-01   2.9184900e-01   8.6806500e-01  -3.7860000e-03  -3.9639100e-01  -5.9453000e-02
   1.7339900e-01   3.6224300e-01   2.9184900e-01   8.6806500e-01  -3.7860000e-03  -3.9639100e-01  -5.9453000e-02
   1.7339900e-01   3.6224300e-01   2.9184900e-01   8.6806500e-01  -3.7860000e-03  -3.9639100e-01  -5.9453000e-02
   1.7339900e-01   3.6224300e-01   2.9184900e-01   8.6806500e-01  -3.7860000e-03  -3.9639100e-01  -5.9453000e-02
   1.7339900e-01   3.6224300e-01   2.9184900e-01   8.6806500e-01  -3.7860000e-03  -3.9639100e-01  -5.9453000e-02
   1.7339900e-01   3.6224300e-01   2.9184900e-01   8.6806500e-01  -3.7860000e-03  -3.9639100e-01  -5.9453000e-02
   1.7339900e-01   3.6224300e-01   2.9184900e-01   8.6806500e-01  -3.7860000e-03  -3.9639100e-01  -5.9453000e-02
   1.9607900e-01   4.8465300e-01   3.7511200e-01   7.6547700e-01   8.4089000e-02  -4.5288500e-01  -4.0512000e-02
   2.0122200e-01   4.9411700e-01   3.7641600e-01   7.5741000e-01   8.9488000e-02  -4.5673700e-01  -3.8481000e-02
   2.1067800e-01   5.1445200e-01   3.7778700e-01   7.4042600e-01   1.0083100e-01  -4.6408600e-01  -3.3831000e-02
   2.1922500e-01   5.3576800e-01   3.7768200e-01   7.2266800e-01   1.1259000e-01  -4.7100400e-01  -2.8674000e-02
   2.2671600e-01   5.5772900e-01   3.7605800e-01   7.0435700e-01   1.2460500e-01  -4.7736900e-01  -2.3074000e-02
   2.3218500e-01   5.8024100e-01   3.7312600e-01   6.8570200e-01   1.3690900e-01  -4.8300700e-01  -1.6854000e-02
   2.3599300e-01   6.0278800e-01   3.6903300e-01   6.6690900e-01   1.4931600e-01  -4.8798300e-01  -1.0190000e-02
   2.3971000e-01   6.2625300e-01   3.6238500e-01   6.4732000e-01   1.6190400e-01  -4.9226900e-01  -3.1370000e-03
   2.4083200e-01   6.4902700e-01   3.5530800e-01   6.2810800e-01   1.7454800e-01  -4.9579900e-01   4.3220000e-03
   2.3931700e-01   6.7077400e-01   3.4799400e-01   6.0966300e-01   1.8708900e-01  -4.9852100e-01   1.2177000e-02
   2.3799000e-01   6.8140000e-01   3.4388100e-01   6.0066600e-01   1.9328000e-01  -4.9957100e-01   1.6238000e-02
   2.3494800e-01   7.0249200e-01   3.3393600e-01   5.8291600e-01   2.0546000e-01  -5.0105100e-01   2.4631000e-02
   2.2920400e-01   7.2214000e-01   3.2429800e-01   5.6640100e-01   2.1737900e-01  -5.0169700e-01   3.3462000e-02
   2.2166800e-01   7.4051200e-01   3.1417800e-01   5.5117800e-01   2.2879200e-01  -5.0147400e-01   4.2728000e-02
   2.1269400e-01   7.5818100e-01   3.0281400e-01   5.3686700e-01   2.3971800e-01  -5.0031600e-01   5.2742000e-02
   2.0275900e-01   7.7433600e-01   2.9071200e-01   5.2419300e-01   2.4985000e-01  -4.9831800e-01   6.2960000e-02
   1.9153700e-01   7.8881700e-01   2.7855200e-01   5.1331300e-01   2.5912000e-01  -4.9549500e-01   7.3435000e-02
   1.7899900e-01   8.0177200e-01   2.6635500e-01   5.0415900e-01   2.6752200e-01  -4.9182200e-01   8.4281000e-02
   1.6642100e-01   8.1331300e-01   2.5318500e-01   4.9671300e-01   2.7487600e-01  -4.8745300e-01   9.5109000e-02
   1.5347600e-01   8.2371200e-01   2.3917900e-01   4.9065000e-01   2.8132900e-01  -4.8233700e-01   1.0610100e-01
   1.4012400e-01   8.3313300e-01   2.2413900e-01   4.8581500e-01   2.8691200e-01  -4.7641800e-01   1.1734300e-01
   1.2723600e-01   8.4199800e-01   2.0635900e-01   4.8194000e-01   2.9164200e-01  -4.6965400e-01   1.2883200e-01
   1.1948200e-01   8.4554900e-01   1.9901900e-01   4.8079300e-01   2.9371800e-01  -4.6596600e-01   1.3461500e-01
   1.0357400e-01   8.5185500e-01   1.8396800e-01   4.7934400e-01   2.9727500e-01  -4.5802200e-01   1.4614500e-01
   8.5620000e-02   8.5648300e-01   1.7172400e-01   4.7918400e-01   2.9999900e-01  -4.4943000e-01   1.5746300e-01
   6.7714000e-02   8.6024400e-01   1.5903100e-01   4.7969100e-01   3.0190200e-01  -4.4029900e-01   1.6843400e-01
   5.1350000e-02   8.6356500e-01   1.4346600e-01   4.8066200e-01   3.0292300e-01  -4.3069100e-01   1.7903000e-01
   3.7740000e-02   8.6663700e-01   1.2305700e-01   4.8205100e-01   3.0318500e-01  -4.2071300e-01   1.8914600e-01
   2.3788000e-02   8.6842800e-01   1.0354900e-01   4.8429900e-01   3.0279600e-01  -4.1049900e-01   1.9867000e-01
   9.7540000e-03   8.6909000e-01   8.5606000e-02   4.8709300e-01   3.0184000e-01  -4.0032900e-01   2.0742100e-01
   2.2100000e-04   8.6864700e-01   8.1857000e-02   4.8862200e-01   3.0114800e-01  -3.9530900e-01   2.1150200e-01
  -1.7213000e-02   8.6756300e-01   7.2892000e-02   4.9165500e-01   2.9935500e-01  -3.8542500e-01   2.1912100e-01
  -2.9245000e-02   8.6654700e-01   6.5042000e-02   4.9397400e-01   2.9769700e-01  -3.7804500e-01   2.2446300e-01
  -4.6834000e-02   8.6427600e-01   5.2400000e-02   4.9808400e-01   2.9419100e-01  -3.6665200e-01   2.3222400e-01
  -6.0451000e-02   8.6178300e-01   3.8740000e-02   5.0217100e-01   2.9058700e-01  -3.5664400e-01   2.3850300e-01
  -6.6673000e-02   8.6036800e-01   3.1956000e-02   5.0428200e-01   2.8862000e-01  -3.5183600e-01   2.4135800e-01
  -7.7631000e-02   8.5736100e-01   1.7561000e-02   5.0852500e-01   2.8434800e-01  -3.4243200e-01   2.4666200e-01
  -8.7444000e-02   8.5400200e-01   3.3130000e-03   5.1285800e-01   2.7967500e-01  -3.3333300e-01   2.5143000e-01
  -9.0290000e-02   8.5225800e-01  -6.4790000e-03   5.1523000e-01   2.7721200e-01  -3.2885300e-01   2.5365200e-01
  -9.8043000e-02   8.4831200e-01  -2.1977000e-02   5.1987600e-01   2.7179500e-01  -3.1985700e-01   2.5784700e-01
  -1.0369200e-01   8.4395500e-01  -3.8993000e-02   5.2484900e-01   2.6607200e-01  -3.1114600e-01   2.6155200e-01
  -1.0799300e-01   8.3925300e-01  -5.6099000e-02   5.2994800e-01   2.6017600e-01  -3.0280800e-01   2.6475400e-01
  -1.1144300e-01   8.3436600e-01  -7.2293000e-02   5.3496500e-01   2.5422500e-01  -2.9492600e-01   2.6746100e-01
  -1.1434200e-01   8.2943100e-01  -8.7153000e-02   5.3979100e-01   2.4829400e-01  -2.8752000e-01   2.6970900e-01
  -1.1613700e-01   8.2441800e-01  -1.0163300e-01   5.4453400e-01   2.4247700e-01  -2.8061800e-01   2.7153200e-01
  -1.1789000e-01   8.1950700e-01  -1.1432400e-01   5.4903600e-01   2.3677000e-01  -2.7419000e-01   2.7297600e-01
  -1.1969600e-01   8.1732400e-01  -1.1862900e-01   5.5098300e-01   2.3397400e-01  -2.7115700e-01   2.7356900e-01
  -1.2253400e-01   8.1303700e-01  -1.2706100e-01   5.5480800e-01   2.2852300e-01  -2.6548000e-01   2.7451600e-01
  -1.2363200e-01   8.0864100e-01  -1.3644100e-01   5.5874700e-01   2.2326200e-01  -2.6028800e-01   2.7518200e-01
  -1.2333500e-01   8.0415700e-01  -1.4639000e-01   5.6275200e-01   2.1822100e-01  -2.5555800e-01   2.7560700e-01
  -1.2377900e-01   8.0007900e-01  -1.5402200e-01   5.6641900e-01   2.1335900e-01  -2.5124400e-01   2.7582300e-01
  -1.2395500e-01   7.9616300e-01  -1.6093100e-01   5.6996600e-01   2.0870500e-01  -2.4732200e-01   2.7586200e-01
  -1.2223100e-01   7.9198600e-01  -1.6933900e-01   5.7370900e-01   2.0426600e-01  -2.4379600e-01   2.7575300e-01
  -1.2046400e-01   7.8804900e-01  -1.7674900e-01   5.7725700e-01   2.0004000e-01  -2.4063700e-01   2.7552200e-01
  -1.2053700e-01   7.8645100e-01  -1.7880800e-01   5.7878600e-01   1.9799500e-01  -2.3918900e-01   2.7536400e-01
  -1.2280300e-01   7.8404400e-01  -1.7950400e-01   5.8135400e-01   1.9400000e-01  -2.3652000e-01   2.7496800e-01
  -1.2459300e-01   7.8163700e-01  -1.8020900e-01   5.8399000e-01   1.9009900e-01  -2.3412300e-01   2.7447200e-01
  -1.2468700e-01   7.7890500e-01  -1.8255000e-01   5.8688700e-01   1.8634200e-01  -2.3199000e-01   2.7390300e-01
  -1.2471000e-01   7.7634500e-01  -1.8442900e-01   5.8967900e-01   1.8275100e-01  -2.3009700e-01   2.7328100e-01
  -1.2662300e-01   7.7429900e-01  -1.8295000e-01   5.9241600e-01   1.7916500e-01  -2.2845700e-01   2.7291200e-01
  -1.2674800e-01   7.7046900e-01  -1.8048100e-01   5.9811300e-01   1.7483700e-01  -2.2735600e-01   2.7438700e-01
  -1.2454700e-01   7.6549800e-01  -1.7992900e-01   6.0508400e-01   1.7033700e-01  -2.2649600e-01   2.7640400e-01
  -1.2158500e-01   7.6023300e-01  -1.8009900e-01   6.1223100e-01   1.6589400e-01  -2.2576300e-01   2.7840500e-01
  -1.2152100e-01   7.5584700e-01  -1.7672200e-01   6.1862500e-01   1.6158400e-01  -2.2512400e-01   2.8026600e-01
  -1.2199400e-01   7.5159900e-01  -1.7286100e-01   6.2476800e-01   1.5738700e-01  -2.2456800e-01   2.8196700e-01
  -1.2064800e-01   7.4685900e-01  -1.7131200e-01   6.3110900e-01   1.5329500e-01  -2.2406000e-01   2.8355400e-01
  -1.2003500e-01   7.4454900e-01  -1.7051500e-01   6.3416400e-01   1.5131000e-01  -2.2381900e-01   2.8430300e-01
  -1.1944900e-01   7.4022000e-01  -1.6822200e-01   6.3992700e-01   1.4747400e-01  -2.2336400e-01   2.8572800e-01
  -1.2102800e-01   7.3653300e-01  -1.6349800e-01   6.4508900e-01   1.4376600e-01  -2.2295600e-01   2.8707800e-01
  -1.2220000e-01   7.3274100e-01  -1.5943700e-01   6.5018200e-01   1.4019100e-01  -2.2261100e-01   2.8833200e-01
  -1.2245400e-01   7.2881000e-01  -1.5663000e-01   6.5521600e-01   1.3678000e-01  -2.2227400e-01   2.8951200e-01
  -1.2281500e-01   7.2498800e-01  -1.5385600e-01   6.6002900e-01   1.3351700e-01  -2.2197000e-01   2.9061700e-01
  -1.2351900e-01   7.2141400e-01  -1.5079700e-01   6.6450400e-01   1.3042900e-01  -2.2170100e-01   2.9165100e-01
  -1.2336800e-01   7.1784700e-01  -1.4874500e-01   6.6884300e-01   1.2750900e-01  -2.2145300e-01   2.9261000e-01
  -1.2397500e-01   7.1629900e-01  -1.4700700e-01   6.7077200e-01   1.2610700e-01  -2.2133500e-01   2.9305700e-01
  -1.2290500e-01   7.1286900e-01  -1.4605700e-01   6.7481800e-01   1.2343900e-01  -2.2111000e-01   2.9388400e-01
  -1.2101500e-01   7.0951600e-01  -1.4604500e-01   6.7868500e-01   1.2095200e-01  -2.2090000e-01   2.9462200e-01
  -1.2072100e-01   7.0672000e-01  -1.4441200e-01   6.8199600e-01   1.1861300e-01  -2.2071100e-01   2.9528100e-01
  -1.2101500e-01   7.0549100e-01  -1.4318900e-01   6.8347300e-01   1.1751900e-01  -2.2063100e-01   2.9558700e-01
  -1.2097300e-01   7.0307400e-01  -1.4145600e-01   6.8632600e-01   1.1546100e-01  -2.2049000e-01   2.9614800e-01
  -1.2015900e-01   7.0069700e-01  -1.4061000e-01   6.8906800e-01   1.1356400e-01  -2.2037100e-01   2.9664600e-01
  -1.1975000e-01   6.9854900e-01  -1.3945200e-01   6.9155000e-01   1.1181000e-01  -2.2028600e-01   2.9709000e-01
  -1.1932900e-01   6.9656900e-01  -1.3837400e-01   6.9383400e-01   1.1020600e-01  -2.2024200e-01   2.9748800e-01
  -1.1950600e-01   6.9572000e-01  -1.3750200e-01   6.9482800e-01   1.0946600e-01  -2.2022200e-01   2.9767500e-01
  -1.1884200e-01   6.9393400e-01  -1.3689000e-01   6.9684500e-01   1.0809900e-01  -2.2018300e-01   2.9802700e-01
  -1.1831800e-01   6.9234300e-01  -1.3626000e-01   6.9863900e-01   1.0687700e-01  -2.2015100e-01   2.9834500e-01
  -1.1804800e-01   6.9094100e-01  -1.3548800e-01   7.0022100e-01   1.0578600e-01  -2.2012700e-01   2.9863800e-01
  -1.1756100e-01   6.8963100e-01  -1.3500500e-01   7.0168500e-01   1.0481600e-01  -2.2011800e-01   2.9891400e-01
  -1.1734800e-01   6.8849700e-01  -1.3433900e-01   7.0296100e-01   1.0395500e-01  -2.2011300e-01   2.9917700e-01
  -1.1756900e-01   6.8753800e-01  -1.3332900e-01   7.0405400e-01   1.0319000e-01  -2.2011500e-01   2.9943300e-01
  -1.1767300e-01   6.8663600e-01  -1.3250100e-01   7.0507300e-01   1.0250300e-01  -2.2012000e-01   2.9968000e-01
  -1.1753500e-01   6.8576800e-01  -1.3195400e-01   7.0604200e-01   1.0187900e-01  -2.2012200e-01   2.9992300e-01
  -1.1790400e-01   6.8544000e-01  -1.3128100e-01   7.0642500e-01   1.0158900e-01  -2.2012200e-01   3.0004000e-01
  -1.1819500e-01   6.8473400e-01  -1.3041400e-01   7.0722100e-01   1.0104900e-01  -2.2012600e-01   3.0026600e-01
  -1.1820700e-01   6.8398800e-01  -1.2990300e-01   7.0803500e-01   1.0054900e-01  -2.2013000e-01   3.0048300e-01
  -1.1829300e-01   6.8326900e-01  -1.2937700e-01   7.0881000e-01   1.0008000e-01  -2.2014000e-01   3.0068600e-01
  -1.1826900e-01   6.8255100e-01  -1.2900900e-01   7.0957300e-01   9.9639000e-02  -2.2014900e-01   3.0087900e-01
  -1.1853500e-01   6.8193200e-01  -1.2838100e-01   7.1023600e-01   9.9228000e-02  -2.2013700e-01   3.0108700e-01
  -1.1845500e-01   6.8131300e-01  -1.2810300e-01   7.1089400e-01   9.8847000e-02  -2.2010800e-01   3.0129500e-01
  -1.1747700e-01   6.8061300e-01  -1.2870900e-01   7.1161800e-01   9.8504000e-02  -2.2006400e-01   3.0149400e-01
  -1.1714500e-01   6.8033500e-01  -1.2885500e-01   7.1191100e-01   9.8349000e-02  -2.2003900e-01   3.0158600e-01
  -1.1712600e-01   6.7998000e-01  -1.2851800e-01   7.1231500e-01   9.8072000e-02  -2.1999100e-01   3.0175800e-01
  -1.1714400e-01   6.7971800e-01  -1.2819800e-01   7.1261900e-01   9.7844000e-02  -2.1993200e-01   3.0190900e-01
  -1.1684900e-01   6.7948800e-01  -1.2825300e-01   7.1287700e-01   9.7671000e-02  -2.1985800e-01   3.0203600e-01
  -1.1639700e-01   6.7929800e-01  -1.2853500e-01   7.1308100e-01   9.7550000e-02  -2.1977500e-01   3.0214500e-01
  -1.1623300e-01   6.7919900e-01  -1.2860700e-01   7.1318900e-01   9.7472000e-02  -2.1969100e-01   3.0224200e-01
  -1.1619200e-01   6.7918100e-01  -1.2858600e-01   7.1321700e-01   9.7437000e-02  -2.1960700e-01   3.0233700e-01
  -1.1649800e-01   6.7924200e-01  -1.2829100e-01   7.1316200e-01   9.7435000e-02  -2.1956400e-01   3.0238200e-01
  -1.1634200e-01   6.7923000e-01  -1.2849300e-01   7.1316300e-01   9.7452000e-02  -2.1947500e-01   3.0246200e-01
  -1.1623300e-01   6.7927700e-01  -1.2876400e-01   7.1308700e-01   9.7530000e-02  -2.1932800e-01   3.0258400e-01
  -1.1641500e-01   6.7934200e-01  -1.2866100e-01   7.1301400e-01   9.7563000e-02  -2.1927400e-01   3.0262200e-01
  -1.1701000e-01   6.7953400e-01  -1.2828100e-01   7.1280200e-01   9.7639000e-02  -2.1915400e-01   3.0268500e-01
  -1.1675600e-01   6.7959700e-01  -1.2874500e-01   7.1270000e-01   9.7715000e-02  -2.1902000e-01   3.0272300e-01
  -1.1638900e-01   6.7965600e-01  -1.2935600e-01   7.1259300e-01   9.7791000e-02  -2.1887000e-01   3.0274400e-01
  -1.1638400e-01   6.7972400e-01  -1.2949900e-01   7.1250200e-01   9.7831000e-02  -2.1879000e-01   3.0275300e-01
  -1.1659000e-01   6.7983400e-01  -1.2944800e-01   7.1237300e-01   9.7871000e-02  -2.1870600e-01   3.0275900e-01
  -1.1654700e-01   6.7996300e-01  -1.2982900e-01   7.1218800e-01   9.7941000e-02  -2.1851600e-01   3.0276100e-01
  -1.1641700e-01   6.8010400e-01  -1.3034700e-01   7.1198000e-01   9.8004000e-02  -2.1829700e-01   3.0273300e-01
