   1.8610400e-01   1.3585900e-01   1.9474000e-02   9.7289700e-01  -1.6998900e-01  -2.2929900e-01  -2.0020000e-02
   1.8616200e-01   1.3577700e-01   2.0931000e-02   9.7286700e-01  -1.6987000e-01  -2.2988000e-01  -2.0581000e-02
   1.8615500e-01   1.3583300e-01   2.1688000e-02   9.7284400e-01  -1.6979900e-01  -2.3018800e-01  -2.0816000e-02
   1.8674900e-01   1.3597100e-01   2.2365000e-02   9.7269500e-01  -1.6971700e-01  -2.3050300e-01  -2.1033000e-02
   1.8905900e-01   1.3618800e-01   2.2797000e-02   9.7220900e-01  -1.6962500e-01  -2.3081700e-01  -2.1251000e-02
   1.9028900e-01   1.3644900e-01   2.3393000e-02   9.7191800e-01  -1.6951200e-01  -2.3113800e-01  -2.1490000e-02
   1.9272200e-01   1.3681000e-01   2.3838000e-02   9.7137700e-01  -1.6936800e-01  -2.3146500e-01  -2.1778000e-02
   1.9300900e-01   1.3681700e-01   2.3798000e-02   9.7132000e-01  -1.6936800e-01  -2.3146500e-01  -2.1778000e-02
   1.9497000e-01   1.3725600e-01   2.4334000e-02   9.7085300e-01  -1.6918300e-01  -2.3179900e-01  -2.2150000e-02
   1.9851000e-01   1.3780200e-01   2.4693000e-02   9.7004900e-01  -1.6895300e-01  -2.3214700e-01  -2.2623000e-02
   2.0215100e-01   1.3840600e-01   2.5094000e-02   9.6920000e-01  -1.6867700e-01  -2.3251100e-01  -2.3218000e-02
   2.0397200e-01   1.3898900e-01   2.5840000e-02   9.6871600e-01  -1.6835200e-01  -2.3289900e-01  -2.3962000e-02
   2.0379500e-01   1.3953500e-01   2.6994000e-02   9.6864300e-01  -1.6796800e-01  -2.3332100e-01  -2.4888000e-02
   2.0321300e-01   1.4004500e-01   2.8369000e-02   9.6865200e-01  -1.6752300e-01  -2.3378800e-01  -2.6027000e-02
   2.0360400e-01   1.4048900e-01   2.9802000e-02   9.6846300e-01  -1.6702600e-01  -2.3431000e-01  -2.7394000e-02
   2.0559700e-01   1.4086100e-01   3.1231000e-02   9.6794300e-01  -1.6647100e-01  -2.3489400e-01  -2.9021000e-02
   2.0725700e-01   1.4108900e-01   3.2975000e-02   9.6749700e-01  -1.6585100e-01  -2.3555400e-01  -3.0924000e-02
   2.0884500e-01   1.4121200e-01   3.5047000e-02   9.6706500e-01  -1.6515200e-01  -2.3630900e-01  -3.3104000e-02
   2.1017700e-01   1.4117800e-01   3.7486000e-02   9.6669000e-01  -1.6437400e-01  -2.3716000e-01  -3.5576000e-02
   2.1196400e-01   1.4102300e-01   4.0204000e-02   9.6621300e-01  -1.6350900e-01  -2.3811200e-01  -3.8327000e-02
   2.1495100e-01   1.4081700e-01   4.3180000e-02   9.6545400e-01  -1.6254600e-01  -2.3920300e-01  -4.1342000e-02
   2.2078300e-01   1.4068200e-01   4.6204000e-02   9.6401700e-01  -1.6147200e-01  -2.4044700e-01  -4.4601000e-02
   2.2934200e-01   1.4064900e-01   4.9292000e-02   9.6186800e-01  -1.6028300e-01  -2.4184300e-01  -4.8084000e-02
   2.3818500e-01   1.4072400e-01   5.2801000e-02   9.5951900e-01  -1.5895600e-01  -2.4340000e-01  -5.1744000e-02
   2.4331300e-01   1.4075200e-01   5.7331000e-02   9.5796700e-01  -1.5747300e-01  -2.4512700e-01  -5.5553000e-02
   2.4581100e-01   1.4090100e-01   5.6963000e-02   9.5732900e-01  -1.5747300e-01  -2.4512700e-01  -5.5553000e-02
   2.5268000e-01   1.4128000e-01   6.1690000e-02   9.5519000e-01  -1.5580500e-01  -2.4701900e-01  -5.9484000e-02
   2.6057000e-01   1.4208600e-01   6.6681000e-02   9.5261100e-01  -1.5392900e-01  -2.4907000e-01  -6.3494000e-02
   2.7008500e-01   1.4346100e-01   7.1884000e-02   9.4937100e-01  -1.5182100e-01  -2.5130800e-01  -6.7545000e-02
   2.7754500e-01   1.4525700e-01   7.7747000e-02   9.4648000e-01  -1.4945300e-01  -2.5369900e-01  -7.1590000e-02
   2.8190800e-01   1.4742200e-01   8.4370000e-02   9.4428600e-01  -1.4678600e-01  -2.5621300e-01  -7.5623000e-02
   2.8380400e-01   1.4999300e-01   9.1613000e-02   9.4263700e-01  -1.4381000e-01  -2.5883000e-01  -7.9599000e-02
   2.8483900e-01   1.5313800e-01   9.9227000e-02   9.4104700e-01  -1.4050700e-01  -2.6155100e-01  -8.3478000e-02
   2.8724200e-01   1.5713100e-01   1.0685200e-01   9.3882100e-01  -1.3686800e-01  -2.6438100e-01  -8.7212000e-02
   2.9005300e-01   1.6190200e-01   1.1458900e-01   9.3623000e-01  -1.3289300e-01  -2.6730600e-01  -9.0762000e-02
   2.9196000e-01   1.6734700e-01   1.2266500e-01   9.3365300e-01  -1.2854700e-01  -2.7032500e-01  -9.4116000e-02
   2.9316300e-01   1.7344800e-01   1.3108200e-01   9.3101500e-01  -1.2383000e-01  -2.7344700e-01  -9.7257000e-02
   2.9462500e-01   1.8037500e-01   1.3974000e-01   9.2797300e-01  -1.1873700e-01  -2.7671200e-01  -1.0013200e-01
   2.9610800e-01   1.8808400e-01   1.4866000e-01   9.2457800e-01  -1.1326900e-01  -2.8011200e-01  -1.0272400e-01
   2.9658000e-01   1.9639800e-01   1.5810500e-01   9.2112500e-01  -1.0742600e-01  -2.8366800e-01  -1.0501000e-01
   2.9666500e-01   2.0535400e-01   1.6805800e-01   9.1737400e-01  -1.0124000e-01  -2.8742400e-01  -1.0696400e-01
   2.9684700e-01   2.2459000e-01   1.8847200e-01   9.0880100e-01  -8.8140000e-02  -2.9516000e-01  -1.0999700e-01
   2.9684700e-01   2.2459000e-01   1.8847200e-01   9.0880100e-01  -8.8140000e-02  -2.9516000e-01  -1.0999700e-01
   2.9684700e-01   2.2459000e-01   1.8847200e-01   9.0880100e-01  -8.8140000e-02  -2.9516000e-01  -1.0999700e-01
   2.9684700e-01   2.2459000e-01   1.8847200e-01   9.0880100e-01  -8.8140000e-02  -2.9516000e-01  -1.0999700e-01
   2.9684700e-01   2.2459000e-01   1.8847200e-01   9.0880100e-01  -8.8140000e-02  -2.9516000e-01  -1.0999700e-01
   2.9684700e-01   2.2459000e-01   1.8847200e-01   9.0880100e-01  -8.8140000e-02  -2.9516000e-01  -1.0999700e-01
   2.9684700e-01   2.2459000e-01   1.8847200e-01   9.0880100e-01  -8.8140000e-02  -2.9516000e-01  -1.0999700e-01
   2.9684700e-01   2.2459000e-01   1.8847200e-01   9.0880100e-01  -8.8140000e-02  -2.9516000e-01  -1.0999700e-01
   2.9684700e-01   2.2459000e-01   1.8847200e-01   9.0880100e-01  -8.8140000e-02  -2.9516000e-01  -1.0999700e-01
   2.9684700e-01   2.2459000e-01   1.8847200e-01   9.0880100e-01  -8.8140000e-02  -2.9516000e-01  -1.0999700e-01
   2.9684700e-01   2.2459000e-01   1.8847200e-01   9.0880100e-01  -8.8140000e-02  -2.9516000e-01  -1.0999700e-01
   2.9684700e-01   2.2459000e-01   1.8847200e-01   9.0880100e-01  -8.8140000e-02  -2.9516000e-01  -1.0999700e-01
   2.9684700e-01   2.2459000e-01   1.8847200e-01   9.0880100e-01  -8.8140000e-02  -2.9516000e-01  -1.0999700e-01
   2.9684700e-01   2.2459000e-01   1.8847200e-01   9.0880100e-01  -8.8140000e-02  -2.9516000e-01  -1.0999700e-01
   2.9684700e-01   2.2459000e-01   1.8847200e-01   9.0880100e-01  -8.8140000e-02  -2.9516000e-01  -1.0999700e-01
   2.9684700e-01   2.2459000e-01   1.8847200e-01   9.0880100e-01  -8.8140000e-02  -2.9516000e-01  -1.0999700e-01
   2.9684700e-01   2.2459000e-01   1.8847200e-01   9.0880100e-01  -8.8140000e-02  -2.9516000e-01  -1.0999700e-01
   2.9684700e-01   2.2459000e-01   1.8847200e-01   9.0880100e-01  -8.8140000e-02  -2.9516000e-01  -1.0999700e-01
   2.9684700e-01   2.2459000e-01   1.8847200e-01   9.0880100e-01  -8.8140000e-02  -2.9516000e-01  -1.0999700e-01
   2.9684700e-01   2.2459000e-01   1.8847200e-01   9.0880100e-01  -8.8140000e-02  -2.9516000e-01  -1.0999700e-01
   2.9684700e-01   2.2459000e-01   1.8847200e-01   9.0880100e-01  -8.8140000e-02  -2.9516000e-01  -1.0999700e-01
   2.9684700e-01   2.2459000e-01   1.8847200e-01   9.0880100e-01  -8.8140000e-02  -2.9516000e-01  -1.0999700e-01
   2.9684700e-01   2.2459000e-01   1.8847200e-01   9.0880100e-01  -8.8140000e-02  -2.9516000e-01  -1.0999700e-01
   2.9684700e-01   2.2459000e-01   1.8847200e-01   9.0880100e-01  -8.8140000e-02  -2.9516000e-01  -1.0999700e-01
   2.9684700e-01   2.2459000e-01   1.8847200e-01   9.0880100e-01  -8.8140000e-02  -2.9516000e-01  -1.0999700e-01
   2.9684700e-01   2.2459000e-01   1.8847200e-01   9.0880100e-01  -8.8140000e-02  -2.9516000e-01  -1.0999700e-01
   2.9684700e-01   2.2459000e-01   1.8847200e-01   9.0880100e-01  -8.8140000e-02  -2.9516000e-01  -1.0999700e-01
   2.9684700e-01   2.2459000e-01   1.8847200e-01   9.0880100e-01  -8.8140000e-02  -2.9516000e-01  -1.0999700e-01
   2.9684700e-01   2.2459000e-01   1.8847200e-01   9.0880100e-01  -8.8140000e-02  -2.9516000e-01  -1.0999700e-01
   1.1628700e-01   4.6515700e-01   4.7718000e-01   7.3648200e-01   1.2285900e-01  -4.7633600e-01  -4.0493000e-02
   1.0798300e-01   4.8117100e-01   4.7903400e-01   7.2618200e-01   1.3318000e-01  -4.8139100e-01  -3.0856000e-02
   9.9903000e-02   4.9788500e-01   4.7937700e-01   7.1577100e-01   1.4330900e-01  -4.8563800e-01  -2.0698000e-02
   9.1694000e-02   5.1494500e-01   4.7833400e-01   7.0542200e-01   1.5315800e-01  -4.8903900e-01  -1.0074000e-02
   8.3581000e-02   5.3238300e-01   4.7566100e-01   6.9521800e-01   1.6263400e-01  -4.9157100e-01   9.6500000e-04
   7.5671000e-02   5.5015000e-01   4.7118600e-01   6.8526800e-01   1.7166100e-01  -4.9321900e-01   1.2363000e-02
   6.7664000e-02   5.6790300e-01   4.6513900e-01   6.7568700e-01   1.8014800e-01  -4.9397500e-01   2.4061000e-02
   5.9441000e-02   5.8542200e-01   4.5764500e-01   6.6656500e-01   1.8805000e-01  -4.9385200e-01   3.5987000e-02
   5.0089000e-02   6.0197100e-01   4.4959300e-01   6.5801800e-01   1.9533700e-01  -4.9286400e-01   4.8074000e-02
   4.0173000e-02   6.1781700e-01   4.4065500e-01   6.5000900e-01   2.0197200e-01  -4.9103500e-01   6.0245000e-02
   3.0834000e-02   6.3364600e-01   4.2986800e-01   6.4246000e-01   2.0793900e-01  -4.8839100e-01   7.2430000e-02
   2.2788000e-02   6.4981200e-01   4.1656900e-01   6.3537000e-01   2.1323700e-01  -4.8497200e-01   8.4550000e-02
   1.4503000e-02   6.6499500e-01   4.0253700e-01   6.2891600e-01   2.1787400e-01  -4.8087000e-01   9.6409000e-02
  -4.4200000e-03   6.9090600e-01   3.7589400e-01   6.1752200e-01   2.2536900e-01  -4.7106600e-01   1.1880400e-01
  -1.0894000e-02   7.0404000e-01   3.5923800e-01   6.1250000e-01   2.2830700e-01  -4.6556700e-01   1.2918700e-01
  -1.8884000e-02   7.1505900e-01   3.4466200e-01   6.0790000e-01   2.3076100e-01  -4.5982500e-01   1.3892700e-01
  -2.6330000e-02   7.2532000e-01   3.2990500e-01   6.0363900e-01   2.3275500e-01  -4.5387700e-01   1.4809000e-01
  -3.2871000e-02   7.3495100e-01   3.1461000e-01   5.9982300e-01   2.3431600e-01  -4.4781400e-01   1.5664500e-01
  -3.6378000e-02   7.4518900e-01   2.9602800e-01   5.9643700e-01   2.3546400e-01  -4.4160900e-01   1.6472500e-01
  -4.0367000e-02   7.5424000e-01   2.7802900e-01   5.9345800e-01   2.3610800e-01  -4.3519000e-01   1.7245200e-01
  -4.4504000e-02   7.6228900e-01   2.6041900e-01   5.9086100e-01   2.3624300e-01  -4.2860100e-01   1.7981700e-01
  -4.8945000e-02   7.6930800e-01   2.4355000e-01   5.8860300e-01   2.3592100e-01  -4.2189200e-01   1.8680600e-01
  -5.4926000e-02   7.7485600e-01   2.2922700e-01   5.8654600e-01   2.3517000e-01  -4.1511500e-01   1.9340500e-01
  -5.3302000e-02   7.7548800e-01   2.2708100e-01   5.8669600e-01   2.3517000e-01  -4.1511500e-01   1.9340500e-01
  -5.7164000e-02   7.8101500e-01   2.1053800e-01   5.8516800e-01   2.3403400e-01  -4.0831000e-01   1.9961400e-01
  -5.9274000e-02   7.8632100e-01   1.9232200e-01   5.8412200e-01   2.3254200e-01  -4.0151200e-01   2.0543500e-01
  -5.9327000e-02   7.9140800e-01   1.7206600e-01   5.8356400e-01   2.3072800e-01  -3.9474900e-01   2.1087800e-01
  -5.8409000e-02   7.9587000e-01   1.5124300e-01   5.8335600e-01   2.2862400e-01  -3.8803900e-01   2.1595800e-01
  -5.8847000e-02   7.9917100e-01   1.3304800e-01   5.8323300e-01   2.2626500e-01  -3.8139100e-01   2.2069200e-01
  -6.0220000e-02   8.0161000e-01   1.1709800e-01   5.8316600e-01   2.2368000e-01  -3.7484300e-01   2.2508100e-01
  -6.0407000e-02   8.0369600e-01   1.0049800e-01   5.8337200e-01   2.2090200e-01  -3.6842000e-01   2.2912900e-01
  -5.8554000e-02   8.0555200e-01   8.2114000e-02   5.8387900e-01   2.1795900e-01  -3.6212700e-01   2.3285800e-01
  -5.4754000e-02   8.0704200e-01   6.2023000e-02   5.8466900e-01   2.1487200e-01  -3.5597300e-01   2.3628000e-01
  -5.1287000e-02   8.0789000e-01   4.3322000e-02   5.8549700e-01   2.1167600e-01  -3.4995700e-01   2.3941200e-01
  -4.8861000e-02   8.0814900e-01   2.6974000e-02   5.8632700e-01   2.0839100e-01  -3.4409900e-01   2.4225700e-01
  -4.7642000e-02   8.0794000e-01   1.3176000e-02   5.8718800e-01   2.0502400e-01  -3.3841400e-01   2.4482000e-01
  -4.5375000e-02   8.0739100e-01  -1.2020000e-03   5.8826800e-01   2.0159300e-01  -3.3291300e-01   2.4710900e-01
  -4.1992000e-02   8.0647500e-01  -1.6254000e-02   5.8955100e-01   1.9811200e-01  -3.2760200e-01   2.4913600e-01
  -4.0331000e-02   8.0530100e-01  -2.8125000e-02   5.9082300e-01   1.9460100e-01  -3.2249400e-01   2.5091100e-01
  -4.0855000e-02   8.0402500e-01  -3.6262000e-02   5.9208100e-01   1.9107900e-01  -3.1760000e-01   2.5244300e-01
  -3.9723000e-02   8.0247200e-01  -4.5933000e-02   5.9359200e-01   1.8755300e-01  -3.1292500e-01   2.5374200e-01
  -4.1583000e-02   8.0261200e-01  -4.3418000e-02   5.9346400e-01   1.8755300e-01  -3.1292500e-01   2.5374200e-01
  -4.0502000e-02   8.0092900e-01  -5.2363000e-02   5.9508900e-01   1.8405000e-01  -3.0847100e-01   2.5482600e-01
  -3.9102000e-02   7.9906800e-01  -6.1141000e-02   5.9684400e-01   1.8059000e-01  -3.0424000e-01   2.5571200e-01
  -3.9815000e-02   7.9732000e-01  -6.6540000e-02   5.9855500e-01   1.7718300e-01  -3.0022800e-01   2.5641300e-01
  -4.0123000e-02   7.9547200e-01  -7.1976000e-02   6.0036200e-01   1.7384700e-01  -2.9643400e-01   2.5694900e-01
  -3.9107000e-02   7.9341800e-01  -7.8680000e-02   6.0230200e-01   1.7059300e-01  -2.9285200e-01   2.5733800e-01
  -3.8196000e-02   7.9136100e-01  -8.4792000e-02   6.0423400e-01   1.6744500e-01  -2.8947100e-01   2.5760300e-01
  -3.8723000e-02   7.8952500e-01  -8.8613000e-02   6.0605200e-01   1.6441400e-01  -2.8628000e-01   2.5776400e-01
  -3.9756000e-02   7.8780800e-01  -9.1421000e-02   6.0780000e-01   1.6150500e-01  -2.8327100e-01   2.5783600e-01
  -3.9914000e-02   7.8601200e-01  -9.5063000e-02   6.0955400e-01   1.5873400e-01  -2.8043300e-01   2.5783600e-01
  -3.9768000e-02   7.8362400e-01  -9.7893000e-02   6.1218400e-01   1.5581500e-01  -2.7797200e-01   2.5844200e-01
  -3.9667000e-02   7.8016600e-01  -9.8754000e-02   6.1645400e-01   1.5247900e-01  -2.7603600e-01   2.6022400e-01
  -3.9530000e-02   7.7618700e-01  -9.8738000e-02   6.2146800e-01   1.4899600e-01  -2.7438500e-01   2.6253600e-01
  -3.9210000e-02   7.7192800e-01  -9.8513000e-02   6.2680500e-01   1.4549200e-01  -2.7291400e-01   2.6502800e-01
  -3.8067000e-02   7.6332200e-01  -9.8089000e-02   6.3739300e-01   1.3877800e-01  -2.7031900e-01   2.6997800e-01
  -3.8111000e-02   7.5925200e-01  -9.6977000e-02   6.4240100e-01   1.3562700e-01  -2.6915700e-01   2.7233800e-01
  -3.8204000e-02   7.5529600e-01  -9.5773000e-02   6.4722200e-01   1.3261400e-01  -2.6807200e-01   2.7459400e-01
  -3.8268000e-02   7.5145100e-01  -9.4534000e-02   6.5185900e-01   1.2972800e-01  -2.6705100e-01   2.7676600e-01
  -3.7461000e-02   7.4759800e-01  -9.4262000e-02   6.5636000e-01   1.2696600e-01  -2.6609400e-01   2.7883500e-01
  -3.4757000e-02   7.4010500e-01  -9.4731000e-02   6.6487800e-01   1.2177900e-01  -2.6433100e-01   2.8272400e-01
  -3.4190000e-02   7.3665100e-01  -9.3996000e-02   6.6883500e-01   1.1934700e-01  -2.6353100e-01   2.8453400e-01
  -3.3405000e-02   7.3328700e-01  -9.3474000e-02   6.7263400e-01   1.1701800e-01  -2.6277600e-01   2.8625700e-01
  -3.2646000e-02   7.3004800e-01  -9.2927000e-02   6.7626100e-01   1.1479300e-01  -2.6206800e-01   2.8787400e-01
  -3.1804000e-02   7.2691100e-01  -9.2461000e-02   6.7973500e-01   1.1265000e-01  -2.6139200e-01   2.8939900e-01
  -3.0796000e-02   7.2388700e-01  -9.2136000e-02   6.8304500e-01   1.1060400e-01  -2.6075100e-01   2.9084700e-01
  -2.9404000e-02   7.2094200e-01  -9.2208000e-02   6.8620400e-01   1.0865200e-01  -2.6014800e-01   2.9220800e-01
  -2.9044000e-02   7.1824600e-01  -9.1199000e-02   6.8917400e-01   1.0677900e-01  -2.5957400e-01   2.9348900e-01
  -2.9697000e-02   7.1576900e-01  -8.9189000e-02   6.9198200e-01   1.0497900e-01  -2.5902500e-01   2.9469700e-01
  -2.9530000e-02   7.1326800e-01  -8.8092000e-02   6.9470600e-01   1.0325800e-01  -2.5850700e-01   2.9583000e-01
  -2.8313000e-02   7.1071500e-01  -8.8146000e-02   6.9736100e-01   1.0161100e-01  -2.5801700e-01   2.9688400e-01
  -2.7524000e-02   7.0830000e-01  -8.7863000e-02   6.9988100e-01   1.0005000e-01  -2.5755800e-01   2.9786100e-01
  -2.7595000e-02   7.0608300e-01  -8.6809000e-02   7.0224600e-01   9.8585000e-02  -2.5713200e-01   2.9877500e-01
  -2.7485000e-02   7.0394600e-01  -8.6018000e-02   7.0448900e-01   9.7205000e-02  -2.5672900e-01   2.9962800e-01
  -2.6868000e-02   7.0184700e-01  -8.5803000e-02   7.0663100e-01   9.5909000e-02  -2.5634600e-01   3.0042900e-01
  -2.7294000e-02   7.0189800e-01  -8.5380000e-02   7.0661500e-01   9.5909000e-02  -2.5634600e-01   3.0042900e-01
  -2.7199000e-02   6.9996300e-01  -8.4717000e-02   7.0861500e-01   9.4693000e-02  -2.5598100e-01   3.0118200e-01
  -2.7278000e-02   6.9815300e-01  -8.3942000e-02   7.1048700e-01   9.3550000e-02  -2.5562500e-01   3.0189200e-01
  -2.7448000e-02   6.9646200e-01  -8.3120000e-02   7.1223400e-01   9.2472000e-02  -2.5527600e-01   3.0255500e-01
  -2.6824000e-02   6.9479600e-01  -8.3098000e-02   7.1388700e-01   9.1460000e-02  -2.5493000e-01   3.0318200e-01
  -2.6182000e-02   6.9324700e-01  -8.3110000e-02   7.1541300e-01   9.0512000e-02  -2.5458300e-01   3.0378000e-01
  -2.5707000e-02   6.9183400e-01  -8.2981000e-02   7.1681100e-01   8.9626000e-02  -2.5423300e-01   3.0434800e-01
  -2.5711000e-02   6.9058300e-01  -8.2417000e-02   7.1808200e-01   8.8793000e-02  -2.5388300e-01   3.0487900e-01
  -2.6119000e-02   6.8950000e-01  -8.1494000e-02   7.1921200e-01   8.8024000e-02  -2.5353300e-01   3.0537700e-01
  -2.6010000e-02   6.8846900e-01  -8.1128000e-02   7.2024400e-01   8.7316000e-02  -2.5317600e-01   3.0584000e-01
  -2.5303000e-02   6.8747900e-01  -8.1409000e-02   7.2118300e-01   8.6667000e-02  -2.5280900e-01   3.0626500e-01
  -2.5387000e-02   6.8670200e-01  -8.1008000e-02   7.2196500e-01   8.6084000e-02  -2.5243900e-01   3.0664400e-01
  -2.6228000e-02   6.8612900e-01  -7.9979000e-02   7.2259500e-01   8.5572000e-02  -2.5206900e-01   3.0697700e-01
  -2.7207000e-02   6.8566400e-01  -7.8929000e-02   7.2311400e-01   8.5125000e-02  -2.5169900e-01   3.0726800e-01
  -2.7833000e-02   6.8525400e-01  -7.8305000e-02   7.2354700e-01   8.4744000e-02  -2.5133900e-01   3.0752200e-01
  -2.8236000e-02   6.8491100e-01  -7.7954000e-02   7.2389400e-01   8.4429000e-02  -2.5099200e-01   3.0774700e-01
  -2.7948000e-02   6.8457700e-01  -7.8340000e-02   7.2418000e-01   8.4177000e-02  -2.5065700e-01   3.0794200e-01
  -2.8953000e-02   6.8468500e-01  -7.7390000e-02   7.2414000e-01   8.4177000e-02  -2.5065700e-01   3.0794200e-01
  -2.9990000e-02   6.8457000e-01  -7.6578000e-02   7.2429300e-01   8.3987000e-02  -2.5033900e-01   3.0811500e-01
  -3.0841000e-02   6.8450400e-01  -7.5984000e-02   7.2438200e-01   8.3851000e-02  -2.5003600e-01   3.0827400e-01
  -3.1540000e-02   6.8449700e-01  -7.5545000e-02   7.2440500e-01   8.3763000e-02  -2.4974800e-01   3.0842000e-01
  -3.2078000e-02   6.8454400e-01  -7.5260000e-02   7.2436700e-01   8.3723000e-02  -2.4947500e-01   3.0855800e-01
  -3.2480000e-02   6.8463500e-01  -7.5105000e-02   7.2427800e-01   8.3723000e-02  -2.4921600e-01   3.0869000e-01
  -3.2973000e-02   6.8480300e-01  -7.4841000e-02   7.2412500e-01   8.3768000e-02  -2.4898100e-01   3.0881700e-01
  -3.3099000e-02   6.8520700e-01  -7.5092000e-02   7.2371100e-01   8.3970000e-02  -2.4855800e-01   3.0906800e-01
  -3.2898000e-02   6.8544800e-01  -7.5455000e-02   7.2345400e-01   8.4124000e-02  -2.4837000e-01   3.0919500e-01
  -3.2776000e-02   6.8573700e-01  -7.5735000e-02   7.2315600e-01   8.4308000e-02  -2.4819900e-01   3.0931900e-01
  -3.2851000e-02   6.8608100e-01  -7.5811000e-02   7.2281800e-01   8.4515000e-02  -2.4804200e-01   3.0944200e-01
  -3.2813000e-02   6.8682300e-01  -7.6121000e-02   7.2208300e-01   8.4982000e-02  -2.4776900e-01   3.0966800e-01
  -3.2402000e-02   6.8717800e-01  -7.6646000e-02   7.2170700e-01   8.5237000e-02  -2.4765300e-01   3.0976900e-01
  -3.1913000e-02   6.8754800e-01  -7.7232000e-02   7.2131400e-01   8.5511000e-02  -2.4754900e-01   3.0987100e-01
  -3.1679000e-02   6.8797200e-01  -7.7565000e-02   7.2088400e-01   8.5803000e-02  -2.4745900e-01   3.0996700e-01
  -3.1246000e-02   6.8840200e-01  -7.8089000e-02   7.2043600e-01   8.6114000e-02  -2.4737500e-01   3.1006100e-01
  -3.0576000e-02   6.8882200e-01  -7.8826000e-02   7.1998300e-01   8.6436000e-02  -2.4730100e-01   3.1015400e-01
  -2.9766000e-02   6.8924600e-01  -7.9689000e-02   7.1951600e-01   8.6774000e-02  -2.4723600e-01   3.1024700e-01
  -2.8254000e-02   6.8958700e-01  -8.1240000e-02   7.1907700e-01   8.7118000e-02  -2.4717200e-01   3.1034300e-01
  -2.6943000e-02   6.8996000e-01  -8.2617000e-02   7.1861200e-01   8.7479000e-02  -2.4710900e-01   3.1044400e-01
  -2.5873000e-02   6.9035400e-01  -8.3806000e-02   7.1813500e-01   8.7858000e-02  -2.4705100e-01   3.1054800e-01
  -2.5987000e-02   6.9085300e-01  -8.3931000e-02   7.1763600e-01   8.8250000e-02  -2.4699900e-01   3.1065600e-01
