   7.8515000e-02   1.8194100e-01   4.3410000e-02   9.7920800e-01  -1.5938200e-01  -2.3352400e-01  -1.2233000e-02
   7.9346000e-02   1.8288800e-01   4.3450000e-02   9.7896300e-01  -1.5899500e-01  -2.3355100e-01  -1.2609000e-02
   7.8361000e-02   1.8378600e-01   4.3925000e-02   9.7885300e-01  -1.5854700e-01  -2.3360000e-01  -1.3127000e-02
   7.6961000e-02   1.8419100e-01   4.4392000e-02   9.7886700e-01  -1.5829500e-01  -2.3364000e-01  -1.3465000e-02
   7.1986000e-02   1.8482700e-01   4.5949000e-02   9.7905300e-01  -1.5773700e-01  -2.3378700e-01  -1.4338000e-02
   6.7926000e-02   1.8541800e-01   4.7673000e-02   9.7914900e-01  -1.5708200e-01  -2.3404000e-01  -1.5514000e-02
   6.6154000e-02   1.8607000e-01   4.9330000e-02   9.7906500e-01  -1.5632500e-01  -2.3441400e-01  -1.6958000e-02
   6.6192000e-02   1.8686800e-01   5.1037000e-02   9.7882300e-01  -1.5544000e-01  -2.3492000e-01  -1.8630000e-02
   6.6943000e-02   1.8769300e-01   5.3067000e-02   9.7850600e-01  -1.5447100e-01  -2.3560000e-01  -2.0440000e-02
   6.8433000e-02   1.8864000e-01   5.5571000e-02   9.7808200e-01  -1.5336800e-01  -2.3651400e-01  -2.2413000e-02
   6.8804000e-02   1.8915000e-01   5.7147000e-02   9.7786600e-01  -1.5274900e-01  -2.3706400e-01  -2.3472000e-02
   6.8332000e-02   1.8966400e-01   5.9058000e-02   9.7768600e-01  -1.5207600e-01  -2.3767700e-01  -2.4585000e-02
   6.9507000e-02   1.9126000e-01   6.3515000e-02   9.7701300e-01  -1.5037700e-01  -2.3928100e-01  -2.7129000e-02
   6.9649000e-02   1.9315800e-01   6.9142000e-02   9.7624700e-01  -1.4837200e-01  -2.4124400e-01  -2.9840000e-02
   6.8102000e-02   1.9513700e-01   7.5418000e-02   9.7549800e-01  -1.4604600e-01  -2.4372300e-01  -3.2673000e-02
   6.3309000e-02   1.9705000e-01   8.2793000e-02   9.7483800e-01  -1.4341300e-01  -2.4663000e-01  -3.5591000e-02
   5.4679000e-02   1.9877500e-01   9.1492000e-02   9.7423200e-01  -1.4048300e-01  -2.4989000e-01  -3.8556000e-02
   4.7598000e-02   2.0077300e-01   1.0042500e-01   9.7331400e-01  -1.3724500e-01  -2.5348500e-01  -4.1534000e-02
   4.5783000e-02   2.0350000e-01   1.0883400e-01   9.7192900e-01  -1.3370400e-01  -2.5741100e-01  -4.4477000e-02
   4.1021000e-02   2.0612300e-01   1.1825800e-01   9.7048700e-01  -1.2983500e-01  -2.6164300e-01  -4.7374000e-02
   3.6417000e-02   2.0720200e-01   1.2360200e-01   9.6977500e-01  -1.2780600e-01  -2.6385700e-01  -4.8772000e-02
   3.1744000e-02   2.1004900e-01   1.3363000e-01   9.6799500e-01  -1.2354300e-01  -2.6846400e-01  -5.1459000e-02
   2.6655000e-02   2.1303500e-01   1.4413600e-01   9.6598700e-01  -1.1899900e-01  -2.7328500e-01  -5.3989000e-02
   2.2771000e-02   2.1645700e-01   1.5472900e-01   9.6368400e-01  -1.1415800e-01  -2.7830100e-01  -5.6333000e-02
   1.9999000e-02   2.2031100e-01   1.6552600e-01   9.6107400e-01  -1.0904600e-01  -2.8348300e-01  -5.8467000e-02
   1.6518000e-02   2.2435900e-01   1.7683800e-01   9.5818500e-01  -1.0363300e-01  -2.8880200e-01  -6.0389000e-02
   1.1888000e-02   2.2855700e-01   1.8872900e-01   9.5498800e-01  -9.7885000e-02  -2.9426000e-01  -6.2079000e-02
   9.1090000e-03   2.3352500e-01   2.0052100e-01   9.5140700e-01  -9.1806000e-02  -2.9979600e-01  -6.3515000e-02
   6.0830000e-03   2.3583100e-01   2.0693400e-01   9.4948700e-01  -8.8632000e-02  -3.0258500e-01  -6.4139000e-02
   3.3800000e-03   2.4148400e-01   2.1910500e-01   9.4534000e-01  -8.2024000e-02  -3.0822900e-01  -6.5187000e-02
  -2.9700000e-04   2.4735000e-01   2.3181400e-01   9.4078700e-01  -7.5105000e-02  -3.1393900e-01  -6.5920000e-02
  -5.9730000e-03   2.5312400e-01   2.4536200e-01   9.3578300e-01  -6.7845000e-02  -3.1965700e-01  -6.6380000e-02
  -1.1307000e-02   2.5932500e-01   2.5904500e-01   9.3033200e-01  -6.0257000e-02  -3.2538700e-01  -6.6574000e-02
  -1.5885000e-02   2.6608400e-01   2.7255800e-01   9.2447800e-01  -5.2332000e-02  -3.3112900e-01  -6.6520000e-02
  -2.1606000e-02   2.7283700e-01   2.8627000e-01   9.1822800e-01  -4.4109000e-02  -3.3685600e-01  -6.6206000e-02
  -2.1606000e-02   2.7283700e-01   2.8627000e-01   9.1822800e-01  -4.4109000e-02  -3.3685600e-01  -6.6206000e-02
  -2.1606000e-02   2.7283700e-01   2.8627000e-01   9.1822800e-01  -4.4109000e-02  -3.3685600e-01  -6.6206000e-02
  -2.1606000e-02   2.7283700e-01   2.8627000e-01   9.1822800e-01  -4.4109000e-02  -3.3685600e-01  -6.6206000e-02
  -2.1606000e-02   2.7283700e-01   2.8627000e-01   9.1822800e-01  -4.4109000e-02  -3.3685600e-01  -6.6206000e-02
  -2.1606000e-02   2.7283700e-01   2.8627000e-01   9.1822800e-01  -4.4109000e-02  -3.3685600e-01  -6.6206000e-02
  -2.1606000e-02   2.7283700e-01   2.8627000e-01   9.1822800e-01  -4.4109000e-02  -3.3685600e-01  -6.6206000e-02
  -2.1606000e-02   2.7283700e-01   2.8627000e-01   9.1822800e-01  -4.4109000e-02  -3.3685600e-01  -6.6206000e-02
  -2.1606000e-02   2.7283700e-01   2.8627000e-01   9.1822800e-01  -4.4109000e-02  -3.3685600e-01  -6.6206000e-02
  -2.1606000e-02   2.7283700e-01   2.8627000e-01   9.1822800e-01  -4.4109000e-02  -3.3685600e-01  -6.6206000e-02
  -2.1606000e-02   2.7283700e-01   2.8627000e-01   9.1822800e-01  -4.4109000e-02  -3.3685600e-01  -6.6206000e-02
  -2.1606000e-02   2.7283700e-01   2.8627000e-01   9.1822800e-01  -4.4109000e-02  -3.3685600e-01  -6.6206000e-02
  -2.1606000e-02   2.7283700e-01   2.8627000e-01   9.1822800e-01  -4.4109000e-02  -3.3685600e-01  -6.6206000e-02
  -2.1606000e-02   2.7283700e-01   2.8627000e-01   9.1822800e-01  -4.4109000e-02  -3.3685600e-01  -6.6206000e-02
  -2.1606000e-02   2.7283700e-01   2.8627000e-01   9.1822800e-01  -4.4109000e-02  -3.3685600e-01  -6.6206000e-02
  -2.1606000e-02   2.7283700e-01   2.8627000e-01   9.1822800e-01  -4.4109000e-02  -3.3685600e-01  -6.6206000e-02
  -2.1606000e-02   2.7283700e-01   2.8627000e-01   9.1822800e-01  -4.4109000e-02  -3.3685600e-01  -6.6206000e-02
  -2.1606000e-02   2.7283700e-01   2.8627000e-01   9.1822800e-01  -4.4109000e-02  -3.3685600e-01  -6.6206000e-02
  -2.1606000e-02   2.7283700e-01   2.8627000e-01   9.1822800e-01  -4.4109000e-02  -3.3685600e-01  -6.6206000e-02
  -2.1606000e-02   2.7283700e-01   2.8627000e-01   9.1822800e-01  -4.4109000e-02  -3.3685600e-01  -6.6206000e-02
  -1.1338600e-01   3.7544500e-01   4.6381900e-01   7.9439100e-01   9.6253000e-02  -4.5680900e-01  -6.0760000e-03
  -1.1408400e-01   3.8859400e-01   4.6895800e-01   7.8489300e-01   1.0533200e-01  -4.6165700e-01   1.8110000e-03
  -1.1565800e-01   4.0219000e-01   4.7378900e-01   7.7484800e-01   1.1445400e-01  -4.6589000e-01   1.0175000e-02
  -1.1763400e-01   4.1644600e-01   4.7805300e-01   7.6433000e-01   1.2354600e-01  -4.6945900e-01   1.8977000e-02
  -1.1856900e-01   4.3207600e-01   4.8067100e-01   7.5379500e-01   1.3260500e-01  -4.7235500e-01   2.8080000e-02
  -1.1855300e-01   4.4041300e-01   4.8127300e-01   7.4857000e-01   1.3707900e-01  -4.7353900e-01   3.2705000e-02
  -1.1854000e-01   4.5756700e-01   4.8160700e-01   7.3799400e-01   1.4584800e-01  -4.7534500e-01   4.2143000e-02
  -1.1927500e-01   4.7469200e-01   4.8109200e-01   7.2731800e-01   1.5439700e-01  -4.7644100e-01   5.1712000e-02
  -1.1928200e-01   4.9254000e-01   4.7866300e-01   7.1697800e-01   1.6268800e-01  -4.7685000e-01   6.1292000e-02
  -1.1811700e-01   5.1125800e-01   4.7391800e-01   7.0715300e-01   1.7063100e-01  -4.7658900e-01   7.0808000e-02
  -1.1601100e-01   5.3053700e-01   4.6688600e-01   6.9791800e-01   1.7816900e-01  -4.7569000e-01   8.0193000e-02
  -1.1320300e-01   5.5027300e-01   4.5785900e-01   6.8902100e-01   1.8518300e-01  -4.7413600e-01   8.9520000e-02
  -1.1018300e-01   5.7001400e-01   4.4711900e-01   6.8046200e-01   1.9172000e-01  -4.7198200e-01   9.8744000e-02
  -1.1133600e-01   5.8681500e-01   4.3844100e-01   6.7158100e-01   1.9774500e-01  -4.6924800e-01   1.0785500e-01
  -1.0047500e-01   6.0246700e-01   4.2338800e-01   6.6909000e-01   2.0053500e-01  -4.6766400e-01   1.1236800e-01
  -9.3177000e-02   6.2400300e-01   4.0456500e-01   6.6201600e-01   2.0564700e-01  -4.6408100e-01   1.2129600e-01
  -8.8282000e-02   6.4334400e-01   3.8639700e-01   6.5499100e-01   2.1009000e-01  -4.5999100e-01   1.3003200e-01
  -8.4137000e-02   6.6143800e-01   3.6774400e-01   6.4821700e-01   2.1386000e-01  -4.5545200e-01   1.3853700e-01
  -7.8983000e-02   6.7921900e-01   3.4696600e-01   6.4190200e-01   2.1698300e-01  -4.5050700e-01   1.4681000e-01
  -7.3784000e-02   6.9598900e-01   3.2507600e-01   6.3598800e-01   2.1943900e-01  -4.4518700e-01   1.5483600e-01
  -6.9438000e-02   7.1132000e-01   3.0318100e-01   6.3030400e-01   2.2124000e-01  -4.3949500e-01   1.6266100e-01
  -6.6390000e-02   7.2499900e-01   2.8205600e-01   6.2483100e-01   2.2241300e-01  -4.3347300e-01   1.7026300e-01
  -6.6882000e-02   7.3611600e-01   2.6475700e-01   6.1932600e-01   2.2296100e-01  -4.2716800e-01   1.7761700e-01
  -6.2242000e-02   7.4331300e-01   2.5026700e-01   6.1723400e-01   2.2299300e-01  -4.2393400e-01   1.8118000e-01
  -5.8559000e-02   7.5439600e-01   2.2775700e-01   6.1284900e-01   2.2260900e-01  -4.1731200e-01   1.8808500e-01
  -5.5994000e-02   7.6382100e-01   2.0649000e-01   6.0893600e-01   2.2165300e-01  -4.1051600e-01   1.9467600e-01
  -5.4907000e-02   7.7159500e-01   1.8724400e-01   6.0544700e-01   2.2016500e-01  -4.0359700e-01   2.0093100e-01
  -5.4730000e-02   7.7808700e-01   1.6960400e-01   6.0234500e-01   2.1817300e-01  -3.9657600e-01   2.0685500e-01
  -5.3865000e-02   7.8383500e-01   1.5154400e-01   5.9978000e-01   2.1575300e-01  -3.8948200e-01   2.1244300e-01
  -5.2821000e-02   7.8863200e-01   1.3353500e-01   5.9786100e-01   2.1298900e-01  -3.8236100e-01   2.1765900e-01
  -5.2673000e-02   7.9061500e-01   1.2516300e-01   5.9706600e-01   2.1148700e-01  -3.7878700e-01   2.2013600e-01
  -5.1953000e-02   7.9400000e-01   1.0824800e-01   5.9594300e-01   2.0825100e-01  -3.7166700e-01   2.2479400e-01
  -4.9609000e-02   7.9681800e-01   8.9366000e-02   5.9551200e-01   2.0469200e-01  -3.6447400e-01   2.2913000e-01
  -4.9433000e-02   7.9856400e-01   7.3349000e-02   5.9537600e-01   2.0074400e-01  -3.5705600e-01   2.3323000e-01
  -4.9921000e-02   7.9959000e-01   5.8511000e-02   5.9560100e-01   1.9667100e-01  -3.4965000e-01   2.3697400e-01
  -5.3360000e-02   7.9961900e-01   5.5577000e-02   5.9554400e-01   1.9461500e-01  -3.4597900e-01   2.3870800e-01
  -5.8108000e-02   7.9960300e-01   4.7252000e-02   5.9584100e-01   1.9047800e-01  -3.3874800e-01   2.4188100e-01
  -6.2067000e-02   7.9920400e-01   3.8289000e-02   5.9661900e-01   1.8630400e-01  -3.3170600e-01   2.4464500e-01
  -6.5141000e-02   7.9862000e-01   2.8758000e-02   5.9760800e-01   1.8211400e-01  -3.2478400e-01   2.4708700e-01
  -6.8232000e-02   7.9779200e-01   1.9821000e-02   5.9873100e-01   1.7795400e-01  -3.1802800e-01   2.4920800e-01
  -7.1530000e-02   7.9675800e-01   1.1784000e-02   5.9993400e-01   1.7386900e-01  -3.1149200e-01   2.5101500e-01
  -7.4373000e-02   7.9557300e-01   3.8260000e-03   6.0126400e-01   1.6990100e-01  -3.0523200e-01   2.5251800e-01
  -7.5956000e-02   7.9362800e-01  -4.2940000e-03   6.0362900e-01   1.6582500e-01  -2.9952000e-01   2.5431500e-01
  -7.6256000e-02   7.9181300e-01  -7.7800000e-03   6.0593500e-01   1.6352000e-01  -2.9707400e-01   2.5582300e-01
  -7.6744000e-02   7.8751800e-01  -1.3885000e-02   6.1133800e-01   1.5879600e-01  -2.9257100e-01   2.5915700e-01
  -7.7362000e-02   7.8285300e-01  -1.9181000e-02   6.1708000e-01   1.5414500e-01  -2.8840500e-01   2.6247300e-01
  -7.7946000e-02   7.7805800e-01  -2.4055000e-02   6.2287400e-01   1.4967300e-01  -2.8453400e-01   2.6562400e-01
  -7.8056000e-02   7.7325100e-01  -2.9107000e-02   6.2860400e-01   1.4541900e-01  -2.8092300e-01   2.6855300e-01
  -7.8308000e-02   7.6852800e-01  -3.3585000e-02   6.3411700e-01   1.4137900e-01  -2.7754100e-01   2.7125500e-01
  -7.9453000e-02   7.6397600e-01  -3.6591000e-02   6.3928800e-01   1.3757000e-01  -2.7438600e-01   2.7376700e-01
  -8.0602000e-02   7.5961700e-01  -3.9151000e-02   6.4416800e-01   1.3399200e-01  -2.7143200e-01   2.7613100e-01
  -8.0618000e-02   7.5746700e-01  -4.0952000e-02   6.4658100e-01   1.3228700e-01  -2.7002400e-01   2.7727100e-01
  -7.9460000e-02   7.5322400e-01  -4.5588000e-02   6.5135300e-01   1.2901800e-01  -2.6733200e-01   2.7946200e-01
  -7.8089000e-02   7.4917200e-01  -4.9935000e-02   6.5585800e-01   1.2592300e-01  -2.6480200e-01   2.8152700e-01
  -7.7975000e-02   7.4538100e-01  -5.2400000e-02   6.5998600e-01   1.2299400e-01  -2.6245500e-01   2.8347100e-01
  -7.8184000e-02   7.4185400e-01  -5.3965000e-02   6.6379800e-01   1.2020200e-01  -2.6029500e-01   2.8524500e-01
  -7.8330000e-02   7.3854000e-01  -5.5211000e-02   6.6736400e-01   1.1756900e-01  -2.5831800e-01   2.8686300e-01
  -7.8374000e-02   7.3694900e-01  -5.5751000e-02   6.6907000e-01   1.1631300e-01  -2.5740800e-01   2.8761100e-01
  -7.9009000e-02   7.3395200e-01  -5.6004000e-02   6.7226200e-01   1.1393500e-01  -2.5575400e-01   2.8899600e-01
  -7.9412000e-02   7.3112400e-01  -5.6332000e-02   6.7526200e-01   1.1174200e-01  -2.5430800e-01   2.9021400e-01
  -7.9465000e-02   7.2846700e-01  -5.6963000e-02   6.7806800e-01   1.0974900e-01  -2.5306800e-01   2.9123800e-01
  -8.0052000e-02   7.2605500e-01  -5.7063000e-02   6.8057300e-01   1.0798400e-01  -2.5201000e-01   2.9210600e-01
  -8.1289000e-02   7.2388100e-01  -5.6450000e-02   6.8279000e-01   1.0642900e-01  -2.5114600e-01   2.9283700e-01
  -8.3038000e-02   7.2191900e-01  -5.5274000e-02   6.8475000e-01   1.0507000e-01  -2.5046200e-01   2.9345900e-01
  -8.4326000e-02   7.2010500e-01  -5.4572000e-02   6.8655600e-01   1.0389100e-01  -2.4991800e-01   2.9398500e-01
  -8.5289000e-02   7.1848000e-01  -5.4186000e-02   6.8816900e-01   1.0287600e-01  -2.4946900e-01   2.9442300e-01
  -8.5676000e-02   7.1774000e-01  -5.4097000e-02   6.8890000e-01   1.0243100e-01  -2.4927000e-01   2.9462100e-01
  -8.6875000e-02   7.1645400e-01  -5.3442000e-02   6.9013800e-01   1.0165900e-01  -2.4891900e-01   2.9498600e-01
  -8.8830000e-02   7.1542900e-01  -5.1920000e-02   6.9106800e-01   1.0102100e-01  -2.4862800e-01   2.9531500e-01
  -8.9076000e-02   7.1493400e-01  -5.1893000e-02   6.9155000e-01   1.0074600e-01  -2.4849600e-01   2.9546700e-01
