   2.0791000e-02   1.9296800e-01   6.5160000e-03   9.8096300e-01  -1.6142500e-01  -2.1429400e-01   4.7020000e-03
   2.1990000e-02   1.9380300e-01   6.4280000e-03   9.8077300e-01  -1.6119400e-01  -2.1433200e-01   4.7010000e-03
   2.2584000e-02   1.9428200e-01   6.4760000e-03   9.8066400e-01  -1.6105000e-01  -2.1438500e-01   4.6580000e-03
   2.2887000e-02   1.9480900e-01   6.6610000e-03   9.8055100e-01  -1.6087800e-01  -2.1446600e-01   4.5690000e-03
   2.1015000e-02   1.9609200e-01   7.9100000e-03   9.8032800e-01  -1.6039800e-01  -2.1476200e-01   4.1560000e-03
   1.7355000e-02   1.9749100e-01   1.0095000e-02   9.8009900e-01  -1.5978900e-01  -2.1526900e-01   3.4520000e-03
   1.3200000e-02   1.9901600e-01   1.2884000e-02   9.7982300e-01  -1.5902600e-01  -2.1594400e-01   2.4110000e-03
   8.4810000e-03   2.0057600e-01   1.6390000e-02   9.7950400e-01  -1.5814000e-01  -2.1683500e-01   1.1050000e-03
   3.7400000e-03   2.0215300e-01   2.0595000e-02   9.7913000e-01  -1.5709700e-01  -2.1797000e-01  -5.5200000e-04
   3.8070000e-03   2.0391700e-01   2.4609000e-02   9.7867100e-01  -1.5583900e-01  -2.1938200e-01  -2.6170000e-03
  -4.3690000e-03   2.0463000e-01   2.8675000e-02   9.7840900e-01  -1.5510900e-01  -2.2020700e-01  -3.8140000e-03
  -1.0218000e-02   2.0638600e-01   3.5041000e-02   9.7779000e-01  -1.5337200e-01  -2.2229100e-01  -6.5240000e-03
  -1.5645000e-02   2.0818700e-01   4.1084000e-02   9.7710100e-01  -1.5116600e-01  -2.2518500e-01  -9.6350000e-03
  -2.0748000e-02   2.0991900e-01   4.7498000e-02   9.7634400e-01  -1.4860700e-01  -2.2866000e-01  -1.3080000e-02
  -2.7501000e-02   2.1150900e-01   5.4862000e-02   9.7544700e-01  -1.4564600e-01  -2.3265400e-01  -1.6889000e-02
  -3.5193000e-02   2.1292500e-01   6.3216000e-02   9.7438600e-01  -1.4228200e-01  -2.3715200e-01  -2.1005000e-02
  -4.3430000e-02   2.1404400e-01   7.2664000e-02   9.7314900e-01  -1.3854500e-01  -2.4212500e-01  -2.5380000e-02
  -5.0703000e-02   2.1507200e-01   8.2779000e-02   9.7176200e-01  -1.3435300e-01  -2.4756000e-01  -2.9981000e-02
  -5.4214000e-02   2.1630500e-01   9.2832000e-02   9.7038900e-01  -1.2970400e-01  -2.5337700e-01  -3.4735000e-02
  -6.0339000e-02   2.1640200e-01   9.9119000e-02   9.6938400e-01  -1.2723900e-01  -2.5640500e-01  -3.7135000e-02
  -6.4177000e-02   2.1728900e-01   1.1037500e-01   9.6772100e-01  -1.2200400e-01  -2.6264900e-01  -4.1972000e-02
  -6.5811000e-02   2.1835300e-01   1.2187700e-01   9.6599000e-01  -1.1635300e-01  -2.6906100e-01  -4.6823000e-02
  -6.6359000e-02   2.1960800e-01   1.3367600e-01   9.6410600e-01  -1.1026500e-01  -2.7561400e-01  -5.1612000e-02
  -6.7782000e-02   2.2087200e-01   1.4613400e-01   9.6190700e-01  -1.0373500e-01  -2.8221900e-01  -5.6296000e-02
  -7.0293000e-02   2.2202200e-01   1.5934600e-01   9.5936100e-01  -9.6726000e-02  -2.8883600e-01  -6.0939000e-02
  -7.2839000e-02   2.2323200e-01   1.7310200e-01   9.5650300e-01  -8.9301000e-02  -2.9536100e-01  -6.5458000e-02
  -7.4469000e-02   2.2471700e-01   1.8717100e-01   9.5337500e-01  -8.1541000e-02  -3.0174600e-01  -6.9743000e-02
  -7.4546000e-02   2.2674900e-01   2.0129100e-01   9.5000500e-01  -7.3406000e-02  -3.0799400e-01  -7.3774000e-02
  -7.5795000e-02   2.2760900e-01   2.0880500e-01   9.4807700e-01  -6.9201000e-02  -3.1106600e-01  -7.5684000e-02
  -7.5795000e-02   2.2760900e-01   2.0880500e-01   9.4807700e-01  -6.9201000e-02  -3.1106600e-01  -7.5684000e-02
  -7.5795000e-02   2.2760900e-01   2.0880500e-01   9.4807700e-01  -6.9201000e-02  -3.1106600e-01  -7.5684000e-02
  -7.5795000e-02   2.2760900e-01   2.0880500e-01   9.4807700e-01  -6.9201000e-02  -3.1106600e-01  -7.5684000e-02
  -7.5795000e-02   2.2760900e-01   2.0880500e-01   9.4807700e-01  -6.9201000e-02  -3.1106600e-01  -7.5684000e-02
  -7.5795000e-02   2.2760900e-01   2.0880500e-01   9.4807700e-01  -6.9201000e-02  -3.1106600e-01  -7.5684000e-02
  -7.5795000e-02   2.2760900e-01   2.0880500e-01   9.4807700e-01  -6.9201000e-02  -3.1106600e-01  -7.5684000e-02
  -7.5795000e-02   2.2760900e-01   2.0880500e-01   9.4807700e-01  -6.9201000e-02  -3.1106600e-01  -7.5684000e-02
  -7.5795000e-02   2.2760900e-01   2.0880500e-01   9.4807700e-01  -6.9201000e-02  -3.1106600e-01  -7.5684000e-02
  -7.5795000e-02   2.2760900e-01   2.0880500e-01   9.4807700e-01  -6.9201000e-02  -3.1106600e-01  -7.5684000e-02
  -7.5795000e-02   2.2760900e-01   2.0880500e-01   9.4807700e-01  -6.9201000e-02  -3.1106600e-01  -7.5684000e-02
  -7.5795000e-02   2.2760900e-01   2.0880500e-01   9.4807700e-01  -6.9201000e-02  -3.1106600e-01  -7.5684000e-02
  -7.5795000e-02   2.2760900e-01   2.0880500e-01   9.4807700e-01  -6.9201000e-02  -3.1106600e-01  -7.5684000e-02
  -7.5795000e-02   2.2760900e-01   2.0880500e-01   9.4807700e-01  -6.9201000e-02  -3.1106600e-01  -7.5684000e-02
  -7.5795000e-02   2.2760900e-01   2.0880500e-01   9.4807700e-01  -6.9201000e-02  -3.1106600e-01  -7.5684000e-02
  -7.5795000e-02   2.2760900e-01   2.0880500e-01   9.4807700e-01  -6.9201000e-02  -3.1106600e-01  -7.5684000e-02
  -7.5795000e-02   2.2760900e-01   2.0880500e-01   9.4807700e-01  -6.9201000e-02  -3.1106600e-01  -7.5684000e-02
  -7.5795000e-02   2.2760900e-01   2.0880500e-01   9.4807700e-01  -6.9201000e-02  -3.1106600e-01  -7.5684000e-02
  -7.5795000e-02   2.2760900e-01   2.0880500e-01   9.4807700e-01  -6.9201000e-02  -3.1106600e-01  -7.5684000e-02
  -7.5795000e-02   2.2760900e-01   2.0880500e-01   9.4807700e-01  -6.9201000e-02  -3.1106600e-01  -7.5684000e-02
  -7.5795000e-02   2.2760900e-01   2.0880500e-01   9.4807700e-01  -6.9201000e-02  -3.1106600e-01  -7.5684000e-02
  -7.5795000e-02   2.2760900e-01   2.0880500e-01   9.4807700e-01  -6.9201000e-02  -3.1106600e-01  -7.5684000e-02
  -7.5795000e-02   2.2760900e-01   2.0880500e-01   9.4807700e-01  -6.9201000e-02  -3.1106600e-01  -7.5684000e-02
  -7.5795000e-02   2.2760900e-01   2.0880500e-01   9.4807700e-01  -6.9201000e-02  -3.1106600e-01  -7.5684000e-02
  -7.5795000e-02   2.2760900e-01   2.0880500e-01   9.4807700e-01  -6.9201000e-02  -3.1106600e-01  -7.5684000e-02
  -7.5795000e-02   2.2760900e-01   2.0880500e-01   9.4807700e-01  -6.9201000e-02  -3.1106600e-01  -7.5684000e-02
  -7.5795000e-02   2.2760900e-01   2.0880500e-01   9.4807700e-01  -6.9201000e-02  -3.1106600e-01  -7.5684000e-02
  -7.5795000e-02   2.2760900e-01   2.0880500e-01   9.4807700e-01  -6.9201000e-02  -3.1106600e-01  -7.5684000e-02
  -7.5795000e-02   2.2760900e-01   2.0880500e-01   9.4807700e-01  -6.9201000e-02  -3.1106600e-01  -7.5684000e-02
  -7.5795000e-02   2.2760900e-01   2.0880500e-01   9.4807700e-01  -6.9201000e-02  -3.1106600e-01  -7.5684000e-02
  -7.5795000e-02   2.2760900e-01   2.0880500e-01   9.4807700e-01  -6.9201000e-02  -3.1106600e-01  -7.5684000e-02
  -7.5795000e-02   2.2760900e-01   2.0880500e-01   9.4807700e-01  -6.9201000e-02  -3.1106600e-01  -7.5684000e-02
  -7.5795000e-02   2.2760900e-01   2.0880500e-01   9.4807700e-01  -6.9201000e-02  -3.1106600e-01  -7.5684000e-02
  -7.5795000e-02   2.2760900e-01   2.0880500e-01   9.4807700e-01  -6.9201000e-02  -3.1106600e-01  -7.5684000e-02
  -7.5795000e-02   2.2760900e-01   2.0880500e-01   9.4807700e-01  -6.9201000e-02  -3.1106600e-01  -7.5684000e-02
  -7.5795000e-02   2.2760900e-01   2.0880500e-01   9.4807700e-01  -6.9201000e-02  -3.1106600e-01  -7.5684000e-02
  -7.5795000e-02   2.2760900e-01   2.0880500e-01   9.4807700e-01  -6.9201000e-02  -3.1106600e-01  -7.5684000e-02
  -7.5795000e-02   2.2760900e-01   2.0880500e-01   9.4807700e-01  -6.9201000e-02  -3.1106600e-01  -7.5684000e-02
  -7.5795000e-02   2.2760900e-01   2.0880500e-01   9.4807700e-01  -6.9201000e-02  -3.1106600e-01  -7.5684000e-02
  -7.0505000e-02   5.1798000e-01   5.1766800e-01   6.7730800e-01   2.2803600e-01  -4.9871200e-01   4.4783000e-02
  -7.1483000e-02   5.3762300e-01   5.0614100e-01   6.7057700e-01   2.3042500e-01  -4.9624400e-01   5.5835000e-02
  -6.5301000e-02   5.5232700e-01   4.9433100e-01   6.6806200e-01   2.3145600e-01  -4.9480700e-01   6.1366000e-02
  -6.3286000e-02   5.7335100e-01   4.7787900e-01   6.6249200e-01   2.3326700e-01  -4.9158800e-01   7.2246000e-02
  -6.1756000e-02   5.9331500e-01   4.6042500e-01   6.5739800e-01   2.3474400e-01  -4.8790600e-01   8.2936000e-02
  -6.0615000e-02   6.1232600e-01   4.4198400e-01   6.5271100e-01   2.3586300e-01  -4.8375500e-01   9.3459000e-02
  -6.0177000e-02   6.3019600e-01   4.2307300e-01   6.4826100e-01   2.3661900e-01  -4.7914000e-01   1.0380900e-01
  -5.8953000e-02   6.4775700e-01   4.0246700e-01   6.4417000e-01   2.3702200e-01  -4.7410400e-01   1.1391000e-01
  -5.6359000e-02   6.6527900e-01   3.7974500e-01   6.4032900e-01   2.3703600e-01  -4.6866500e-01   1.2374700e-01
  -5.5746000e-02   6.7321200e-01   3.6884100e-01   6.3846200e-01   2.3689900e-01  -4.6581700e-01   1.2853400e-01
  -5.5988000e-02   6.8746900e-01   3.4814200e-01   6.3486100e-01   2.3640200e-01  -4.5988500e-01   1.3785000e-01
  -5.6424000e-02   7.0063000e-01   3.2727800e-01   6.3152400e-01   2.3568500e-01  -4.5368600e-01   1.4679200e-01
  -5.6375000e-02   7.1300400e-01   3.0578000e-01   6.2844700e-01   2.3468800e-01  -4.4726700e-01   1.5533700e-01
  -5.7176000e-02   7.2390200e-01   2.8518700e-01   6.2559100e-01   2.3347500e-01  -4.4067900e-01   1.6346700e-01
  -5.8248000e-02   7.3365100e-01   2.6494500e-01   6.2303000e-01   2.3206600e-01  -4.3396000e-01   1.7118100e-01
  -6.0384000e-02   7.4222900e-01   2.4605200e-01   6.2040900e-01   2.3041200e-01  -4.2702700e-01   1.7861600e-01
  -6.1286000e-02   7.5051700e-01   2.2606700e-01   6.1794900e-01   2.2858000e-01  -4.1997700e-01   1.8570200e-01
  -6.2430000e-02   7.5797800e-01   2.0695900e-01   6.1541900e-01   2.2662000e-01  -4.1285800e-01   1.9243300e-01
  -6.2870000e-02   7.6147000e-01   1.9755600e-01   6.1415200e-01   2.2558800e-01  -4.0929600e-01   1.9565300e-01
  -6.2712000e-02   7.6822000e-01   1.7798600e-01   6.1174000e-01   2.2340800e-01  -4.0215700e-01   2.0182800e-01
  -6.3377000e-02   7.7398200e-01   1.5998300e-01   6.0937700e-01   2.2106200e-01  -3.9497700e-01   2.0767400e-01
  -6.3069000e-02   7.7756000e-01   1.4462800e-01   6.0869200e-01   2.1822400e-01  -3.8887400e-01   2.1454400e-01
  -6.2268000e-02   7.7911100e-01   1.3209400e-01   6.0964000e-01   2.1490300e-01  -3.8364200e-01   2.2227100e-01
  -6.1916000e-02   7.7962200e-01   1.2154200e-01   6.1121500e-01   2.1130700e-01  -3.7856000e-01   2.2996800e-01
  -6.0743000e-02   7.7969700e-01   1.1089100e-01   6.1325800e-01   2.0749200e-01  -3.7346900e-01   2.3739700e-01
  -5.8464000e-02   7.7941200e-01   9.9690000e-02   6.1576100e-01   2.0347400e-01  -3.6838100e-01   2.4444800e-01
  -5.4955000e-02   7.7879700e-01   8.7602000e-02   6.1869300e-01   1.9923800e-01  -3.6324100e-01   2.5114600e-01
  -5.1058000e-02   7.7772100e-01   7.5602000e-02   6.2195500e-01   1.9479200e-01  -3.5804300e-01   2.5748600e-01
  -4.6473000e-02   7.7623800e-01   6.3294000e-02   6.2553100e-01   1.9016200e-01  -3.5281000e-01   2.6344300e-01
  -4.4146000e-02   7.7533500e-01   5.7323000e-02   6.2739200e-01   1.8778400e-01  -3.5018200e-01   2.6628500e-01
  -4.1178000e-02   7.7307200e-01   4.7829000e-02   6.3117100e-01   1.8293400e-01  -3.4491900e-01   2.7171000e-01
  -3.9734000e-02   7.7029100e-01   4.0564000e-02   6.3516000e-01   1.7801200e-01  -3.3971100e-01   2.7678100e-01
  -3.8741000e-02   7.6707900e-01   3.4001000e-02   6.3947800e-01   1.7306300e-01  -3.3458300e-01   2.8150800e-01
  -3.6783000e-02   7.6350600e-01   2.6192000e-02   6.4422000e-01   1.6810000e-01  -3.2950300e-01   2.8590700e-01
  -3.8189000e-02   7.6151700e-01   2.5219000e-02   6.4652800e-01   1.6560600e-01  -3.2697800e-01   2.8802300e-01
  -3.7600000e-02   7.5749300e-01   1.9347000e-02   6.5147200e-01   1.6065900e-01  -3.2200600e-01   2.9203400e-01
  -3.6899000e-02   7.5313600e-01   1.3119000e-02   6.5669900e-01   1.5573700e-01  -3.1708700e-01   2.9575200e-01
  -3.6509000e-02   7.4868100e-01   7.1620000e-03   6.6188500e-01   1.5100400e-01  -3.1229300e-01   2.9912700e-01
  -3.6014000e-02   7.4422800e-01   1.2190000e-03   6.6695300e-01   1.4649700e-01  -3.0768900e-01   3.0217400e-01
  -3.6854000e-02   7.4422600e-01   2.1560000e-03   6.6690700e-01   1.4649700e-01  -3.0768900e-01   3.0217400e-01
  -3.6780000e-02   7.3984300e-01  -3.0450000e-03   6.7176600e-01   1.4221100e-01  -3.0329600e-01   3.0492800e-01
  -3.8107000e-02   7.3538200e-01  -6.7590000e-03   6.7654700e-01   1.3793000e-01  -2.9885800e-01   3.0752200e-01
  -3.9338000e-02   7.3105700e-01  -1.0479000e-02   6.8110100e-01   1.3385200e-01  -2.9454100e-01   3.0987900e-01
  -4.1252000e-02   7.2698300e-01  -1.3243000e-02   6.8528700e-01   1.3006400e-01  -2.9044500e-01   3.1197800e-01
  -4.2957000e-02   7.2314300e-01  -1.6038000e-02   6.8917400e-01   1.2657200e-01  -2.8658700e-01   3.1384700e-01
  -4.4468000e-02   7.1954600e-01  -1.8785000e-02   6.9276500e-01   1.2336800e-01  -2.8296600e-01   3.1552300e-01
  -4.6126000e-02   7.1620000e-01  -2.1140000e-02   6.9604800e-01   1.2043400e-01  -2.7957000e-01   3.1703200e-01
  -4.6944000e-02   7.1461600e-01  -2.2246000e-02   6.9758500e-01   1.1906000e-01  -2.7795000e-01   3.1772900e-01
  -4.7704000e-02   7.1159800e-01  -2.5184000e-02   7.0051300e-01   1.1647600e-01  -2.7485800e-01   3.1900500e-01
  -4.8639000e-02   7.0881000e-01  -2.7735000e-02   7.0317400e-01   1.1409200e-01  -2.7194600e-01   3.2014000e-01
  -5.0504000e-02   7.0628400e-01  -2.9187000e-02   7.0552100e-01   1.1191900e-01  -2.6922300e-01   3.2114000e-01
  -5.3444000e-02   7.0401700e-01  -2.9407000e-02   7.0755900e-01   1.0993200e-01  -2.6666400e-01   3.2203500e-01
  -5.6691000e-02   7.0196300e-01  -2.9172000e-02   7.0935400e-01   1.0812300e-01  -2.6427300e-01   3.2283400e-01
  -5.9228000e-02   7.0004700e-01  -2.9585000e-02   7.1102100e-01   1.0648100e-01  -2.6203700e-01   3.2353600e-01
  -6.1298000e-02   6.9830900e-01  -3.0337000e-02   7.1252100e-01   1.0500500e-01  -2.5996200e-01   3.2414300e-01
  -6.2457000e-02   6.9670700e-01  -3.1782000e-02   7.1392500e-01   1.0368700e-01  -2.5805400e-01   3.2469300e-01
  -6.4078000e-02   6.9600700e-01  -3.1414000e-02   7.1448000e-01   1.0308300e-01  -2.5716200e-01   3.2495200e-01
  -6.5930000e-02   6.9466400e-01  -3.1931000e-02   7.1559400e-01   1.0200100e-01  -2.5548800e-01   3.2545100e-01
  -6.8136000e-02   6.9347200e-01  -3.1935000e-02   7.1654300e-01   1.0107400e-01  -2.5397700e-01   3.2592900e-01
  -7.0023000e-02   6.9240400e-01  -3.2035000e-02   7.1738900e-01   1.0029500e-01  -2.5263500e-01   3.2638800e-01
  -7.1403000e-02   6.9145800e-01  -3.2429000e-02   7.1814700e-01   9.9655000e-02  -2.5145800e-01   3.2681700e-01
  -7.2383000e-02   6.9067000e-01  -3.3007000e-02   7.1878100e-01   9.9150000e-02  -2.5042100e-01   3.2721600e-01
