   1.6203700e-01   1.8272600e-01   8.6260000e-03   9.6968100e-01  -1.6168900e-01  -2.2586900e-01  -6.3030000e-03
   1.6203700e-01   1.8272600e-01   8.6260000e-03   9.6968100e-01  -1.6168900e-01  -2.2586900e-01  -6.3030000e-03
   1.6217100e-01   1.8318600e-01   8.9160000e-03   9.6956900e-01  -1.6161400e-01  -2.2603600e-01  -6.1310000e-03
   1.6261000e-01   1.8432100e-01   9.6190000e-03   9.6927400e-01  -1.6139700e-01  -2.2643900e-01  -5.8260000e-03
   1.6257600e-01   1.8596100e-01   1.0888000e-02   9.6895200e-01  -1.6103500e-01  -2.2706000e-01  -5.5380000e-03
   1.6164300e-01   1.8784200e-01   1.2552000e-02   9.6872600e-01  -1.6057700e-01  -2.2777500e-01  -5.3280000e-03
   1.6157900e-01   1.8886200e-01   1.3350000e-02   9.6852700e-01  -1.6031600e-01  -2.2814900e-01  -5.2550000e-03
   1.6063600e-01   1.8993900e-01   1.4362000e-02   9.6845900e-01  -1.6002200e-01  -2.2853900e-01  -5.2200000e-03
   1.6063600e-01   1.8993900e-01   1.4362000e-02   9.6845900e-01  -1.6002200e-01  -2.2853900e-01  -5.2200000e-03
   1.5655000e-01   1.9259900e-01   1.7288000e-02   9.6855500e-01  -1.5922300e-01  -2.2951100e-01  -5.3150000e-03
   1.5354800e-01   1.9422000e-01   1.9259000e-02   9.6867500e-01  -1.5868400e-01  -2.3012000e-01  -5.5000000e-03
   1.5354800e-01   1.9422000e-01   1.9259000e-02   9.6867500e-01  -1.5868400e-01  -2.3012000e-01  -5.5000000e-03
   1.5094700e-01   1.9817900e-01   2.3336000e-02   9.6819200e-01  -1.5727700e-01  -2.3165100e-01  -6.2230000e-03
   1.4296600e-01   1.9798100e-01   2.4967000e-02   9.6940200e-01  -1.5727700e-01  -2.3165100e-01  -6.2230000e-03
   1.3891400e-01   2.0029700e-01   2.8082000e-02   9.6943000e-01  -1.5635400e-01  -2.3260200e-01  -6.7980000e-03
   1.3702300e-01   2.0299900e-01   3.1105000e-02   9.6904500e-01  -1.5525700e-01  -2.3368100e-01  -7.5150000e-03
   1.3209300e-01   2.0583000e-01   3.4746000e-02   9.6900900e-01  -1.5391300e-01  -2.3513100e-01  -8.3990000e-03
   1.2258200e-01   2.0872300e-01   3.9508000e-02   9.6945700e-01  -1.5232300e-01  -2.3693600e-01  -9.4290000e-03
   1.0898400e-01   2.1168300e-01   4.5496000e-02   9.7017700e-01  -1.5048800e-01  -2.3903100e-01  -1.0586000e-02
   9.7967000e-02   2.1503900e-01   5.1356000e-02   9.7032100e-01  -1.4836700e-01  -2.4142300e-01  -1.1886000e-02
   8.9190000e-02   2.1876600e-01   5.7249000e-02   9.7000500e-01  -1.4597400e-01  -2.4409100e-01  -1.3303000e-02
   8.3698000e-02   2.2290100e-01   6.3026000e-02   9.6919400e-01  -1.4330800e-01  -2.4704800e-01  -1.4842000e-02
   7.9970000e-02   2.2743200e-01   6.9030000e-02   9.6804700e-01  -1.4035900e-01  -2.5029300e-01  -1.6443000e-02
   7.9217000e-02   2.3250700e-01   7.4958000e-02   9.6646100e-01  -1.3711600e-01  -2.5381300e-01  -1.8066000e-02
   7.9768000e-02   2.3806300e-01   8.1193000e-02   9.6455700e-01  -1.3356500e-01  -2.5760200e-01  -1.9675000e-02
   7.9661000e-02   2.4395400e-01   8.8107000e-02   9.6248500e-01  -1.2967200e-01  -2.6167800e-01  -2.1270000e-02
   7.8564000e-02   2.5003500e-01   9.5971000e-02   9.6026000e-01  -1.2546000e-01  -2.6604200e-01  -2.2851000e-02
   7.7589000e-02   2.5643700e-01   1.0446800e-01   9.5776100e-01  -1.2092900e-01  -2.7064500e-01  -2.4369000e-02
   7.8030000e-02   2.6330700e-01   1.1327000e-01   9.5485600e-01  -1.1611400e-01  -2.7542100e-01  -2.5769000e-02
   7.9025000e-02   2.7057200e-01   1.2247300e-01   9.5160200e-01  -1.1100700e-01  -2.8033600e-01  -2.7051000e-02
   7.9764000e-02   2.7066700e-01   1.2226300e-01   9.5154000e-01  -1.1100700e-01  -2.8033600e-01  -2.7051000e-02
   8.1712000e-02   2.7839200e-01   1.3158700e-01   9.4789600e-01  -1.0561700e-01  -2.8535800e-01  -2.8194000e-02
   8.3094000e-02   2.8635000e-01   1.4136700e-01   9.4398900e-01  -9.9953000e-02  -2.9046900e-01  -2.9190000e-02
   8.3459000e-02   2.9446500e-01   1.5160900e-01   9.3986100e-01  -9.4018000e-02  -2.9563400e-01  -3.0024000e-02
   8.2919000e-02   3.0276600e-01   1.6217400e-01   9.3549800e-01  -8.7804000e-02  -3.0080700e-01  -3.0688000e-02
   8.2845000e-02   3.1150000e-01   1.7263900e-01   9.3075300e-01  -8.1358000e-02  -3.0590200e-01  -3.1135000e-02
   8.2225000e-02   3.2049400e-01   1.8313100e-01   9.2573500e-01  -7.4676000e-02  -3.1089700e-01  -3.1375000e-02
   7.8386000e-02   3.2915600e-01   1.9461000e-01   9.2067300e-01  -6.7787000e-02  -3.1575600e-01  -3.1401000e-02
   7.2550000e-02   3.3765200e-01   2.0658700e-01   9.1545000e-01  -6.0682000e-02  -3.2045700e-01  -3.1227000e-02
   6.6602000e-02   3.4638400e-01   2.1835000e-01   9.0989300e-01  -5.3345000e-02  -3.2495000e-01  -3.0881000e-02
   6.2504000e-02   3.5582600e-01   2.2884600e-01   9.0394200e-01  -4.5763000e-02  -3.2925700e-01  -3.0389000e-02
   6.0277000e-02   3.7726600e-01   2.4575000e-01   8.9086700e-01  -3.0056000e-02  -3.3713600e-01  -2.8879000e-02
   5.9492000e-02   3.9392100e-01   2.5952800e-01   8.7973400e-01  -1.7133000e-02  -3.4493000e-01  -2.7333000e-02
   6.0077000e-02   4.0086200e-01   2.7051800e-01   8.7322400e-01  -9.5180000e-03  -3.5391700e-01  -2.6259000e-02
   6.0053000e-02   4.0554900e-01   2.8063000e-01   8.6785400e-01  -3.2800000e-03  -3.6265700e-01  -2.4990000e-02
   6.0053000e-02   4.0554900e-01   2.8063000e-01   8.6785400e-01  -3.2800000e-03  -3.6265700e-01  -2.4990000e-02
   5.7907000e-02   4.0899400e-01   2.9080000e-01   8.6302100e-01   2.4170000e-03  -3.7077800e-01  -2.3556000e-02
   5.5988000e-02   4.1299200e-01   2.9985900e-01   8.5813000e-01   8.1060000e-03  -3.7846600e-01  -2.1710000e-02
   5.5204000e-02   4.1530400e-01   3.0393400e-01   8.5562800e-01   1.0994000e-02  -3.8217200e-01  -2.0622000e-02
   5.2517000e-02   4.1999700e-01   3.1198800e-01   8.5059300e-01   1.6792000e-02  -3.8918000e-01  -1.8168000e-02
   5.1343000e-02   4.2246500e-01   3.1566900e-01   8.4808100e-01   1.9638000e-02  -3.9250000e-01  -1.6853000e-02
   5.0205000e-02   4.2500100e-01   3.1913100e-01   8.4558200e-01   2.2443000e-02  -3.9567400e-01  -1.5487000e-02
   4.9250000e-02   4.2768000e-01   3.2227000e-01   8.4309400e-01   2.5227000e-02  -3.9872400e-01  -1.4062000e-02
   4.7558000e-02   4.3013400e-01   3.2558600e-01   8.4066400e-01   2.8001000e-02  -4.0174000e-01  -1.2539000e-02
   4.4293000e-02   4.3260900e-01   3.2939400e-01   8.3808500e-01   3.0948000e-02  -4.0467800e-01  -1.0722000e-02
   3.9643000e-02   4.3466100e-01   3.3371500e-01   8.3554400e-01   3.3915000e-02  -4.0759900e-01  -8.7500000e-03
   3.6797000e-02   4.3775100e-01   3.3683600e-01   8.3280300e-01   3.6944000e-02  -4.1046600e-01  -6.5560000e-03
   3.4323000e-02   4.4133900e-01   3.3944900e-01   8.2994900e-01   4.0029000e-02  -4.1326200e-01  -4.1270000e-03
   3.0835000e-02   4.4487000e-01   3.4223600e-01   8.2705200e-01   4.3153000e-02  -4.1596300e-01  -1.4510000e-03
   2.7333000e-02   4.4875500e-01   3.4468500e-01   8.2405300e-01   4.6305000e-02  -4.1855400e-01   1.4800000e-03
   2.7333000e-02   4.4875500e-01   3.4468500e-01   8.2405300e-01   4.6305000e-02  -4.1855400e-01   1.4800000e-03
   2.3493000e-02   4.5895600e-01   3.4662000e-01   8.1771700e-01   5.2634000e-02  -4.2331900e-01   8.1190000e-03
   2.1119000e-02   4.6439600e-01   3.4712800e-01   8.1448900e-01   5.5798000e-02  -4.2546500e-01   1.1815000e-02
   1.7455000e-02   4.6963600e-01   3.4786300e-01   8.1125100e-01   5.8962000e-02  -4.2744300e-01   1.5764000e-02
   1.1246000e-02   4.7411300e-01   3.4961300e-01   8.0799800e-01   6.2111000e-02  -4.2923400e-01   1.9962000e-02
   1.4003000e-02   4.7530300e-01   3.4799400e-01   8.0795500e-01   6.2111000e-02  -4.2923400e-01   1.9962000e-02
   1.0452000e-02   4.8122400e-01   3.4771600e-01   8.0461600e-01   6.5208000e-02  -4.3081000e-01   2.4387000e-02
   6.2740000e-03   4.8715900e-01   3.4730300e-01   8.0126000e-01   6.8261000e-02  -4.3216500e-01   2.9032000e-02
   2.0960000e-03   4.9336800e-01   3.4642900e-01   7.9785300e-01   7.1287000e-02  -4.3331300e-01   3.3888000e-02
  -2.2570000e-03   4.9978100e-01   3.4517300e-01   7.9439900e-01   7.4281000e-02  -4.3423600e-01   3.8956000e-02
  -6.5060000e-03   5.0650700e-01   3.4333100e-01   7.9090600e-01   7.7248000e-02  -4.3493100e-01   4.4230000e-02
  -1.0054000e-02   5.1376700e-01   3.4055200e-01   7.8738000e-01   8.0165000e-02  -4.3537900e-01   4.9685000e-02
  -1.2067000e-02   5.2190000e-01   3.3624100e-01   7.8384700e-01   8.3020000e-02  -4.3556600e-01   5.5314000e-02
  -1.3491000e-02   5.3044400e-01   3.3088900e-01   7.8035900e-01   8.5880000e-02  -4.3553000e-01   6.1085000e-02
  -1.5813000e-02   5.3872900e-01   3.2552500e-01   7.7688800e-01   8.8730000e-02  -4.3526000e-01   6.6981000e-02
  -2.3337000e-02   5.4493800e-01   3.2324800e-01   7.7331000e-01   9.1511000e-02  -4.3471400e-01   7.2982000e-02
  -1.9712000e-02   5.5582800e-01   3.1255600e-01   7.7004900e-01   9.4220000e-02  -4.3389700e-01   7.9068000e-02
  -2.2576000e-02   5.6406200e-01   3.0591700e-01   7.6664100e-01   9.6834000e-02  -4.3278900e-01   8.5227000e-02
  -2.5562000e-02   5.7222200e-01   2.9893500e-01   7.6324800e-01   9.9316000e-02  -4.3138700e-01   9.1417000e-02
  -2.8331000e-02   5.8043800e-01   2.9134100e-01   7.5987500e-01   1.0166800e-01  -4.2968500e-01   9.7634000e-02
  -3.0244000e-02   5.8888500e-01   2.8264400e-01   7.5658000e-01   1.0387600e-01  -4.2769000e-01   1.0384400e-01
  -3.0244000e-02   5.8888500e-01   2.8264400e-01   7.5658000e-01   1.0387600e-01  -4.2769000e-01   1.0384400e-01
  -3.1593000e-02   5.9738400e-01   2.7309100e-01   7.5336300e-01   1.0592300e-01  -4.2540600e-01   1.1001500e-01
  -3.2134000e-02   6.0594400e-01   2.6247700e-01   7.5027000e-01   1.0780700e-01  -4.2285100e-01   1.1611300e-01
  -3.0242000e-02   6.1088000e-01   2.5537600e-01   7.4879600e-01   1.0879800e-01  -4.2155600e-01   1.1911600e-01
  -2.7794000e-02   6.3052900e-01   2.2514300e-01   7.4227500e-01   1.1213400e-01  -4.1410000e-01   1.3292900e-01
  -2.9403000e-02   6.4452900e-01   2.0115700e-01   7.3705700e-01   1.1432500e-01  -4.0682700e-01   1.4409300e-01
  -2.7823000e-02   6.5401400e-01   1.8183000e-01   7.3377800e-01   1.1558500e-01  -4.0145200e-01   1.5141100e-01
  -2.8025000e-02   6.6511900e-01   1.5631000e-01   7.2965700e-01   1.1656400e-01  -3.9327200e-01   1.6101800e-01
  -2.8456000e-02   6.6926200e-01   1.4580800e-01   7.2802300e-01   1.1678900e-01  -3.8966100e-01   1.6485500e-01
  -2.9826000e-02   6.7268800e-01   1.3686400e-01   7.2654600e-01   1.1685300e-01  -3.8618000e-01   1.6831600e-01
  -3.0812000e-02   6.7577800e-01   1.2806300e-01   7.2524100e-01   1.1676900e-01  -3.8277400e-01   1.7149100e-01
  -3.1992000e-02   6.8126700e-01   1.0962700e-01   7.2307300e-01   1.1606400e-01  -3.7564200e-01   1.7744500e-01
  -3.4672000e-02   6.8542400e-01   9.2398000e-02   7.2142500e-01   1.1484400e-01  -3.6822100e-01   1.8286600e-01
  -3.7678000e-02   6.8866500e-01   7.6148000e-02   7.2008500e-01   1.1334200e-01  -3.6082000e-01   1.8770100e-01
  -4.0189000e-02   6.9130000e-01   6.0323000e-02   7.1892300e-01   1.1169500e-01  -3.5354000e-01   1.9201600e-01
  -4.3015000e-02   6.9340000e-01   4.5647000e-02   7.1781700e-01   1.0997000e-01  -3.4639000e-01   1.9589000e-01
  -4.3015000e-02   6.9340000e-01   4.5647000e-02   7.1781700e-01   1.0997000e-01  -3.4639000e-01   1.9589000e-01
  -4.5054000e-02   6.9518000e-01   3.1033000e-02   7.1675100e-01   1.0824800e-01  -3.3939300e-01   1.9939400e-01
