  -1.2854000e-02   1.6666000e-01   1.8011000e-02   9.8576600e-01  -1.6847000e-01  -2.2669300e-01   1.7813000e-02
  -1.2574000e-02   1.6697500e-01   1.8019000e-02   9.8571600e-01  -1.6839300e-01  -2.2686000e-01   1.7982000e-02
  -1.2081000e-02   1.6729300e-01   1.7989000e-02   9.8566900e-01  -1.6832000e-01  -2.2700000e-01   1.8137000e-02
  -1.1589000e-02   1.6762400e-01   1.7963000e-02   9.8561900e-01  -1.6824500e-01  -2.2712400e-01   1.8272000e-02
  -1.1431000e-02   1.6796400e-01   1.7991000e-02   9.8556300e-01  -1.6816600e-01  -2.2724100e-01   1.8388000e-02
  -1.1368000e-02   1.6833400e-01   1.8034000e-02   9.8550000e-01  -1.6807300e-01  -2.2736100e-01   1.8471000e-02
  -1.0918000e-02   1.6873500e-01   1.8026000e-02   9.8543600e-01  -1.6796500e-01  -2.2749900e-01   1.8520000e-02
  -9.9180000e-03   1.6917900e-01   1.7946000e-02   9.8537200e-01  -1.6783800e-01  -2.2766500e-01   1.8531000e-02
  -7.9690000e-03   1.6966300e-01   1.7784000e-02   9.8530900e-01  -1.6769800e-01  -2.2786300e-01   1.8500000e-02
  -5.6720000e-03   1.7018800e-01   1.7626000e-02   9.8523800e-01  -1.6752800e-01  -2.2812700e-01   1.8406000e-02
  -3.4310000e-03   1.7074800e-01   1.7579000e-02   9.8515200e-01  -1.6732600e-01  -2.2847100e-01   1.8245000e-02
  -9.4800000e-04   1.7132300e-01   1.7642000e-02   9.8505700e-01  -1.6710200e-01  -2.2890000e-01   1.8011000e-02
   2.2250000e-03   1.7194300e-01   1.7748000e-02   9.8494500e-01  -1.6684200e-01  -2.2943400e-01   1.7698000e-02
   5.4220000e-03   1.7259600e-01   1.8031000e-02   9.8481300e-01  -1.6654400e-01  -2.3008800e-01   1.7302000e-02
   7.5360000e-03   1.7326600e-01   1.8703000e-02   9.8466900e-01  -1.6619900e-01  -2.3088400e-01   1.6803000e-02
   9.3200000e-03   1.7400600e-01   1.9652000e-02   9.8450400e-01  -1.6578900e-01  -2.3183600e-01   1.6188000e-02
   1.1905000e-02   1.7487700e-01   2.0690000e-02   9.8430100e-01  -1.6529700e-01  -2.3296700e-01   1.5448000e-02
   1.2510000e-02   1.7582500e-01   2.2303000e-02   9.8408900e-01  -1.6471800e-01  -2.3427600e-01   1.4590000e-02
   1.4838000e-02   1.7587700e-01   2.1887000e-02   9.8405700e-01  -1.6471800e-01  -2.3427600e-01   1.4590000e-02
   1.8114000e-02   1.7703700e-01   2.3229000e-02   9.8376300e-01  -1.6403300e-01  -2.3577800e-01   1.3604000e-02
   2.3013000e-02   1.7841900e-01   2.4465000e-02   9.8338100e-01  -1.6323200e-01  -2.3745900e-01   1.2495000e-02
   2.9205000e-02   1.8005900e-01   2.5620000e-02   9.8288800e-01  -1.6229400e-01  -2.3931900e-01   1.1257000e-02
   3.5613000e-02   1.8194700e-01   2.6834000e-02   9.8229700e-01  -1.6120300e-01  -2.4135200e-01   9.8820000e-03
   3.9215000e-02   1.8399400e-01   2.8606000e-02   9.8172800e-01  -1.5994100e-01  -2.4355100e-01   8.3660000e-03
   3.9809000e-02   1.8611600e-01   3.1007000e-02   9.8123100e-01  -1.5850300e-01  -2.4593600e-01   6.6810000e-03
   4.0333000e-02   1.8838600e-01   3.3546000e-02   9.8069300e-01  -1.5688400e-01  -2.4848500e-01   4.8120000e-03
   4.1930000e-02   1.9080000e-01   3.6031000e-02   9.8007100e-01  -1.5509100e-01  -2.5118500e-01   2.7650000e-03
   4.2050000e-02   1.9325600e-01   3.9007000e-02   9.7947000e-01  -1.5313000e-01  -2.5402500e-01   5.6400000e-04
   3.9046000e-02   1.9562200e-01   4.2849000e-02   9.7896400e-01  -1.5100700e-01  -2.5700800e-01  -1.7710000e-03
   3.6860000e-02   1.9802100e-01   4.6883000e-02   9.7838200e-01  -1.4873300e-01  -2.6014600e-01  -4.2250000e-03
   3.7276000e-02   2.0054400e-01   5.0844000e-02   9.7765400e-01  -1.4632200e-01  -2.6343400e-01  -6.7740000e-03
   3.9740000e-02   2.0314100e-01   5.4847000e-02   9.7680400e-01  -1.4379800e-01  -2.6686000e-01  -9.3860000e-03
   4.4033000e-02   2.0835700e-01   6.4547000e-02   9.7492700e-01  -1.3841600e-01  -2.7418000e-01  -1.4621000e-02
   4.6910000e-02   2.1335200e-01   7.5716000e-02   9.7290700e-01  -1.3288100e-01  -2.8165000e-01  -1.9495000e-02
   5.0961000e-02   2.1833100e-01   8.6754000e-02   9.7067400e-01  -1.2737500e-01  -2.8884100e-01  -2.3815000e-02
   5.4366000e-02   2.2095500e-01   9.1882000e-02   9.6942300e-01  -1.2465100e-01  -2.9228500e-01  -2.5762000e-02
   6.1300000e-02   2.2640100e-01   1.0193900e-01   9.6674400e-01  -1.1923000e-01  -2.9891900e-01  -2.9234000e-02
   6.7690000e-02   2.3215000e-01   1.1197200e-01   9.6384000e-01  -1.1378500e-01  -3.0533100e-01  -3.2170000e-02
   7.2478000e-02   2.3808800e-01   1.2220700e-01   9.6079500e-01  -1.0830200e-01  -3.1156300e-01  -3.4599000e-02
   7.6092000e-02   2.4433600e-01   1.3266100e-01   9.5755500e-01  -1.0273000e-01  -3.1761300e-01  -3.6599000e-02
   7.9903000e-02   2.5108100e-01   1.4307900e-01   9.5399300e-01  -9.7040000e-02  -3.2350300e-01  -3.8231000e-02
   8.3961000e-02   2.5498500e-01   1.4771200e-01   9.5190000e-01  -9.4141000e-02  -3.2638700e-01  -3.8916000e-02
   8.9326000e-02   2.6283800e-01   1.5768300e-01   9.4766700e-01  -8.8231000e-02  -3.3202300e-01  -4.0033000e-02
   9.3763000e-02   2.7112000e-01   1.6790300e-01   9.4313900e-01  -8.2178000e-02  -3.3747700e-01  -4.0829000e-02
   9.9653000e-02   2.8022100e-01   1.7770200e-01   9.3806600e-01  -7.5981000e-02  -3.4276400e-01  -4.1334000e-02
   1.0498500e-01   2.8979200e-01   1.8763900e-01   9.3262600e-01  -6.9627000e-02  -3.4789200e-01  -4.1566000e-02
   1.0961400e-01   2.9986300e-01   1.9779100e-01   9.2679300e-01  -6.3034000e-02  -3.5276900e-01  -4.1647000e-02
   1.1350600e-01   3.1024100e-01   2.0809200e-01   9.2063300e-01  -5.6273000e-02  -3.5747700e-01  -4.1530000e-02
   1.1624100e-01   3.2068600e-01   2.1858100e-01   9.1426000e-01  -4.9391000e-02  -3.6205300e-01  -4.1206000e-02
   1.1958600e-01   3.3159600e-01   2.2872300e-01   9.0743000e-01  -4.2407000e-02  -3.6650700e-01  -4.0673000e-02
   1.2352200e-01   3.3777300e-01   2.3291000e-01   9.0355100e-01  -3.8891000e-02  -3.6867300e-01  -4.0322000e-02
   1.2495400e-01   3.4879000e-01   2.4350000e-01   8.9634800e-01  -3.1790000e-02  -3.7288800e-01  -3.9434000e-02
   1.2433800e-01   3.5934500e-01   2.5410400e-01   8.8929300e-01  -2.4491000e-02  -3.7710800e-01  -3.8412000e-02
   1.2274300e-01   3.6974800e-01   2.6447100e-01   8.8219900e-01  -1.7043000e-02  -3.8130100e-01  -3.7214000e-02
   1.1984700e-01   3.8002600e-01   2.7497400e-01   8.7498900e-01  -9.4080000e-03  -3.8548200e-01  -3.5790000e-02
   1.1907200e-01   3.8551400e-01   2.7975700e-01   8.7117000e-01  -5.5170000e-03  -3.8756100e-01  -3.4979000e-02
   1.1564600e-01   3.9606600e-01   2.8940600e-01   8.6371400e-01   2.4770000e-03  -3.9170900e-01  -3.3234000e-02
   1.1199200e-01   4.0676100e-01   2.9852600e-01   8.5608700e-01   1.0606000e-02  -3.9580200e-01  -3.1251000e-02
   1.0801900e-01   4.1758700e-01   3.0721300e-01   8.4827700e-01   1.8818000e-02  -3.9981300e-01  -2.8995000e-02
   1.0345300e-01   4.2803500e-01   3.1575400e-01   8.4046600e-01   2.6896000e-02  -4.0377600e-01  -2.6515000e-02
   9.9659000e-02   4.3489800e-01   3.2422100e-01   8.3415400e-01   3.3348000e-02  -4.0893800e-01  -2.4009000e-02
   9.5246000e-02   4.4039500e-01   3.3286100e-01   8.2836200e-01   3.9310000e-02  -4.1451900e-01  -2.1238000e-02
   9.1509000e-02   4.4579600e-01   3.4109600e-01   8.2252400e-01   4.5133000e-02  -4.2009100e-01  -1.8332000e-02
   8.8366000e-02   4.5192700e-01   3.4844400e-01   8.1641900e-01   5.1108000e-02  -4.2549400e-01  -1.5090000e-02
   8.4602000e-02   4.5856400e-01   3.5537100e-01   8.1010600e-01   5.7348000e-02  -4.3070500e-01  -1.1425000e-02
   8.2614000e-02   4.6196400e-01   3.5867100e-01   8.0692000e-01   6.0517000e-02  -4.3325100e-01  -9.4810000e-03
   7.8380000e-02   4.6903900e-01   3.6493700e-01   8.0042500e-01   6.6980000e-02  -4.3817400e-01  -5.3410000e-03
   7.4504000e-02   4.7661500e-01   3.7039700e-01   7.9378400e-01   7.3531000e-02  -4.4286800e-01  -9.1400000e-04
   7.0858000e-02   4.8514600e-01   3.7483100e-01   7.8683800e-01   8.0296000e-02  -4.4721300e-01   3.9360000e-03
   6.6798000e-02   4.9373300e-01   3.7881000e-01   7.7991600e-01   8.7073000e-02  -4.5125700e-01   9.0290000e-03
   6.2696000e-02   5.0272800e-01   3.8202300e-01   7.7291100e-01   9.3909000e-02  -4.5496100e-01   1.4416000e-02
   5.8831000e-02   5.1223400e-01   3.8427600e-01   7.6582400e-01   1.0074700e-01  -4.5829000e-01   2.0083000e-02
   5.4586000e-02   5.2185500e-01   3.8596300e-01   7.5876200e-01   1.0750900e-01  -4.6120200e-01   2.5991000e-02
   4.9715000e-02   5.3144800e-01   3.8722000e-01   7.5176600e-01   1.1417100e-01  -4.6368500e-01   3.2142000e-02
   4.4596000e-02   5.4129500e-01   3.8775900e-01   7.4475100e-01   1.2076300e-01  -4.6574400e-01   3.8587000e-02
   3.7761000e-02   5.5063200e-01   3.8863700e-01   7.3779400e-01   1.2727500e-01  -4.6736500e-01   4.5336000e-02
   3.6857000e-02   5.5674100e-01   3.8682300e-01   7.3420000e-01   1.3048600e-01  -4.6800300e-01   4.8810000e-02
   3.0675000e-02   5.6689100e-01   3.8574500e-01   7.2725100e-01   1.3678400e-01  -4.6891600e-01   5.5965000e-02
   2.4149000e-02   5.7707900e-01   3.8399000e-01   7.2038000e-01   1.4292000e-01  -4.6935500e-01   6.3334000e-02
   1.8075000e-02   5.8765200e-01   3.8085200e-01   7.1364600e-01   1.4887100e-01  -4.6931600e-01   7.0877000e-02
   1.2504000e-02   5.9863300e-01   3.7646400e-01   7.0693400e-01   1.5455200e-01  -4.6877200e-01   7.8590000e-02
   6.7520000e-03   6.0962800e-01   3.7151700e-01   7.0020200e-01   1.5988300e-01  -4.6770300e-01   8.6459000e-02
   1.0000000e-04   6.2023500e-01   3.6638000e-01   6.9359500e-01   1.6491900e-01  -4.6611500e-01   9.4476000e-02
  -6.6610000e-03   6.3080400e-01   3.6038200e-01   6.8714400e-01   1.6965300e-01  -4.6401600e-01   1.0259600e-01
  -1.4128000e-02   6.4092700e-01   3.5413900e-01   6.8088100e-01   1.7405700e-01  -4.6142000e-01   1.1076000e-01
  -1.6679000e-02   6.4656700e-01   3.4955900e-01   6.7785000e-01   1.7613600e-01  -4.5993600e-01   1.1485400e-01
  -2.3692000e-02   6.5674400e-01   3.4159600e-01   6.7189100e-01   1.8004800e-01  -4.5661400e-01   1.2303300e-01
  -3.0975000e-02   6.6659400e-01   3.3316200e-01   6.6610600e-01   1.8363400e-01  -4.5283700e-01   1.3116500e-01
  -3.8276000e-02   6.7616700e-01   3.2403700e-01   6.6055500e-01   1.8687100e-01  -4.4862400e-01   1.3920700e-01
  -4.5183000e-02   6.8567200e-01   3.1382400e-01   6.5523000e-01   1.8980000e-01  -4.4399300e-01   1.4714800e-01
  -5.2274000e-02   6.9483400e-01   3.0312600e-01   6.5006800e-01   1.9245000e-01  -4.3895700e-01   1.5498500e-01
  -6.0203000e-02   7.0320600e-01   2.9265600e-01   6.4515900e-01   1.9485800e-01  -4.3358500e-01   1.6262100e-01
  -6.3941000e-02   7.0733900e-01   2.8698600e-01   6.4282300e-01   1.9595400e-01  -4.3077800e-01   1.6635800e-01
  -7.1708000e-02   7.1511600e-01   2.7555000e-01   6.3838800e-01   1.9799400e-01  -4.2496900e-01   1.7363200e-01
  -7.9060000e-02   7.2263300e-01   2.6335800e-01   6.3418800e-01   1.9977400e-01  -4.1889600e-01   1.8065900e-01
  -8.6447000e-02   7.2977800e-01   2.5105000e-01   6.3002000e-01   2.0129400e-01  -4.1254800e-01   1.8747600e-01
  -8.9994000e-02   7.3331900e-01   2.4471500e-01   6.2790000e-01   2.0197000e-01  -4.0926500e-01   1.9082200e-01
  -9.6636000e-02   7.4025400e-01   2.3142500e-01   6.2380200e-01   2.0310200e-01  -4.0250900e-01   1.9733900e-01
  -1.0350800e-01   7.4660900e-01   2.1845200e-01   6.1979100e-01   2.0392800e-01  -3.9555600e-01   2.0357900e-01
  -1.0911100e-01   7.5278800e-01   2.0445900e-01   6.1611800e-01   2.0449600e-01  -3.8857300e-01   2.0943400e-01
  -1.1398100e-01   7.5859700e-01   1.9024000e-01   6.1265600e-01   2.0483900e-01  -3.8161400e-01   2.1490900e-01
  -1.1597800e-01   7.6141100e-01   1.8282200e-01   6.1104700e-01   2.0493500e-01  -3.7814900e-01   2.1750900e-01
  -1.1913600e-01   7.6684100e-01   1.6730300e-01   6.0808800e-01   2.0495700e-01  -3.7122200e-01   2.2246900e-01
  -1.2234800e-01   7.7169700e-01   1.5231000e-01   6.0524100e-01   2.0475600e-01  -3.6428800e-01   2.2713300e-01
  -1.2595800e-01   7.7612800e-01   1.3849200e-01   6.0214600e-01   2.0436900e-01  -3.5729400e-01   2.3158200e-01
  -1.2798300e-01   7.7812000e-01   1.3214800e-01   6.0057200e-01   2.0411200e-01  -3.5382400e-01   2.3369300e-01
  -1.3169700e-01   7.8178200e-01   1.1944300e-01   5.9766700e-01   2.0344200e-01  -3.4694700e-01   2.3767600e-01
  -1.3584500e-01   7.8484100e-01   1.0783800e-01   5.9493000e-01   2.0256600e-01  -3.4016400e-01   2.4134700e-01
  -1.3871200e-01   7.8765600e-01   9.5445000e-02   5.9266200e-01   2.0154400e-01  -3.3359100e-01   2.4468200e-01
  -1.4146300e-01   7.9004900e-01   8.3843000e-02   5.9057800e-01   2.0041200e-01  -3.2725900e-01   2.4769700e-01
  -1.4414200e-01   7.9205600e-01   7.3113000e-02   5.8866300e-01   1.9917800e-01  -3.2118700e-01   2.5040800e-01
  -1.4745600e-01   7.9364700e-01   6.4101000e-02   5.8674700e-01   1.9787200e-01  -3.1536800e-01   2.5284100e-01
  -1.4918100e-01   7.9433100e-01   5.9974000e-02   5.8582200e-01   1.9720600e-01  -3.1255000e-01   2.5396400e-01
  -1.5224300e-01   7.9554000e-01   5.1740000e-02   5.8417600e-01   1.9582700e-01  -3.0708300e-01   2.5603400e-01
  -1.5403800e-01   7.9540500e-01   4.4225000e-02   5.8450600e-01   1.9401800e-01  -3.0231600e-01   2.5913800e-01
  -1.5486100e-01   7.9439300e-01   3.7084000e-02   5.8615900e-01   1.9190600e-01  -2.9798600e-01   2.6282500e-01
  -1.5518500e-01   7.9306000e-01   3.0100000e-02   5.8827500e-01   1.8968200e-01  -2.9383300e-01   2.6653800e-01
  -1.5513000e-01   7.9155400e-01   2.3267000e-02   5.9062300e-01   1.8740000e-01  -2.8979900e-01   2.7016000e-01
  -1.5492700e-01   7.8990000e-01   1.6771000e-02   5.9310600e-01   1.8505500e-01  -2.8584000e-01   2.7368200e-01
  -1.5466900e-01   7.8810700e-01   1.0759000e-02   5.9569200e-01   1.8264400e-01  -2.8195600e-01   2.7711300e-01
  -1.5458000e-01   7.8716300e-01   8.0330000e-03   5.9700500e-01   1.8141700e-01  -2.8005100e-01   2.7879400e-01
  -1.5374500e-01   7.8518400e-01   2.1280000e-03   5.9987000e-01   1.7891800e-01  -2.7630500e-01   2.8209200e-01
  -1.5175800e-01   7.8304700e-01  -4.7820000e-03   6.0314400e-01   1.7635900e-01  -2.7263700e-01   2.8532100e-01
  -1.4975100e-01   7.8074600e-01  -1.1265000e-02   6.0653400e-01   1.7374900e-01  -2.6903700e-01   2.8848600e-01
  -1.4955500e-01   7.7834000e-01  -1.4935000e-02   6.0958700e-01   1.7108500e-01  -2.6552000e-01   2.9159000e-01
  -1.4882500e-01   7.7584000e-01  -1.8851000e-02   6.1283700e-01   1.6839700e-01  -2.6210600e-01   2.9458500e-01
  -1.4934200e-01   7.7459600e-01  -1.9572000e-02   6.1425900e-01   1.6706000e-01  -2.6044100e-01   2.9603200e-01
  -1.4817400e-01   7.7197600e-01  -2.3508000e-02   6.1769400e-01   1.6437900e-01  -2.5722100e-01   2.9882000e-01
  -1.4747500e-01   7.6932000e-01  -2.6523000e-02   6.2104300e-01   1.6172100e-01  -2.5414100e-01   3.0146900e-01
  -1.4739900e-01   7.6665800e-01  -2.8465000e-02   6.2425800e-01   1.5910200e-01  -2.5120500e-01   3.0398400e-01
  -1.4741900e-01   7.6398500e-01  -3.0020000e-02   6.2745000e-01   1.5652400e-01  -2.4841700e-01   3.0636000e-01
  -1.4698300e-01   7.6121900e-01  -3.1995000e-02   6.3080700e-01   1.5399700e-01  -2.4578700e-01   3.0860400e-01
  -1.4628400e-01   7.5835300e-01  -3.4147000e-02   6.3429900e-01   1.5149500e-01  -2.4329100e-01   3.1073800e-01
  -1.4529100e-01   7.5542600e-01  -3.6492000e-02   6.3788000e-01   1.4903300e-01  -2.4091200e-01   3.1277900e-01
  -1.4546500e-01   7.5402300e-01  -3.6732000e-02   6.3948400e-01   1.4781500e-01  -2.3974900e-01   3.1378300e-01
  -1.4493500e-01   7.5119100e-01  -3.8167000e-02   6.4284400e-01   1.4542200e-01  -2.3750000e-01   3.1569600e-01
  -1.4441000e-01   7.4834800e-01  -3.9617000e-02   6.4618300e-01   1.4308900e-01  -2.3539000e-01   3.1743700e-01
  -1.4402700e-01   7.4553600e-01  -4.0828000e-02   6.4943500e-01   1.4081600e-01  -2.3340400e-01   3.1904600e-01
  -1.4403400e-01   7.4278000e-01  -4.1465000e-02   6.5254400e-01   1.3859400e-01  -2.3151200e-01   3.2056900e-01
  -1.4354400e-01   7.4001800e-01  -4.2596000e-02   6.5570800e-01   1.3642000e-01  -2.2968600e-01   3.2201900e-01
  -1.4242300e-01   7.3725400e-01  -4.4341000e-02   6.5894300e-01   1.3428700e-01  -2.2788900e-01   3.2342400e-01
  -1.4178000e-01   7.3588600e-01  -4.5277000e-02   6.6054500e-01   1.3324500e-01  -2.2701200e-01   3.2410200e-01
  -1.4129100e-01   7.3325900e-01  -4.6179000e-02   6.6350300e-01   1.3120900e-01  -2.2530300e-01   3.2541000e-01
  -1.4068300e-01   7.3069300e-01  -4.7076000e-02   6.6639300e-01   1.2921400e-01  -2.2364100e-01   3.2666300e-01
  -1.3961400e-01   7.2810700e-01  -4.8387000e-02   6.6934800e-01   1.2724800e-01  -2.2200200e-01   3.2789300e-01
  -1.3806400e-01   7.2558400e-01  -5.0101000e-02   6.7227600e-01   1.2535100e-01  -2.2040900e-01   3.2906900e-01
  -1.3687600e-01   7.2432500e-01  -5.1372000e-02   6.7377900e-01   1.2443400e-01  -2.1962900e-01   3.2964200e-01
  -1.3565400e-01   7.2195600e-01  -5.2570000e-02   6.7647200e-01   1.2265100e-01  -2.1811900e-01   3.3075000e-01
  -1.3538100e-01   7.1979000e-01  -5.2634000e-02   6.7882600e-01   1.2095500e-01  -2.1666600e-01   3.3180900e-01
  -1.3447800e-01   7.1770400e-01  -5.3290000e-02   6.8115800e-01   1.1934600e-01  -2.1527200e-01   3.3280600e-01
  -1.3226300e-01   7.1563100e-01  -5.5352000e-02   6.8360500e-01   1.1782400e-01  -2.1394200e-01   3.3371000e-01
  -1.3161200e-01   7.1466000e-01  -5.5929000e-02   6.8469800e-01   1.1709500e-01  -2.1329500e-01   3.3413500e-01
  -1.3124000e-01   7.1286100e-01  -5.6093000e-02   6.8662900e-01   1.1570100e-01  -2.1205800e-01   3.3495000e-01
  -1.3095200e-01   7.1119200e-01  -5.6073000e-02   6.8841400e-01   1.1439500e-01  -2.1088800e-01   3.3572800e-01
  -1.2998800e-01   7.0953700e-01  -5.6741000e-02   6.9024700e-01   1.1316300e-01  -2.0979000e-01   3.3646000e-01
  -1.2848400e-01   7.0787500e-01  -5.8004000e-02   6.9212700e-01   1.1199500e-01  -2.0875200e-01   3.3715100e-01
  -1.2918100e-01   7.0716800e-01  -5.7146000e-02   6.9279200e-01   1.1142400e-01  -2.0826000e-01   3.3748200e-01
  -1.3009900e-01   7.0573400e-01  -5.5892000e-02   6.9418200e-01   1.1031100e-01  -2.0733300e-01   3.3811800e-01
  -1.3003900e-01   7.0426600e-01  -5.5592000e-02   6.9570700e-01   1.0924200e-01  -2.0647600e-01   3.3871900e-01
  -1.2904200e-01   7.0277600e-01  -5.6247000e-02   6.9734600e-01   1.0821600e-01  -2.0567200e-01   3.3927400e-01
  -1.2796400e-01   7.0200200e-01  -5.7164000e-02   6.9824900e-01   1.0771800e-01  -2.0529300e-01   3.3953100e-01
  -1.2724000e-01   7.0059400e-01  -5.7561000e-02   6.9976000e-01   1.0672800e-01  -2.0455600e-01   3.4000900e-01
  -1.2751400e-01   6.9930700e-01  -5.6960000e-02   7.0104600e-01   1.0573800e-01  -2.0382900e-01   3.4044200e-01
  -1.2712200e-01   6.9806800e-01  -5.7050000e-02   7.0234300e-01   1.0479200e-01  -2.0313800e-01   3.4081000e-01
  -1.2621000e-01   6.9691200e-01  -5.7703000e-02   7.0360100e-01   1.0391800e-01  -2.0247700e-01   3.4112700e-01
  -1.2594800e-01   6.9593200e-01  -5.7753000e-02   7.0461400e-01   1.0311700e-01  -2.0184600e-01   3.4139800e-01
  -1.2584800e-01   6.9509100e-01  -5.7673000e-02   7.0546700e-01   1.0238800e-01  -2.0124500e-01   3.4162700e-01
  -1.2515500e-01   6.9432500e-01  -5.8201000e-02   7.0630200e-01   1.0173600e-01  -2.0067900e-01   3.4182100e-01
  -1.2553900e-01   6.9405100e-01  -5.7744000e-02   7.0654000e-01   1.0144400e-01  -2.0041200e-01   3.4191000e-01
  -1.2519300e-01   6.9351400e-01  -5.7937000e-02   7.0711300e-01   1.0093100e-01  -1.9990900e-01   3.4207200e-01
  -1.2503500e-01   6.9310000e-01  -5.7953000e-02   7.0754500e-01   1.0051000e-01  -1.9945800e-01   3.4222200e-01
  -1.2472000e-01   6.9277200e-01  -5.8107000e-02   7.0790900e-01   1.0017000e-01  -1.9905800e-01   3.4236300e-01
  -1.2443200e-01   6.9254900e-01  -5.8203000e-02   7.0817000e-01   9.9918000e-02  -1.9871800e-01   3.4250000e-01
  -1.2430200e-01   6.9244400e-01  -5.8086000e-02   7.0830600e-01   9.9758000e-02  -1.9844400e-01   3.4264300e-01
  -1.2418300e-01   6.9242800e-01  -5.7933000e-02   7.0835400e-01   9.9684000e-02  -1.9822700e-01   3.4279100e-01
  -1.2378600e-01   6.9245600e-01  -5.8050000e-02   7.0838700e-01   9.9691000e-02  -1.9807100e-01   3.4294300e-01
  -1.2328100e-01   6.9254400e-01  -5.8244000e-02   7.0837300e-01   9.9770000e-02  -1.9794900e-01   3.4311200e-01
  -1.2298900e-01   6.9261400e-01  -5.8361000e-02   7.0834600e-01   9.9834000e-02  -1.9790200e-01   3.4320200e-01
  -1.2214100e-01   6.9278000e-01  -5.8826000e-02   7.0829200e-01   1.0001000e-01  -1.9782800e-01   3.4339400e-01
  -1.2115100e-01   6.9298900e-01  -5.9436000e-02   7.0820600e-01   1.0024100e-01  -1.9777100e-01   3.4359500e-01
  -1.2054400e-01   6.9328900e-01  -5.9643000e-02   7.0799900e-01   1.0052100e-01  -1.9771800e-01   3.4381700e-01
  -1.1953200e-01   6.9363300e-01  -6.0202000e-02   7.0778700e-01   1.0084700e-01  -1.9766300e-01   3.4405100e-01
  -1.1854000e-01   6.9405400e-01  -6.0719000e-02   7.0749600e-01   1.0120900e-01  -1.9760000e-01   3.4428600e-01
  -1.1751900e-01   6.9451200e-01  -6.1268000e-02   7.0717000e-01   1.0159100e-01  -1.9751700e-01   3.4452500e-01
  -1.1641700e-01   6.9470100e-01  -6.2133000e-02   7.0709100e-01   1.0178200e-01  -1.9746700e-01   3.4464000e-01
  -1.1506000e-01   6.9518000e-01  -6.3042000e-02   7.0676100e-01   1.0216900e-01  -1.9735700e-01   3.4486000e-01
  -1.1426100e-01   6.9574100e-01  -6.3410000e-02   7.0630600e-01   1.0254600e-01  -1.9722400e-01   3.4505900e-01
  -1.1348600e-01   6.9631600e-01  -6.3777000e-02   7.0583100e-01   1.0291500e-01  -1.9707800e-01   3.4524100e-01
  -1.1259800e-01   6.9685400e-01  -6.4288000e-02   7.0539600e-01   1.0326600e-01  -1.9692100e-01   3.4541900e-01
  -1.1154400e-01   6.9733700e-01  -6.4981000e-02   7.0502200e-01   1.0358700e-01  -1.9676600e-01   3.4558100e-01
  -1.1009200e-01   6.9776400e-01  -6.6044000e-02   7.0472900e-01   1.0388400e-01  -1.9662100e-01   3.4573400e-01
  -1.0932400e-01   6.9796300e-01  -6.6601000e-02   7.0460000e-01   1.0402400e-01  -1.9655200e-01   3.4581000e-01
  -1.0778000e-01   6.9834400e-01  -6.7706000e-02   7.0435400e-01   1.0429000e-01  -1.9642100e-01   3.4595800e-01
  -1.0601300e-01   6.9867500e-01  -6.9039000e-02   7.0416500e-01   1.0454000e-01  -1.9629600e-01   3.4610200e-01
  -1.0456300e-01   6.9901200e-01  -7.0063000e-02   7.0394600e-01   1.0477200e-01  -1.9618300e-01   3.4623100e-01
  -1.0286200e-01   6.9931800e-01  -7.1347000e-02   7.0376300e-01   1.0500000e-01  -1.9608400e-01   3.4634900e-01
  -1.0114500e-01   6.9959300e-01  -7.2650000e-02   7.0360600e-01   1.0521300e-01  -1.9599800e-01   3.4646000e-01
  -9.9226000e-02   6.9980000e-01  -7.4194000e-02   7.0351200e-01   1.0541600e-01  -1.9592300e-01   3.4656800e-01
  -9.8497000e-02   6.9990500e-01  -7.4749000e-02   7.0345100e-01   1.0551000e-01  -1.9589100e-01   3.4662200e-01
  -9.8046000e-02   7.0017200e-01  -7.4884000e-02   7.0323400e-01   1.0567700e-01  -1.9583800e-01   3.4672300e-01
  -9.8878000e-02   7.0049800e-01  -7.3773000e-02   7.0291000e-01   1.0581400e-01  -1.9581100e-01   3.4681700e-01
  -9.8688000e-02   7.0063300e-01  -7.3682000e-02   7.0281200e-01   1.0590800e-01  -1.9581100e-01   3.4690300e-01
  -9.8531000e-02   7.0067200e-01  -7.3694000e-02   7.0279400e-01   1.0593900e-01  -1.9581700e-01   3.4694200e-01
