   2.0200000e-03   1.7591800e-01   2.2346000e-02   9.8414900e-01  -1.6566000e-01  -2.2605200e-01   1.0169000e-02
   1.5670000e-03   1.7501500e-01   2.2546000e-02   9.8430600e-01  -1.6587800e-01  -2.2618700e-01   1.0264000e-02
  -1.0460000e-03   1.7334400e-01   2.3201000e-02   9.8458800e-01  -1.6625600e-01  -2.2645900e-01   1.0416000e-02
  -2.3720000e-03   1.7262400e-01   2.3469000e-02   9.8470500e-01  -1.6640200e-01  -2.2660500e-01   1.0468000e-02
  -3.1480000e-03   1.7143800e-01   2.3613000e-02   9.8490700e-01  -1.6663000e-01  -2.2689000e-01   1.0539000e-02
  -3.0550000e-03   1.7055800e-01   2.3542000e-02   9.8506200e-01  -1.6678000e-01  -2.2714300e-01   1.0563000e-02
  -2.5110000e-03   1.6993600e-01   2.3359000e-02   9.8517500e-01  -1.6686400e-01  -2.2735100e-01   1.0527000e-02
  -1.7490000e-03   1.6952800e-01   2.3177000e-02   9.8525100e-01  -1.6690100e-01  -2.2751800e-01   1.0438000e-02
  -7.5800000e-04   1.6931400e-01   2.3068000e-02   9.8529200e-01  -1.6690100e-01  -2.2765700e-01   1.0310000e-02
  -7.5800000e-04   1.6931400e-01   2.3068000e-02   9.8529200e-01  -1.6690100e-01  -2.2765700e-01   1.0310000e-02
   1.7120000e-03   1.6929800e-01   2.2794000e-02   9.8530000e-01  -1.6685900e-01  -2.2778500e-01   1.0117000e-02
   4.5740000e-03   1.6945400e-01   2.2746000e-02   9.8526500e-01  -1.6676600e-01  -2.2792300e-01   9.7510000e-03
   7.5110000e-03   1.6959600e-01   2.2572000e-02   9.8522600e-01  -1.6670200e-01  -2.2802100e-01   9.5110000e-03
   1.1193000e-02   1.6992100e-01   2.2722000e-02   9.8513200e-01  -1.6652900e-01  -2.2828600e-01   8.9560000e-03
   1.5250000e-02   1.7033700e-01   2.2961000e-02   9.8500000e-01  -1.6630800e-01  -2.2862900e-01   8.3080000e-03
   1.9103000e-02   1.7086700e-01   2.3460000e-02   9.8483000e-01  -1.6603200e-01  -2.2907500e-01   7.5770000e-03
   2.1113000e-02   1.7118300e-01   2.3787000e-02   9.8472600e-01  -1.6587200e-01  -2.2935000e-01   7.1920000e-03
   2.5068000e-02   1.7158300e-01   2.3826000e-02   9.8456200e-01  -1.6568800e-01  -2.2967800e-01   6.7860000e-03
   3.1814000e-02   1.7263100e-01   2.4420000e-02   9.8417000e-01  -1.6518900e-01  -2.3058700e-01   5.8620000e-03
   3.4617000e-02   1.7402200e-01   2.6452000e-02   9.8377800e-01  -1.6444700e-01  -2.3204200e-01   4.7150000e-03
   3.4554000e-02   1.7479500e-01   2.8005000e-02   9.8360000e-01  -1.6400500e-01  -2.3297400e-01   4.1120000e-03
   3.2590000e-02   1.7652600e-01   3.1880000e-02   9.8324000e-01  -1.6298400e-01  -2.3516100e-01   2.8750000e-03
   3.1694000e-02   1.7862100e-01   3.6255000e-02   9.8273900e-01  -1.6176600e-01  -2.3782000e-01   1.6140000e-03
   3.0595000e-02   1.8105000e-01   4.1359000e-02   9.8212700e-01  -1.6033900e-01  -2.4095000e-01   3.5000000e-04
   3.1885000e-02   1.8247300e-01   4.3796000e-02   9.8171700e-01  -1.5954300e-01  -2.4268200e-01  -2.7700000e-04
   2.9277000e-02   1.8383400e-01   4.7060000e-02   9.8139400e-01  -1.5866400e-01  -2.4456000e-01  -9.1100000e-04
   3.1777000e-02   1.8793200e-01   5.3336000e-02   9.8021800e-01  -1.5629400e-01  -2.4943500e-01  -2.3170000e-03
   3.2373000e-02   1.9282300e-01   6.1620000e-02   9.7876200e-01  -1.5336800e-01  -2.5543700e-01  -3.6280000e-03
   2.7247000e-02   1.9789500e-01   7.1921000e-02   9.7720100e-01  -1.5005700e-01  -2.6193600e-01  -4.7770000e-03
   2.4038000e-02   2.0055800e-01   7.7455000e-02   9.7631900e-01  -1.4825700e-01  -2.6531700e-01  -5.2840000e-03
   1.9052000e-02   2.0960700e-01   9.4049000e-02   9.7306600e-01  -1.4216100e-01  -2.7602100e-01  -6.7050000e-03
   1.7914000e-02   2.0949700e-01   9.4294000e-02   9.7308700e-01  -1.4216100e-01  -2.7602100e-01  -6.7050000e-03
   1.6332000e-02   2.1638000e-01   1.0548300e-01   9.7045700e-01  -1.3750000e-01  -2.8345400e-01  -7.5100000e-03
   1.4339000e-02   2.2013000e-01   1.1163500e-01   9.6895600e-01  -1.3486200e-01  -2.8737200e-01  -7.8680000e-03
   9.7980000e-03   2.2887100e-01   1.2514300e-01   9.6533000e-01  -1.2870600e-01  -2.9573900e-01  -8.4980000e-03
   8.5950000e-03   2.3908500e-01   1.3886600e-01   9.6097900e-01  -1.2174300e-01  -3.0433300e-01  -8.9650000e-03
   9.9530000e-03   2.4465200e-01   1.4540900e-01   9.5859400e-01  -1.1808100e-01  -3.0857100e-01  -9.1450000e-03
   1.1696000e-02   2.5044400e-01   1.5190800e-01   9.5606700e-01  -1.1430600e-01  -3.1273200e-01  -9.2770000e-03
   1.4065000e-02   2.5651200e-01   1.5811900e-01   9.5341600e-01  -1.1038500e-01  -3.1679600e-01  -9.4190000e-03
   1.2814000e-02   2.6248000e-01   1.6558900e-01   9.5053700e-01  -1.0614800e-01  -3.2091000e-01  -9.5060000e-03
   1.1128000e-02   2.6895000e-01   1.7366900e-01   9.4730200e-01  -1.0150000e-01  -3.2515000e-01  -9.5430000e-03
   9.5920000e-03   2.7603800e-01   1.8221700e-01   9.4366700e-01  -9.6412000e-02  -3.2952400e-01  -9.5100000e-03
   7.7210000e-03   2.8362600e-01   1.9140000e-01   9.3960800e-01  -9.0886000e-02  -3.3401300e-01  -9.3890000e-03
   7.5750000e-03   2.9214500e-01   2.0052400e-01   9.3508500e-01  -8.4924000e-02  -3.3856800e-01  -9.1660000e-03
   3.9720000e-03   3.0043100e-01   2.1112300e-01   9.3013600e-01  -7.8536000e-02  -3.4314200e-01  -8.8530000e-03
  -3.3770000e-03   3.0821700e-01   2.2336000e-01   9.2471700e-01  -7.1765000e-02  -3.4767900e-01  -8.4430000e-03
  -3.3770000e-03   3.0821700e-01   2.2336000e-01   9.2471700e-01  -7.1765000e-02  -3.4767900e-01  -8.4430000e-03
  -1.5778000e-02   3.2507300e-01   2.4804400e-01   9.1244300e-01  -5.7201000e-02  -3.5649800e-01  -7.3090000e-03
  -1.7137000e-02   3.3515200e-01   2.5887400e-01   9.0573900e-01  -4.9484000e-02  -3.6070400e-01  -6.5850000e-03
  -2.1298000e-02   3.3395900e-01   2.6041100e-01   9.0565100e-01  -4.9484000e-02  -3.6070400e-01  -6.5850000e-03
  -2.6371000e-02   3.4311900e-01   2.7264500e-01   8.9846500e-01  -4.1512000e-02  -3.6473600e-01  -5.7790000e-03
  -3.0484000e-02   3.5271000e-01   2.8443800e-01   8.9093300e-01  -3.3327000e-02  -3.6856100e-01  -4.8820000e-03
  -3.2978000e-02   3.6299000e-01   2.9512600e-01   8.8320500e-01  -2.4921000e-02  -3.7220900e-01  -3.9020000e-03
  -3.4498000e-02   3.7376500e-01   3.0483100e-01   8.7532100e-01  -1.6336000e-02  -3.7563100e-01  -2.8740000e-03
  -3.5281000e-02   3.8495000e-01   3.1363400e-01   8.6729600e-01  -7.6510000e-03  -3.7879700e-01  -1.7760000e-03
  -3.5057000e-02   3.9667600e-01   3.2135000e-01   8.5915800e-01   1.0910000e-03  -3.8168300e-01  -5.9600000e-04
  -3.6209000e-02   4.0643200e-01   3.2902300e-01   8.5161400e-01   9.1240000e-03  -3.8475300e-01   6.1700000e-04
  -3.6989000e-02   4.1245000e-01   3.3600200e-01   8.4594300e-01   1.5362000e-02  -3.8880600e-01   1.8060000e-03
  -3.4393000e-02   4.1806100e-01   3.4089200e-01   8.4132900e-01   2.0735000e-02  -3.9328600e-01   3.0780000e-03
  -3.8393000e-02   4.2018600e-01   3.4874000e-01   8.3686900e-01   2.5695000e-02  -3.9790900e-01   4.4510000e-03
  -4.3427000e-02   4.2154900e-01   3.5683700e-01   8.3251300e-01   3.0479000e-02  -4.0251100e-01   5.9570000e-03
  -4.9094000e-02   4.2260600e-01   3.6493100e-01   8.2814200e-01   3.5188000e-02  -4.0698300e-01   7.6250000e-03
  -5.4349000e-02   4.2404000e-01   3.7239400e-01   8.2374700e-01   3.9886000e-02  -4.1125100e-01   9.4890000e-03
  -5.5868000e-02   4.2702100e-01   3.7752100e-01   8.1976200e-01   4.4431000e-02  -4.1534000e-01   1.1424000e-02
  -5.4766000e-02   4.3149100e-01   3.8069800e-01   8.1601800e-01   4.8907000e-02  -4.1915400e-01   1.3519000e-02
  -4.8617000e-02   4.3861800e-01   3.8051000e-01   8.1268800e-01   5.3276000e-02  -4.2267300e-01   1.5770000e-02
  -4.8617000e-02   4.3861800e-01   3.8051000e-01   8.1268800e-01   5.3276000e-02  -4.2267300e-01   1.5770000e-02
  -4.4973000e-02   4.4488500e-01   3.8088500e-01   8.0930900e-01   5.7501000e-02  -4.2587500e-01   1.8191000e-02
  -4.3281000e-02   4.5049500e-01   3.8175400e-01   8.0588200e-01   6.1543000e-02  -4.2875700e-01   2.0778000e-02
  -4.3058000e-02   4.5565900e-01   3.8286500e-01   8.0245600e-01   6.5404000e-02  -4.3133200e-01   2.3534000e-02
  -4.1626000e-02   4.6147300e-01   3.8276300e-01   7.9925100e-01   6.9033000e-02  -4.3364400e-01   2.6415000e-02
  -3.5452000e-02   4.7596600e-01   3.7870400e-01   7.9295800e-01   7.5838000e-02  -4.3726500e-01   3.2860000e-02
  -3.2565000e-02   4.8937800e-01   3.7456600e-01   7.8686000e-01   8.1726000e-02  -4.3977600e-01   3.9805000e-02
  -2.9393000e-02   5.0260400e-01   3.6886400e-01   7.8132300e-01   8.6825000e-02  -4.4141500e-01   4.6671000e-02
  -2.5422000e-02   5.1562900e-01   3.6163400e-01   7.7633900e-01   9.1191000e-02  -4.4233900e-01   5.3306000e-02
  -1.9639000e-02   5.2367900e-01   3.5509300e-01   7.7413400e-01   9.3124000e-02  -4.4256500e-01   5.6545000e-02
  -1.2428000e-02   5.3220500e-01   3.4724400e-01   7.7202700e-01   9.4903000e-02  -4.4264600e-01   5.9744000e-02
   1.5950000e-03   5.4872100e-01   3.3083100e-01   7.6775900e-01   9.8116000e-02  -4.4242300e-01   6.6159000e-02
   5.6430000e-03   5.5571500e-01   3.2410000e-01   7.6557700e-01   9.9567000e-02  -4.4208400e-01   6.9500000e-02
   9.1870000e-03   5.6759200e-01   3.1303000e-01   7.6142500e-01   1.0215800e-01  -4.4101700e-01   7.6234000e-02
   8.3140000e-03   5.7484500e-01   3.0674700e-01   7.5854500e-01   1.0387200e-01  -4.3993000e-01   8.1265000e-02
   6.6520000e-03   5.8556400e-01   2.9596800e-01   7.5463400e-01   1.0592000e-01  -4.3761200e-01   8.9037000e-02
   6.2750000e-03   5.9489900e-01   2.8490000e-01   7.5159000e-01   1.0734000e-01  -4.3515900e-01   9.5704000e-02
   6.2750000e-03   5.9489900e-01   2.8490000e-01   7.5159000e-01   1.0734000e-01  -4.3515900e-01   9.5704000e-02
   7.3760000e-03   5.9970200e-01   2.7828200e-01   7.5024100e-01   1.0786700e-01  -4.3381900e-01   9.8871000e-02
   9.6980000e-03   6.0908700e-01   2.6392200e-01   7.4784000e-01   1.0856600e-01  -4.3071100e-01   1.0525900e-01
   5.7520000e-03   6.1632000e-01   2.5240600e-01   7.4592700e-01   1.0874300e-01  -4.2676500e-01   1.1204500e-01
   1.0070000e-03   6.2285400e-01   2.4066700e-01   7.4440000e-01   1.0871400e-01  -4.2246500e-01   1.1869200e-01
  -3.8420000e-03   6.2879800e-01   2.2871500e-01   7.4316100e-01   1.0843700e-01  -4.1789700e-01   1.2505200e-01
  -8.1500000e-03   6.3409600e-01   2.1573400e-01   7.4250500e-01   1.0826600e-01  -4.1334700e-01   1.3098800e-01
  -1.0167000e-02   6.3654100e-01   2.0907400e-01   7.4229400e-01   1.0815000e-01  -4.1104100e-01   1.3382300e-01
  -1.2397000e-02   6.3880000e-01   2.0263100e-01   7.4210600e-01   1.0799000e-01  -4.0869900e-01   1.3658400e-01
  -1.5161000e-02   6.4359500e-01   1.8802000e-01   7.4175800e-01   1.0746400e-01  -4.0373200e-01   1.4204900e-01
  -1.8613000e-02   6.4810800e-01   1.7262100e-01   7.4149300e-01   1.0653800e-01  -3.9805400e-01   1.4767400e-01
  -2.2341000e-02   6.5207800e-01   1.5713200e-01   7.4135300e-01   1.0543600e-01  -3.9210700e-01   1.5307600e-01
  -2.0720000e-02   6.5454500e-01   1.4627200e-01   7.4144900e-01   1.0483600e-01  -3.8907400e-01   1.5566200e-01
  -2.2262000e-02   6.5621100e-01   1.3830100e-01   7.4146100e-01   1.0423000e-01  -3.8604100e-01   1.5815700e-01
  -2.1191000e-02   6.5827500e-01   1.2810300e-01   7.4149400e-01   1.0362000e-01  -3.8298400e-01   1.6060200e-01
  -2.4995000e-02   6.5943300e-01   1.2199500e-01   7.4137700e-01   1.0297500e-01  -3.7980600e-01   1.6305100e-01
  -1.9987000e-02   6.6192000e-01   1.0766800e-01   7.4153200e-01   1.0227300e-01  -3.7645600e-01   1.6553200e-01
  -2.2790000e-02   6.6312800e-01   9.9951000e-02   7.4145200e-01   1.0152100e-01  -3.7293600e-01   1.6803300e-01
  -2.7187000e-02   6.6406400e-01   9.3372000e-02   7.4132400e-01   1.0072400e-01  -3.6927700e-01   1.7052400e-01
  -3.1347000e-02   6.6496200e-01   8.6321000e-02   7.4121000e-01   9.9885000e-02  -3.6549000e-01   1.7298600e-01
  -3.1696000e-02   6.6492100e-01   8.6634000e-02   7.4119500e-01   9.9885000e-02  -3.6549000e-01   1.7298600e-01
  -3.6868000e-02   6.6562300e-01   8.0326000e-02   7.4103600e-01   9.9016000e-02  -3.6161100e-01   1.7539400e-01
  -4.3120000e-02   6.6615700e-01   7.4902000e-02   7.4078700e-01   9.8128000e-02  -3.5766200e-01   1.7773900e-01
  -4.6391000e-02   6.6675700e-01   7.2383000e-02   7.4029900e-01   9.7853000e-02  -3.5566000e-01   1.7905700e-01
  -5.3235000e-02   6.6723600e-01   6.4820000e-02   7.4010800e-01   9.6618000e-02  -3.5066400e-01   1.8172100e-01
  -5.8998000e-02   6.6773500e-01   5.7824000e-02   7.3980100e-01   9.5588000e-02  -3.4618700e-01   1.8404700e-01
  -6.2689000e-02   6.6831500e-01   4.9870000e-02   7.3955300e-01   9.4700000e-02  -3.4203000e-01   1.8615300e-01
  -6.5452000e-02   6.6887100e-01   4.1683000e-02   7.3931800e-01   9.3959000e-02  -3.3812200e-01   1.8810600e-01
  -7.0005000e-02   6.6929100e-01   3.5586000e-02   7.3883900e-01   9.3362000e-02  -3.3441700e-01   1.8995300e-01
  -7.5310000e-02   6.6968900e-01   3.0581000e-02   7.3818000e-01   9.2905000e-02  -3.3089000e-01   1.9172000e-01
  -7.7954000e-02   6.7016700e-01   2.3466000e-02   7.3773300e-01   9.2643000e-02  -3.2757700e-01   1.9342400e-01
  -7.9682000e-02   6.7069800e-01   1.5899000e-02   7.3726600e-01   9.2551000e-02  -3.2444600e-01   1.9509100e-01
  -8.2244000e-02   6.7125000e-01   9.4780000e-03   7.3659300e-01   9.2603000e-02  -3.2147800e-01   1.9672400e-01
  -8.5119000e-02   6.7184400e-01   3.7340000e-03   7.3577600e-01   9.2772000e-02  -3.1866000e-01   1.9832000e-01
  -8.8300000e-02   6.7249700e-01  -1.4210000e-03   7.3481200e-01   9.3037000e-02  -3.1595000e-01   1.9989200e-01
  -9.1458000e-02   6.7325600e-01  -6.2140000e-03   7.3370600e-01   9.3423000e-02  -3.1337200e-01   2.0145300e-01
  -9.5383000e-02   6.7411600e-01  -9.8770000e-03   7.3237400e-01   9.3910000e-02  -3.1093600e-01   2.0298900e-01
  -9.4415000e-02   6.7410300e-01  -1.0768000e-02   7.3249900e-01   9.3910000e-02  -3.1093600e-01   2.0298900e-01
  -9.6652000e-02   6.7501000e-01  -1.5616000e-02   7.3128400e-01   9.4459000e-02  -3.0860400e-01   2.0449500e-01
  -9.8366000e-02   6.7595300e-01  -2.0615000e-02   7.3005900e-01   9.5030000e-02  -3.0634600e-01   2.0596200e-01
  -9.8169000e-02   6.7686700e-01  -2.7078000e-02   7.2902800e-01   9.5608000e-02  -3.0414800e-01   2.0738800e-01
  -9.7984000e-02   6.7774500e-01  -3.3279000e-02   7.2797900e-01   9.6197000e-02  -3.0202600e-01   2.0876500e-01
  -9.9381000e-02   6.7865300e-01  -3.7723000e-02   7.2672600e-01   9.6770000e-02  -2.9998300e-01   2.1007300e-01
  -1.0050000e-01   6.7946700e-01  -4.2174000e-02   7.2556600e-01   9.7348000e-02  -2.9805200e-01   2.1130700e-01
  -1.0084000e-01   6.8020100e-01  -4.7104000e-02   7.2452700e-01   9.7893000e-02  -2.9618000e-01   2.1247700e-01
  -1.0132800e-01   6.8091000e-01  -5.1676000e-02   7.2348000e-01   9.8402000e-02  -2.9435400e-01   2.1359100e-01
  -1.0200100e-01   6.8156500e-01  -5.5887000e-02   7.2245500e-01   9.8844000e-02  -2.9255900e-01   2.1463100e-01
  -1.0290400e-01   6.8216600e-01  -5.9671000e-02   7.2145700e-01   9.9230000e-02  -2.9082000e-01   2.1559700e-01
  -1.0332500e-01   6.8298300e-01  -6.7849000e-02   7.1989900e-01   9.9878000e-02  -2.8760400e-01   2.1729000e-01
  -1.0225900e-01   6.8337400e-01  -7.6302000e-02   7.1883300e-01   1.0034200e-01  -2.8477400e-01   2.1866800e-01
  -1.0083100e-01   6.8346500e-01  -8.4036000e-02   7.1808600e-01   1.0061800e-01  -2.8230000e-01   2.1975800e-01
  -9.9815000e-02   6.8339300e-01  -9.0528000e-02   7.1750600e-01   1.0070700e-01  -2.8009100e-01   2.2060900e-01
  -9.9815000e-02   6.8339300e-01  -9.0528000e-02   7.1750600e-01   1.0070700e-01  -2.8009100e-01   2.2060900e-01
  -9.9141000e-02   6.8322600e-01  -9.5976000e-02   7.1705000e-01   1.0063300e-01  -2.7808900e-01   2.2127000e-01
  -9.8883000e-02   6.8297600e-01  -1.0057900e-01   7.1669400e-01   1.0023200e-01  -2.7606400e-01   2.2173300e-01
  -9.8708000e-02   6.8276900e-01  -1.0282800e-01   7.1659600e-01   9.9920000e-02  -2.7503500e-01   2.2189600e-01
  -9.9950000e-02   6.8254900e-01  -1.0546000e-01   7.1625100e-01   9.9167000e-02  -2.7302800e-01   2.2211800e-01
  -1.0095100e-01   6.8229700e-01  -1.0792200e-01   7.1598300e-01   9.8261000e-02  -2.7105000e-01   2.2223100e-01
  -1.0141900e-01   6.8190600e-01  -1.1054200e-01   7.1589000e-01   9.7260000e-02  -2.6916400e-01   2.2223800e-01
  -1.0194300e-01   6.8170000e-01  -1.1143300e-01   7.1587400e-01   9.6757000e-02  -2.6830800e-01   2.2219800e-01
