   1.0100600e-01   1.9165700e-01  -2.0299000e-02   9.7604000e-01  -1.6550100e-01  -2.1099500e-01   2.2837000e-02
   9.7259000e-02   1.9158800e-01  -1.9501000e-02   9.7645000e-01  -1.6550800e-01  -2.1100800e-01   2.2674000e-02
   9.4269000e-02   1.9160600e-01  -1.8780000e-02   9.7675400e-01  -1.6549100e-01  -2.1105500e-01   2.2511000e-02
   9.2698000e-02   1.9172600e-01  -1.8238000e-02   9.7689100e-01  -1.6544300e-01  -2.1114500e-01   2.2334000e-02
   9.1800000e-02   1.9197200e-01  -1.7713000e-02   9.7693700e-01  -1.6535900e-01  -2.1128600e-01   2.2141000e-02
   9.1399000e-02   1.9235300e-01  -1.7123000e-02   9.7691000e-01  -1.6523900e-01  -2.1149600e-01   2.1920000e-02
   8.9705000e-02   1.9288900e-01  -1.6104000e-02   9.7697900e-01  -1.6508100e-01  -2.1178100e-01   2.1666000e-02
   8.5775000e-02   1.9357300e-01  -1.4431000e-02   9.7722300e-01  -1.6488900e-01  -2.1215300e-01   2.1365000e-02
   7.9787000e-02   1.9442100e-01  -1.2091000e-02   9.7759300e-01  -1.6464900e-01  -2.1263100e-01   2.1000000e-02
   7.1088000e-02   1.9540300e-01  -8.8950000e-03   9.7810300e-01  -1.6436000e-01  -2.1323300e-01   2.0543000e-02
   5.9217000e-02   1.9648300e-01  -4.7230000e-03   9.7870600e-01  -1.6401500e-01  -2.1396500e-01   1.9975000e-02
   4.5006000e-02   1.9761400e-01   3.0200000e-04   9.7924600e-01  -1.6361200e-01  -2.1484000e-01   1.9302000e-02
   4.5006000e-02   1.9761400e-01   3.0200000e-04   9.7924600e-01  -1.6361200e-01  -2.1484000e-01   1.9302000e-02
   8.7700000e-04   1.9980900e-01   1.4882000e-02   9.7972100e-01  -1.6256300e-01  -2.1707400e-01   1.7590000e-02
  -1.8799000e-02   2.0086400e-01   2.2539000e-02   9.7917900e-01  -1.6189200e-01  -2.1849400e-01   1.6553000e-02
  -3.5531000e-02   2.0197100e-01   3.0228000e-02   9.7828000e-01  -1.6110100e-01  -2.2014000e-01   1.5403000e-02
  -4.9908000e-02   2.0316200e-01   3.8086000e-02   9.7713100e-01  -1.6018000e-01  -2.2201900e-01   1.4174000e-02
  -4.2642000e-02   2.0540300e-01   4.2109000e-02   9.7684100e-01  -1.5910400e-01  -2.2414900e-01   1.2901000e-02
  -6.2157000e-02   2.0452000e-01   4.6206000e-02   9.7579400e-01  -1.5910400e-01  -2.2414900e-01   1.2901000e-02
  -7.3065000e-02   2.0606800e-01   5.4776000e-02   9.7426700e-01  -1.5785500e-01  -2.2653600e-01   1.1616000e-02
  -8.2447000e-02   2.0783300e-01   6.3774000e-02   9.7259500e-01  -1.5641500e-01  -2.2918500e-01   1.0330000e-02
  -9.4086000e-02   2.0961000e-01   7.4033000e-02   9.7042800e-01  -1.5475300e-01  -2.3209400e-01   9.0720000e-03
  -1.0636500e-01   2.1146800e-01   8.5007000e-02   9.6785400e-01  -1.5281800e-01  -2.3536000e-01   7.8390000e-03
  -1.1857800e-01   2.1355500e-01   9.4913000e-02   9.6505200e-01  -1.5040200e-01  -2.3961200e-01   6.5710000e-03
  -1.2942800e-01   2.1605200e-01   1.0421400e-01   9.6213800e-01  -1.4758900e-01  -2.4445600e-01   5.3410000e-03
  -1.3965700e-01   2.1887200e-01   1.1347400e-01   9.5901700e-01  -1.4441500e-01  -2.4971100e-01   4.1800000e-03
  -1.4822700e-01   2.2215500e-01   1.2264800e-01   9.5584200e-01  -1.4088500e-01  -2.5525100e-01   3.0990000e-03
  -1.5519900e-01   2.2594300e-01   1.3183500e-01   9.5261900e-01  -1.3698600e-01  -2.6099500e-01   2.0910000e-03
  -1.6601500e-01   2.3480600e-01   1.5071500e-01   9.4582800e-01  -1.2811400e-01  -2.7285300e-01   3.5100000e-04
  -1.6935300e-01   2.3980400e-01   1.6025100e-01   9.4240800e-01  -1.2325600e-01  -2.7881300e-01  -3.4300000e-04
  -1.7881400e-01   2.4912200e-01   1.8052300e-01   9.3454600e-01  -1.1317800e-01  -2.9026600e-01  -1.3810000e-03
  -1.8541800e-01   2.5829900e-01   2.0010600e-01   9.2674700e-01  -1.0298600e-01  -3.0082200e-01  -2.0230000e-03
  -1.9092100e-01   2.6701800e-01   2.1910900e-01   9.1882600e-01  -9.2879000e-02  -3.1042200e-01  -2.3230000e-03
  -1.9031600e-01   2.7200500e-01   2.2749900e-01   9.1544400e-01  -8.7865000e-02  -3.1488900e-01  -2.3550000e-03
  -1.8984200e-01   2.7687800e-01   2.3575100e-01   9.1198700e-01  -8.2898000e-02  -3.1913500e-01  -2.3220000e-03
  -1.9133100e-01   2.8621400e-01   2.5307900e-01   9.0411500e-01  -7.2679000e-02  -3.2726400e-01  -2.0880000e-03
  -1.9198400e-01   2.9129000e-01   2.6200100e-01   8.9980400e-01  -6.7228000e-02  -3.3127800e-01  -1.8270000e-03
  -1.9260400e-01   3.0181600e-01   2.7936400e-01   8.9093600e-01  -5.6121000e-02  -3.3890600e-01  -1.1210000e-03
  -1.9283200e-01   3.0704900e-01   2.8778300e-01   8.8640700e-01  -5.0599000e-02  -3.4246300e-01  -6.8800000e-04
  -1.9271500e-01   3.1233100e-01   2.9589900e-01   8.8190400e-01  -4.5129000e-02  -3.4584400e-01  -2.1100000e-04
  -1.9029300e-01   3.1836500e-01   3.0301600e-01   8.7784600e-01  -3.9720000e-02  -3.4903600e-01   3.1000000e-04
  -1.8530100e-01   3.2562300e-01   3.0928700e-01   8.7405700e-01  -3.4129000e-02  -3.5215300e-01   9.2300000e-04
  -1.7984300e-01   3.3355400e-01   3.1552400e-01   8.6996700e-01  -2.8263000e-02  -3.5521600e-01   1.6570000e-03
  -1.7412300e-01   3.4214200e-01   3.2175900e-01   8.6550100e-01  -2.2109000e-02  -3.5821100e-01   2.5180000e-03
  -1.6685400e-01   3.5195000e-01   3.2736300e-01   8.6088600e-01  -1.5659000e-02  -3.6109300e-01   3.5170000e-03
  -1.5926600e-01   3.6250000e-01   3.3271500e-01   8.5587900e-01  -8.9480000e-03  -3.6383300e-01   4.6320000e-03
  -1.5213100e-01   3.7333900e-01   3.3791300e-01   8.5046400e-01  -2.0530000e-03  -3.6645900e-01   5.8330000e-03
  -1.4333700e-01   3.8156500e-01   3.4137800e-01   8.4694900e-01   3.1470000e-03  -3.7007900e-01   7.0840000e-03
  -1.3519100e-01   3.8805500e-01   3.4449100e-01   8.4407500e-01   7.5550000e-03  -3.7419300e-01   8.4110000e-03
  -1.3519100e-01   3.8805500e-01   3.4449100e-01   8.4407500e-01   7.5550000e-03  -3.7419300e-01   8.4110000e-03
  -1.2208900e-01   3.9842200e-01   3.5108200e-01   8.3850800e-01   1.5542000e-02  -3.8289100e-01   1.1372000e-02
  -1.1563300e-01   4.0358300e-01   3.5398700e-01   8.3572900e-01   1.9431000e-02  -3.8722600e-01   1.3020000e-02
  -1.0905300e-01   4.0924000e-01   3.5643100e-01   8.3281900e-01   2.3397000e-02  -3.9142400e-01   1.4846000e-02
  -1.0905300e-01   4.0924000e-01   3.5643100e-01   8.3281900e-01   2.3397000e-02  -3.9142400e-01   1.4846000e-02
  -1.0423600e-01   4.1393200e-01   3.5934000e-01   8.2986100e-01   2.7211000e-02  -3.9555300e-01   1.6662000e-02
  -1.0233400e-01   4.1802000e-01   3.6328000e-01   8.2632600e-01   3.1162000e-02  -3.9945900e-01   1.8712000e-02
  -1.0119200e-01   4.2191500e-01   3.6720800e-01   8.2274300e-01   3.5070000e-02  -4.0320700e-01   2.0860000e-02
  -9.9917000e-02   4.2616100e-01   3.7059800e-01   8.1918300e-01   3.8980000e-02  -4.0676100e-01   2.3143000e-02
  -9.8976000e-02   4.3055200e-01   3.7365700e-01   8.1560300e-01   4.2881000e-02  -4.1011400e-01   2.5565000e-02
  -9.8248000e-02   4.3512000e-01   3.7633600e-01   8.1202800e-01   4.6764000e-02  -4.1326600e-01   2.8121000e-02
  -9.8035000e-02   4.3974000e-01   3.7885200e-01   8.0838700e-01   5.0587000e-02  -4.1618400e-01   3.0835000e-02
  -9.8369000e-02   4.4421500e-01   3.8087800e-01   8.0494000e-01   5.4424000e-02  -4.1899400e-01   3.3618000e-02
  -9.8032000e-02   4.4962900e-01   3.8179800e-01   8.0153200e-01   5.8362000e-02  -4.2154200e-01   3.6632000e-02
  -9.7120000e-02   4.5522400e-01   3.8192400e-01   7.9841900e-01   6.2132000e-02  -4.2393100e-01   3.9696000e-02
  -9.6913000e-02   4.6103700e-01   3.8188000e-01   7.9512300e-01   6.5923000e-02  -4.2601600e-01   4.2974000e-02
  -9.6968000e-02   4.6680900e-01   3.8159800e-01   7.9187700e-01   6.9551000e-02  -4.2788100e-01   4.6371000e-02
  -9.6679000e-02   4.7294500e-01   3.8068200e-01   7.8870600e-01   7.3057000e-02  -4.2949600e-01   4.9896000e-02
  -9.5795000e-02   4.7954100e-01   3.7897000e-01   7.8565000e-01   7.6436000e-02  -4.3086700e-01   5.3535000e-02
  -9.4878000e-02   4.8631100e-01   3.7677400e-01   7.8265000e-01   7.9683000e-02  -4.3199300e-01   5.7280000e-02
  -9.4937000e-02   4.9276000e-01   3.7482900e-01   7.7953700e-01   8.2750000e-02  -4.3285100e-01   6.1134000e-02
  -1.0016900e-01   4.9682900e-01   3.7581800e-01   7.7581400e-01   8.5665000e-02  -4.3346900e-01   6.5070000e-02
  -9.5585000e-02   4.9903900e-01   3.7287800e-01   7.7639200e-01   8.5665000e-02  -4.3346900e-01   6.5070000e-02
  -9.5970000e-02   5.0554200e-01   3.7034000e-01   7.7334700e-01   8.8434000e-02  -4.3385300e-01   6.9079000e-02
  -9.3348000e-02   5.2036900e-01   3.6195700e-01   7.6778200e-01   9.3415000e-02  -4.3388200e-01   7.7282000e-02
  -9.4371000e-02   5.3325200e-01   3.5465200e-01   7.6220600e-01   9.7690000e-02  -4.3307600e-01   8.5427000e-02
  -9.6801000e-02   5.4447200e-01   3.4786400e-01   7.5708000e-01   1.0134600e-01  -4.3178400e-01   9.2996000e-02
  -1.0027900e-01   5.5402400e-01   3.4161900e-01   7.5252800e-01   1.0450200e-01  -4.3021500e-01   9.9863000e-02
  -1.0264500e-01   5.6296200e-01   3.3449000e-01   7.4876900e-01   1.0720300e-01  -4.2845100e-01   1.0607100e-01
  -1.0348500e-01   5.6717900e-01   3.3065400e-01   7.4717200e-01   1.0840000e-01  -4.2752000e-01   1.0894000e-01
  -1.0440700e-01   5.7112500e-01   3.2687600e-01   7.4569900e-01   1.0948500e-01  -4.2654800e-01   1.1167500e-01
  -1.0358300e-01   5.7561600e-01   3.2175800e-01   7.4458600e-01   1.1046200e-01  -4.2553500e-01   1.1429100e-01
  -1.0090400e-01   5.8483400e-01   3.0998400e-01   7.4276400e-01   1.1200500e-01  -4.2313400e-01   1.1950300e-01
  -9.9938000e-02   5.9269700e-01   2.9905700e-01   7.4113900e-01   1.1302000e-01  -4.2040200e-01   1.2445100e-01
  -9.8716000e-02   5.9979500e-01   2.8808900e-01   7.3993600e-01   1.1357600e-01  -4.1754100e-01   1.2894700e-01
  -9.7197000e-02   6.0616200e-01   2.7707800e-01   7.3915300e-01   1.1372900e-01  -4.1460400e-01   1.3300300e-01
  -9.4455000e-02   6.1219000e-01   2.6534700e-01   7.3884500e-01   1.1350900e-01  -4.1161700e-01   1.3664800e-01
  -9.4455000e-02   6.1219000e-01   2.6534700e-01   7.3884500e-01   1.1350900e-01  -4.1161700e-01   1.3664800e-01
  -9.2671000e-02   6.1506700e-01   2.5923800e-01   7.3885000e-01   1.1326300e-01  -4.1010300e-01   1.3832900e-01
  -7.9122000e-02   6.2364000e-01   2.3857800e-01   7.4019900e-01   1.1246900e-01  -4.0694800e-01   1.4150300e-01
  -7.7754000e-02   6.2775000e-01   2.2710300e-01   7.4047900e-01   1.1097200e-01  -4.0319100e-01   1.4468100e-01
  -7.6187000e-02   6.3131300e-01   2.1562700e-01   7.4104300e-01   1.0911000e-01  -3.9931400e-01   1.4754700e-01
  -7.4594000e-02   6.3435400e-01   2.0452100e-01   7.4175600e-01   1.0705100e-01  -3.9544000e-01   1.5011100e-01
  -7.0782000e-02   6.3655200e-01   1.9648200e-01   7.4241900e-01   1.0599800e-01  -3.9350500e-01   1.5132300e-01
  -7.1179000e-02   6.3786500e-01   1.9004000e-01   7.4293100e-01   1.0431100e-01  -3.9066700e-01   1.5292100e-01
  -7.1265000e-02   6.3894700e-01   1.8453400e-01   7.4338100e-01   1.0290200e-01  -3.8830200e-01   1.5420000e-01
  -6.9298000e-02   6.4036200e-01   1.7783300e-01   7.4398300e-01   1.0162400e-01  -3.8615700e-01   1.5532000e-01
  -6.5763000e-02   6.4279100e-01   1.6500300e-01   7.4516400e-01   9.9026000e-02  -3.8187800e-01   1.5740700e-01
  -6.5914000e-02   6.4408700e-01   1.5516600e-01   7.4614400e-01   9.6393000e-02  -3.7752700e-01   1.5936400e-01
  -6.6052000e-02   6.4522500e-01   1.4560800e-01   7.4707500e-01   9.3788000e-02  -3.7320300e-01   1.6118400e-01
  -6.4847000e-02   6.4621600e-01   1.3759400e-01   7.4784200e-01   9.1873000e-02  -3.7001500e-01   1.6244600e-01
  -6.4442000e-02   6.4736300e-01   1.2647600e-01   7.4884800e-01   8.8949000e-02  -3.6503700e-01   1.6433100e-01
  -6.4881000e-02   6.4773200e-01   1.2215300e-01   7.4920800e-01   8.7692000e-02  -3.6284300e-01   1.6513300e-01
  -6.1612000e-02   6.4906700e-01   1.1035700e-01   7.5015900e-01   8.5336000e-02  -3.5861400e-01   1.6665300e-01
  -5.9747000e-02   6.4975300e-01   1.0412100e-01   7.5060600e-01   8.4173000e-02  -3.5643100e-01   1.6743800e-01
  -5.7241000e-02   6.5092400e-01   9.2699000e-02   7.5128400e-01   8.1932000e-02  -3.5203600e-01   1.6901500e-01
  -5.6067000e-02   6.5148600e-01   8.6992000e-02   7.5156900e-01   8.0837000e-02  -3.4979900e-01   1.6981300e-01
  -5.4113000e-02   6.5251400e-01   7.6051000e-02   7.5200600e-01   7.8775000e-02  -3.4538400e-01   1.7138300e-01
  -5.3092000e-02   6.5344900e-01   6.6384000e-02   7.5218300e-01   7.6924000e-02  -3.4114300e-01   1.7290500e-01
  -5.2398000e-02   6.5395600e-01   6.1528000e-02   7.5220400e-01   7.6052000e-02  -3.3905100e-01   1.7366200e-01
  -4.9236000e-02   6.5509100e-01   5.0540000e-02   7.5224800e-01   7.4475000e-02  -3.3500700e-01   1.7515200e-01
  -4.5914000e-02   6.5626900e-01   3.9281000e-02   7.5210400e-01   7.3100000e-02  -3.3096600e-01   1.7672700e-01
  -4.4685000e-02   6.5685800e-01   3.3997000e-02   7.5192100e-01   7.2481000e-02  -3.2894000e-01   1.7754600e-01
  -4.1183000e-02   6.5806500e-01   2.2738000e-02   7.5149000e-01   7.1400000e-02  -3.2501400e-01   1.7918100e-01
  -3.7328000e-02   6.5921500e-01   1.1538000e-02   7.5093800e-01   7.0530000e-02  -3.2130400e-01   1.8078500e-01
  -3.1738000e-02   6.6030700e-01  -8.5500000e-04   7.5032400e-01   6.9857000e-02  -3.1779600e-01   1.8237100e-01
  -2.5086000e-02   6.6128300e-01  -1.4000000e-02   7.4958600e-01   6.9328000e-02  -3.1440000e-01   1.8395700e-01
  -2.5086000e-02   6.6128300e-01  -1.4000000e-02   7.4958600e-01   6.9328000e-02  -3.1440000e-01   1.8395700e-01
  -1.6701000e-02   6.6212000e-01  -2.8464000e-02   7.4867100e-01   6.8884000e-02  -3.1104300e-01   1.8555400e-01
  -1.2472000e-02   6.6304600e-01  -3.9649000e-02   7.4742400e-01   6.8600000e-02  -3.0759800e-01   1.8727800e-01
  -1.1332000e-02   6.6403000e-01  -4.8379000e-02   7.4605300e-01   6.8427000e-02  -3.0412100e-01   1.8904000e-01
  -1.1317000e-02   6.6490900e-01  -5.5968000e-02   7.4473800e-01   6.8319000e-02  -3.0078000e-01   1.9070600e-01
  -1.2144000e-02   6.6571700e-01  -6.2641000e-02   7.4347100e-01   6.8256000e-02  -2.9755700e-01   1.9228100e-01
  -1.1482000e-02   6.6620900e-01  -7.0497000e-02   7.4233700e-01   6.8218000e-02  -2.9446200e-01   1.9374700e-01
  -1.1482000e-02   6.6620900e-01  -7.0497000e-02   7.4233700e-01   6.8218000e-02  -2.9446200e-01   1.9374700e-01
  -9.6580000e-03   6.6636500e-01  -7.9243000e-02   7.4134000e-01   6.8195000e-02  -2.9149600e-01   1.9509600e-01
  -9.2800000e-03   6.6647900e-01  -8.6837000e-02   7.4039100e-01   6.8140000e-02  -2.8848000e-01   1.9638400e-01
  -9.4440000e-03   6.6642800e-01  -9.0451000e-02   7.4000200e-01   6.8135000e-02  -2.8700800e-01   1.9699400e-01
  -8.9260000e-03   6.6605400e-01  -9.8375000e-02   7.3933400e-01   6.8146000e-02  -2.8416400e-01   1.9813900e-01
  -1.0130000e-02   6.6576800e-01  -1.0457400e-01   7.3872500e-01   6.8093000e-02  -2.8135000e-01   1.9917700e-01
  -1.0877000e-02   6.6563800e-01  -1.0740500e-01   7.3842500e-01   6.8042000e-02  -2.7996300e-01   1.9965900e-01
  -1.1840000e-02   6.6553700e-01  -1.0993500e-01   7.3812900e-01   6.7978000e-02  -2.7859800e-01   2.0011400e-01
  -1.3516000e-02   6.6555700e-01  -1.1173200e-01   7.3781300e-01   6.7925000e-02  -2.7726800e-01   2.0055900e-01
  -1.7045000e-02   6.6587700e-01  -1.1195400e-01   7.3741700e-01   6.7870000e-02  -2.7587600e-01   2.0101900e-01
  -2.1042000e-02   6.6628700e-01  -1.1186200e-01   7.3695700e-01   6.7819000e-02  -2.7442800e-01   2.0149800e-01
  -2.3896000e-02   6.6654900e-01  -1.1289900e-01   7.3647500e-01   6.7795000e-02  -2.7294600e-01   2.0200100e-01
  -2.5582000e-02   6.6665900e-01  -1.1508900e-01   7.3597900e-01   6.7820000e-02  -2.7145300e-01   2.0253800e-01
  -2.7953000e-02   6.6690100e-01  -1.1673300e-01   7.3541500e-01   6.7910000e-02  -2.6997800e-01   2.0310800e-01
  -3.1060000e-02   6.6730100e-01  -1.1776300e-01   7.3476300e-01   6.8069000e-02  -2.6852300e-01   2.0371500e-01
  -3.1060000e-02   6.6730100e-01  -1.1776300e-01   7.3476300e-01   6.8069000e-02  -2.6852300e-01   2.0371500e-01
  -3.7010000e-02   6.6812600e-01  -1.2019700e-01   7.3334200e-01   6.8617000e-02  -2.6574700e-01   2.0502400e-01
  -3.9067000e-02   6.6843800e-01  -1.1984800e-01   7.3300800e-01   6.8652000e-02  -2.6512200e-01   2.0525300e-01
  -4.2131000e-02   6.6897100e-01  -1.2218800e-01   7.3196500e-01   6.9283000e-02  -2.6351100e-01   2.0622400e-01
  -4.3191000e-02   6.6914700e-01  -1.2121900e-01   7.3190300e-01   6.9283000e-02  -2.6351100e-01   2.0622400e-01
  -4.6229000e-02   6.6971400e-01  -1.2292600e-01   7.3091400e-01   6.9879000e-02  -2.6211700e-01   2.0709200e-01
  -4.8518000e-02   6.7017300e-01  -1.2496800e-01   7.2999800e-01   7.0465000e-02  -2.6084800e-01   2.0790700e-01
  -5.0407000e-02   6.7056700e-01  -1.2715900e-01   7.2912900e-01   7.1063000e-02  -2.5967600e-01   2.0869000e-01
  -5.1983000e-02   6.7090500e-01  -1.2943300e-01   7.2830700e-01   7.1661000e-02  -2.5858900e-01   2.0943900e-01
  -5.3356000e-02   6.7120500e-01  -1.3174700e-01   7.2751700e-01   7.2235000e-02  -2.5753300e-01   2.1015500e-01
  -5.4474000e-02   6.7143800e-01  -1.3415700e-01   7.2677800e-01   7.2767000e-02  -2.5650000e-01   2.1082700e-01
  -5.5682000e-02   6.7167900e-01  -1.3630800e-01   7.2606300e-01   7.3240000e-02  -2.5548000e-01   2.1144800e-01
  -5.7617000e-02   6.7204000e-01  -1.3763500e-01   7.2532700e-01   7.3657000e-02  -2.5447300e-01   2.1202000e-01
  -5.9639000e-02   6.7238800e-01  -1.3871900e-01   7.2463400e-01   7.4012000e-02  -2.5349200e-01   2.1253300e-01
  -6.0926000e-02   6.7256200e-01  -1.4031000e-01   7.2405900e-01   7.4307000e-02  -2.5254500e-01   2.1298800e-01
  -6.2369000e-02   6.7273300e-01  -1.4158700e-01   7.2352800e-01   7.4542000e-02  -2.5163100e-01   2.1338500e-01
  -6.3881000e-02   6.7295400e-01  -1.4260700e-01   7.2299100e-01   7.4713000e-02  -2.5071100e-01   2.1374100e-01
  -6.5428000e-02   6.7322700e-01  -1.4339600e-01   7.2244200e-01   7.4818000e-02  -2.4978200e-01   2.1405800e-01
  -6.6617000e-02   6.7345800e-01  -1.4434700e-01   7.2192800e-01   7.4861000e-02  -2.4884500e-01   2.1433600e-01
  -6.8039000e-02   6.7373800e-01  -1.4490000e-01   7.2142300e-01   7.4890000e-02  -2.4797600e-01   2.1458400e-01
  -6.8039000e-02   6.7373800e-01  -1.4490000e-01   7.2142300e-01   7.4890000e-02  -2.4797600e-01   2.1458400e-01
  -6.9168000e-02   6.7395900e-01  -1.4554600e-01   7.2098000e-01   7.4914000e-02  -2.4718600e-01   2.1480400e-01
  -7.0058000e-02   6.7413000e-01  -1.4625500e-01   7.2059000e-01   7.4931000e-02  -2.4646500e-01   2.1499900e-01
