   1.0361700e-01   1.7738800e-01   1.6723000e-02   9.7852800e-01  -1.6496600e-01  -2.3259200e-01   8.3390000e-03
   1.0394600e-01   1.7696500e-01   1.7633000e-02   9.7855400e-01  -1.6499300e-01  -2.3320400e-01   8.2380000e-03
   1.0403200e-01   1.7657700e-01   1.8530000e-02   9.7859800e-01  -1.6500300e-01  -2.3382400e-01   8.1440000e-03
   1.0443400e-01   1.7623700e-01   1.9337000e-02   9.7860100e-01  -1.6499600e-01  -2.3445100e-01   8.0490000e-03
   1.0484800e-01   1.7593800e-01   2.0111000e-02   9.7859500e-01  -1.6497400e-01  -2.3507300e-01   7.9380000e-03
   1.0522100e-01   1.7568600e-01   2.0854000e-02   9.7858500e-01  -1.6493100e-01  -2.3568700e-01   7.8010000e-03
   1.0555400e-01   1.7550000e-01   2.1526000e-02   9.7856800e-01  -1.6485300e-01  -2.3630400e-01   7.6210000e-03
   1.0539900e-01   1.7533000e-01   2.2235000e-02   9.7859900e-01  -1.6475500e-01  -2.3690900e-01   7.3930000e-03
   1.0440800e-01   1.7518300e-01   2.3099000e-02   9.7871100e-01  -1.6462900e-01  -2.3750500e-01   7.0840000e-03
   1.0186900e-01   1.7504700e-01   2.4281000e-02   9.7897500e-01  -1.6446600e-01  -2.3811300e-01   6.6640000e-03
   9.9169000e-02   1.7491700e-01   2.5533000e-02   9.7924300e-01  -1.6425600e-01  -2.3877700e-01   6.1110000e-03
   9.7346000e-02   1.7480000e-01   2.6740000e-02   9.7941500e-01  -1.6400000e-01  -2.3951100e-01   5.4040000e-03
   9.5996000e-02   1.7468700e-01   2.8048000e-02   9.7953200e-01  -1.6369400e-01  -2.4034000e-01   4.5200000e-03
   9.5792000e-02   1.7460500e-01   2.9373000e-02   9.7952800e-01  -1.6332400e-01  -2.4129700e-01   3.4440000e-03
   9.6021000e-02   1.7451600e-01   3.0867000e-02   9.7947500e-01  -1.6286200e-01  -2.4246500e-01   2.1480000e-03
   9.4319000e-02   1.7431600e-01   3.3054000e-02   9.7960500e-01  -1.6231200e-01  -2.4387900e-01   6.2800000e-04
   9.2768000e-02   1.7411800e-01   3.5575000e-02   9.7970000e-01  -1.6164700e-01  -2.4556200e-01  -1.1130000e-03
   9.3553000e-02   1.7404600e-01   3.8118000e-02   9.7954200e-01  -1.6084700e-01  -2.4756000e-01  -3.0670000e-03
   9.3848000e-02   1.7404500e-01   4.1265000e-02   9.7938700e-01  -1.5989500e-01  -2.4990900e-01  -5.2030000e-03
   1.0079400e-01   1.7448200e-01   4.3753000e-02   9.7851000e-01  -1.5877600e-01  -2.5261100e-01  -7.4880000e-03
   1.0596500e-01   1.7545000e-01   5.1859000e-02   9.7739400e-01  -1.5614600e-01  -2.5889700e-01  -1.2178000e-02
   1.1412800e-01   1.7724800e-01   6.0287000e-02   9.7566600e-01  -1.5318100e-01  -2.6557600e-01  -1.6640000e-02
   1.2326900e-01   1.7989400e-01   6.9122000e-02   9.7348100e-01  -1.4994000e-01  -2.7243400e-01  -2.0718000e-02
   1.3425000e-01   1.8361500e-01   7.8085000e-02   9.7065200e-01  -1.4642400e-01  -2.7938100e-01  -2.4364000e-02
   1.4383000e-01   1.8841100e-01   8.7672000e-02   9.6753700e-01  -1.4258800e-01  -2.8637900e-01  -2.7515000e-02
   1.5368900e-01   1.9447800e-01   9.7703000e-02   9.6385300e-01  -1.3839100e-01  -2.9348100e-01  -3.0198000e-02
   1.6183500e-01   2.0168600e-01   1.0848900e-01   9.5987600e-01  -1.3378100e-01  -3.0068500e-01  -3.2414000e-02
   1.6962000e-01   2.0624100e-01   1.1321900e-01   9.5701400e-01  -1.3132000e-01  -3.0430400e-01  -3.3335000e-02
   1.7667200e-01   2.1538500e-01   1.2468100e-01   9.5228700e-01  -1.2606800e-01  -3.1156100e-01  -3.4821000e-02
   1.8343100e-01   2.2581000e-01   1.3643900e-01   9.4696800e-01  -1.2034700e-01  -3.1884400e-01  -3.5845000e-02
   1.8666100e-01   2.3711200e-01   1.4937000e-01   9.4160700e-01  -1.1408700e-01  -3.2624400e-01  -3.6347000e-02
   1.9114700e-01   2.4993700e-01   1.6208000e-01   9.3526700e-01  -1.0729000e-01  -3.3360500e-01  -3.6372000e-02
   1.9406800e-01   2.5691500e-01   1.6817300e-01   9.3169200e-01  -1.0371400e-01  -3.3720100e-01  -3.6232000e-02
   1.9987000e-01   2.7179400e-01   1.8001000e-01   9.2400000e-01  -9.6156000e-02  -3.4420600e-01  -3.5695000e-02
   2.0647700e-01   2.8806400e-01   1.9101200e-01   9.1536900e-01  -8.8075000e-02  -3.5096900e-01  -3.4765000e-02
   2.0808000e-01   2.9651300e-01   1.9687800e-01   9.1105500e-01  -8.3740000e-02  -3.5430400e-01  -3.4120000e-02
   2.0965400e-01   3.1411100e-01   2.0866900e-01   9.0212900e-01  -7.4578000e-02  -3.6076900e-01  -3.2500000e-02
   2.0963300e-01   3.3218700e-01   2.2049500e-01   8.9279800e-01  -6.4939000e-02  -3.6693600e-01  -3.0558000e-02
   2.0815700e-01   3.5061000e-01   2.3217600e-01   8.8308400e-01  -5.4885000e-02  -3.7276700e-01  -2.8288000e-02
   2.0466000e-01   3.6873600e-01   2.4324700e-01   8.7348600e-01  -4.4465000e-02  -3.7833200e-01  -2.5825000e-02
   1.9899400e-01   3.8646900e-01   2.5417200e-01   8.6396700e-01  -3.3840000e-02  -3.8351800e-01  -2.3080000e-02
   1.9656100e-01   3.9550800e-01   2.5906000e-01   8.5896700e-01  -2.8464000e-02  -3.8599200e-01  -2.1597000e-02
   1.8897000e-01   4.1300900e-01   2.6944800e-01   8.4918300e-01  -1.7544000e-02  -3.9071500e-01  -1.8372000e-02
   1.8055100e-01   4.3109600e-01   2.7963300e-01   8.3866700e-01  -6.1930000e-03  -3.9515100e-01  -1.4689000e-02
   1.7089200e-01   4.4890300e-01   2.8956600e-01   8.2790900e-01   5.2610000e-03  -3.9922500e-01  -1.0693000e-02
   1.6588900e-01   4.5763400e-01   2.9422200e-01   8.2248700e-01   1.0941000e-02  -4.0111900e-01  -8.6010000e-03
   1.5671400e-01   4.7518400e-01   3.0223300e-01   8.1135500e-01   2.2193000e-02  -4.0464500e-01  -4.2250000e-03
   1.5047400e-01   4.8903400e-01   3.0826400e-01   8.0198300e-01   3.1446000e-02  -4.0934900e-01   2.9600000e-04
   1.4539000e-01   4.9932900e-01   3.1349500e-01   7.9451400e-01   3.9023000e-02  -4.1515100e-01   5.0920000e-03
   1.4227400e-01   5.0410900e-01   3.1613300e-01   7.9100700e-01   4.2735000e-02  -4.1806700e-01   7.6770000e-03
   1.3403100e-01   5.1266800e-01   3.2208700e-01   7.8451700e-01   5.0066000e-02  -4.2375300e-01   1.3115000e-02
   1.3045300e-01   5.1754400e-01   3.2422400e-01   7.8103100e-01   5.3878000e-02  -4.2659500e-01   1.6195000e-02
   1.2266300e-01   5.2829500e-01   3.2771900e-01   7.7360100e-01   6.1910000e-02  -4.3193900e-01   2.3086000e-02
   1.1417800e-01   5.3951200e-01   3.3039200e-01   7.6598400e-01   7.0098000e-02  -4.3665500e-01   3.0532000e-02
   1.0955900e-01   5.4509400e-01   3.3149000e-01   7.6222300e-01   7.4188000e-02  -4.3878200e-01   3.4433000e-02
   9.8641000e-02   5.5575000e-01   3.3396200e-01   7.5490400e-01   8.2312000e-02  -4.4249200e-01   4.2519000e-02
   8.8811000e-02   5.6733500e-01   3.3429000e-01   7.4732400e-01   9.0357000e-02  -4.4544800e-01   5.1079000e-02
   8.4438000e-02   5.7339800e-01   3.3362700e-01   7.4349000e-01   9.4304000e-02  -4.4663900e-01   5.5444000e-02
   8.0425000e-02   5.7960100e-01   3.3244600e-01   7.3964500e-01   9.8168000e-02  -4.4763100e-01   5.9844000e-02
   7.5994000e-02   5.8570300e-01   3.3121900e-01   7.3584700e-01   1.0200200e-01  -4.4843400e-01   6.4340000e-02
   7.1211000e-02   5.9206100e-01   3.2958300e-01   7.3196100e-01   1.0588600e-01  -4.4901200e-01   6.9143000e-02
   6.6250000e-02   5.9887900e-01   3.2725700e-01   7.2791400e-01   1.0984500e-01  -4.4932900e-01   7.4337000e-02
   6.0745000e-02   6.0596600e-01   3.2447800e-01   7.2376000e-01   1.1384100e-01  -4.4933800e-01   7.9920000e-02
   5.5356000e-02   6.1356700e-01   3.2071500e-01   7.1945300e-01   1.1786000e-01  -4.4901800e-01   8.5858000e-02
   5.0685000e-02   6.2189800e-01   3.1551300e-01   7.1493000e-01   1.2184100e-01  -4.4832600e-01   9.2128000e-02
   4.5314000e-02   6.3025200e-01   3.1007300e-01   7.1034000e-01   1.2577000e-01  -4.4724600e-01   9.8686000e-02
   3.9383000e-02   6.3862100e-01   3.0429200e-01   7.0570400e-01   1.2962600e-01  -4.4576700e-01   1.0548100e-01
   3.2530000e-02   6.4673700e-01   2.9838300e-01   7.0117100e-01   1.3344000e-01  -4.4390800e-01   1.1243500e-01
   2.5173000e-02   6.5474500e-01   2.9213100e-01   6.9666000e-01   1.3715700e-01  -4.4164700e-01   1.1952000e-01
   1.8761000e-02   6.6319400e-01   2.8423800e-01   6.9212000e-01   1.4074200e-01  -4.3897200e-01   1.2670000e-01
   1.2937000e-02   6.7187600e-01   2.7499500e-01   6.8760000e-01   1.4418800e-01  -4.3587900e-01   1.3394800e-01
   4.1390000e-03   6.7931400e-01   2.6792200e-01   6.8317900e-01   1.4747700e-01  -4.3237000e-01   1.4122300e-01
   6.5770000e-03   6.8026500e-01   2.6549600e-01   6.8316000e-01   1.4747700e-01  -4.3237000e-01   1.4122300e-01
  -4.3200000e-04   6.8825900e-01   2.5598200e-01   6.7880300e-01   1.5060600e-01  -4.2847300e-01   1.4846700e-01
  -7.5210000e-03   6.9605300e-01   2.4602500e-01   6.7448100e-01   1.5354300e-01  -4.2418900e-01   1.5565300e-01
  -1.4431000e-02   7.0366600e-01   2.3517900e-01   6.7032600e-01   1.5636100e-01  -4.1956800e-01   1.6273000e-01
  -2.1229000e-02   7.1103600e-01   2.2366100e-01   6.6629800e-01   1.5902600e-01  -4.1461900e-01   1.6967400e-01
  -2.8212000e-02   7.1802100e-01   2.1190300e-01   6.6238000e-01   1.6150800e-01  -4.0935600e-01   1.7645600e-01
  -3.5161000e-02   7.2466400e-01   1.9978600e-01   6.5856800e-01   1.6378500e-01  -4.0379900e-01   1.8305100e-01
  -4.2079000e-02   7.3095900e-01   1.8739200e-01   6.5483700e-01   1.6585300e-01  -3.9796300e-01   1.8944800e-01
  -4.8509000e-02   7.3700700e-01   1.7426100e-01   6.5123000e-01   1.6770400e-01  -3.9186900e-01   1.9563000e-01
  -5.6594000e-02   7.4221800e-01   1.6292100e-01   6.4758500e-01   1.6934300e-01  -3.8555800e-01   2.0157100e-01
  -6.4463000e-02   7.4709900e-01   1.5138600e-01   6.4402600e-01   1.7076500e-01  -3.7906400e-01   2.0724900e-01
  -7.1887000e-02   7.5168400e-01   1.3943900e-01   6.4059400e-01   1.7197000e-01  -3.7241800e-01   2.1265300e-01
  -7.7947000e-02   7.5611900e-01   1.2608100e-01   6.3742600e-01   1.7294400e-01  -3.6565400e-01   2.1776700e-01
  -8.3713000e-02   7.6016200e-01   1.1265600e-01   6.3439300e-01   1.7370100e-01  -3.5880800e-01   2.2258700e-01
  -8.9446000e-02   7.6377000e-01   9.9549000e-02   6.3146200e-01   1.7423700e-01  -3.5190300e-01   2.2711300e-01
  -9.4632000e-02   7.6704400e-01   8.6198000e-02   6.2869500e-01   1.7454100e-01  -3.4495000e-01   2.3135100e-01
  -1.0095000e-01   7.6978400e-01   7.4723000e-02   6.2582600e-01   1.7463000e-01  -3.3798000e-01   2.3530300e-01
  -9.8925000e-02   7.7002200e-01   7.2232000e-02   6.2614900e-01   1.7463000e-01  -3.3798000e-01   2.3530300e-01
  -1.0311300e-01   7.7260900e-01   5.8631000e-02   6.2370300e-01   1.7451100e-01  -3.3100200e-01   2.3898000e-01
  -1.0677300e-01   7.7484800e-01   4.4935000e-02   6.2144200e-01   1.7418900e-01  -3.2405200e-01   2.4237500e-01
  -1.1277600e-01   7.7834400e-01   1.7790000e-02   6.1737000e-01   1.7305600e-01  -3.1034900e-01   2.4835500e-01
  -1.2185700e-01   7.8048300e-01  -2.5580000e-03   6.1318100e-01   1.7145300e-01  -2.9729400e-01   2.5321200e-01
  -1.2939800e-01   7.8185500e-01  -2.0631000e-02   6.0953500e-01   1.6977300e-01  -2.8555800e-01   2.5697000e-01
  -1.3680400e-01   7.8276300e-01  -3.4838000e-02   6.0609700e-01   1.6810500e-01  -2.7516500e-01   2.5983700e-01
  -1.4021700e-01   7.8309200e-01  -4.0978000e-02   6.0450600e-01   1.6727100e-01  -2.7042400e-01   2.6100000e-01
  -1.4656300e-01   7.8358200e-01  -5.1634000e-02   6.0154200e-01   1.6560100e-01  -2.6170800e-01   2.6289700e-01
  -1.4992700e-01   7.8362400e-01  -6.3668000e-02   5.9950100e-01   1.6391200e-01  -2.5388400e-01   2.6432000e-01
  -1.5073600e-01   7.8319100e-01  -7.6966000e-02   5.9830300e-01   1.6220800e-01  -2.4682000e-01   2.6537000e-01
  -1.5090500e-01   7.8249500e-01  -8.9375000e-02   5.9744600e-01   1.6050300e-01  -2.4040500e-01   2.6612600e-01
  -1.5209300e-01   7.8184700e-01  -9.9000000e-02   5.9647500e-01   1.5881200e-01  -2.3454500e-01   2.6665000e-01
  -1.5296000e-01   7.8155300e-01  -1.0296000e-01   5.9596800e-01   1.5797100e-01  -2.3180500e-01   2.6683700e-01
  -1.5408700e-01   7.8084300e-01  -1.1078600e-01   5.9520400e-01   1.5630400e-01  -2.2668000e-01   2.6708500e-01
  -1.5408000e-01   7.7990300e-01  -1.1910400e-01   5.9483200e-01   1.5466200e-01  -2.2195500e-01   2.6719700e-01
  -1.5422300e-01   7.7900500e-01  -1.2634400e-01   5.9447800e-01   1.5307000e-01  -2.1758500e-01   2.6720400e-01
  -1.5428100e-01   7.7813800e-01  -1.3283700e-01   5.9418300e-01   1.5153900e-01  -2.1356400e-01   2.6713000e-01
  -1.5304700e-01   7.7701000e-01  -1.4027000e-01   5.9426900e-01   1.5005400e-01  -2.0985300e-01   2.6698500e-01
  -1.5026700e-01   7.7552600e-01  -1.4908400e-01   5.9477100e-01   1.4861900e-01  -2.0640300e-01   2.6678800e-01
  -1.4822200e-01   7.7426100e-01  -1.5634700e-01   5.9506800e-01   1.4724900e-01  -2.0318400e-01   2.6655800e-01
  -1.4683800e-01   7.7321200e-01  -1.6217500e-01   5.9521500e-01   1.4592800e-01  -2.0020300e-01   2.6629300e-01
  -1.4621500e-01   7.7220000e-01  -1.6420700e-01   5.9612400e-01   1.4499400e-01  -1.9882700e-01   2.6674500e-01
  -1.4339500e-01   7.6895100e-01  -1.6895800e-01   5.9967100e-01   1.4266400e-01  -1.9623100e-01   2.6856700e-01
  -1.4012600e-01   7.6531100e-01  -1.7337400e-01   6.0382500e-01   1.4016600e-01  -1.9375100e-01   2.7076500e-01
  -1.3848800e-01   7.6347000e-01  -1.7540400e-01   6.0594400e-01   1.3891300e-01  -1.9256400e-01   2.7187400e-01
  -1.3555600e-01   7.5985200e-01  -1.7883700e-01   6.1013700e-01   1.3641500e-01  -1.9027800e-01   2.7404700e-01
  -1.3353700e-01   7.5646900e-01  -1.8092600e-01   6.1415600e-01   1.3394000e-01  -1.8809700e-01   2.7616100e-01
  -1.3157400e-01   7.5318100e-01  -1.8274900e-01   6.1806900e-01   1.3154500e-01  -1.8604100e-01   2.7817900e-01
  -1.3042300e-01   7.5023700e-01  -1.8345900e-01   6.2167300e-01   1.2924900e-01  -1.8409500e-01   2.8008700e-01
  -1.2950400e-01   7.4745100e-01  -1.8391600e-01   6.2507600e-01   1.2705300e-01  -1.8222600e-01   2.8186000e-01
  -1.2903100e-01   7.4482800e-01  -1.8388200e-01   6.2830700e-01   1.2493400e-01  -1.8044500e-01   2.8351900e-01
  -1.2847800e-01   7.4223800e-01  -1.8393000e-01   6.3146300e-01   1.2288900e-01  -1.7874900e-01   2.8508200e-01
  -1.2738800e-01   7.3955400e-01  -1.8459200e-01   6.3463300e-01   1.2091100e-01  -1.7713000e-01   2.8655100e-01
  -1.2684100e-01   7.3822200e-01  -1.8494000e-01   6.3618900e-01   1.1995200e-01  -1.7634000e-01   2.8726700e-01
  -1.2570400e-01   7.3554800e-01  -1.8572800e-01   6.3927600e-01   1.1806900e-01  -1.7479100e-01   2.8864600e-01
  -1.2437700e-01   7.3282900e-01  -1.8672700e-01   6.4235900e-01   1.1622100e-01  -1.7328500e-01   2.8996900e-01
  -1.2365500e-01   7.3027200e-01  -1.8702100e-01   6.4531800e-01   1.1439500e-01  -1.7183100e-01   2.9124500e-01
  -1.2368200e-01   7.2792200e-01  -1.8644600e-01   6.4812800e-01   1.1258400e-01  -1.7043900e-01   2.9246200e-01
  -1.2298700e-01   7.2541400e-01  -1.8665400e-01   6.5100600e-01   1.1080900e-01  -1.6910000e-01   2.9361100e-01
  -1.2220400e-01   7.2407100e-01  -1.8720400e-01   6.5248900e-01   1.0993400e-01  -1.6844300e-01   2.9416300e-01
  -1.2045300e-01   7.2142300e-01  -1.8841200e-01   6.5539400e-01   1.0822200e-01  -1.6716700e-01   2.9522100e-01
  -1.1950300e-01   7.1912400e-01  -1.8863400e-01   6.5802500e-01   1.0657400e-01  -1.6596700e-01   2.9621100e-01
  -1.1866200e-01   7.1697100e-01  -1.8870700e-01   6.6050100e-01   1.0498200e-01  -1.6482300e-01   2.9711300e-01
  -1.1778100e-01   7.1492300e-01  -1.8878100e-01   6.6285300e-01   1.0345100e-01  -1.6374600e-01   2.9792700e-01
  -1.1645700e-01   7.1288300e-01  -1.8924600e-01   6.6514700e-01   1.0197600e-01  -1.6273000e-01   2.9867100e-01
  -1.1547600e-01   7.1182800e-01  -1.8977600e-01   6.6629700e-01   1.0125800e-01  -1.6223900e-01   2.9902100e-01
  -1.1376400e-01   7.0985300e-01  -1.9057100e-01   6.6846800e-01   9.9864000e-02  -1.6130200e-01   2.9966300e-01
  -1.1317400e-01   7.0825500e-01  -1.9024700e-01   6.7035200e-01   9.8539000e-02  -1.6042200e-01   3.0024000e-01
  -1.1325600e-01   7.0687100e-01  -1.8930500e-01   6.7206400e-01   9.7276000e-02  -1.5959600e-01   3.0077800e-01
  -1.1292500e-01   7.0536400e-01  -1.8888400e-01   6.7381900e-01   9.6061000e-02  -1.5881400e-01   3.0129300e-01
  -1.1251300e-01   7.0454200e-01  -1.8899100e-01   6.7471800e-01   9.5476000e-02  -1.5843400e-01   3.0153400e-01
  -1.1198300e-01   7.0294200e-01  -1.8901400e-01   6.7646600e-01   9.4329000e-02  -1.5768100e-01   3.0200400e-01
  -1.1268000e-01   7.0164100e-01  -1.8789000e-01   6.7801200e-01   9.3216000e-02  -1.5692300e-01   3.0247800e-01
  -1.1339600e-01   7.0035700e-01  -1.8684500e-01   6.7950800e-01   9.2154000e-02  -1.5617200e-01   3.0294400e-01
  -1.1370700e-01   6.9900500e-01  -1.8634300e-01   6.8098400e-01   9.1163000e-02  -1.5541600e-01   3.0339500e-01
  -1.1374700e-01   6.9832300e-01  -1.8624000e-01   6.8170500e-01   9.0694000e-02  -1.5504000e-01   3.0361600e-01
  -1.1376500e-01   6.9698600e-01  -1.8615500e-01   6.8309200e-01   8.9805000e-02  -1.5428400e-01   3.0405000e-01
  -1.1422000e-01   6.9582200e-01  -1.8565200e-01   6.8433800e-01   8.8964000e-02  -1.5349900e-01   3.0450100e-01
  -1.1426800e-01   6.9520700e-01  -1.8557700e-01   6.8497600e-01   8.8555000e-02  -1.5309400e-01   3.0473800e-01
  -1.1409100e-01   6.9389300e-01  -1.8572600e-01   6.8629600e-01   8.7748000e-02  -1.5227800e-01   3.0521700e-01
  -1.1359400e-01   6.9251900e-01  -1.8614600e-01   6.8765000e-01   8.6957000e-02  -1.5148800e-01   3.0569800e-01
  -1.1348100e-01   6.9128400e-01  -1.8613200e-01   6.8891500e-01   8.6191000e-02  -1.5072900e-01   3.0617700e-01
  -1.1366900e-01   6.9016900e-01  -1.8580300e-01   6.9009000e-01   8.5460000e-02  -1.5000100e-01   3.0665200e-01
  -1.1357100e-01   6.8898500e-01  -1.8572900e-01   6.9130800e-01   8.4747000e-02  -1.4930900e-01   3.0713000e-01
  -1.1280800e-01   6.8769800e-01  -1.8627200e-01   6.9256700e-01   8.4079000e-02  -1.4865400e-01   3.0759900e-01
  -1.1233100e-01   6.8655600e-01  -1.8655400e-01   6.9370000e-01   8.3465000e-02  -1.4803000e-01   3.0804800e-01
  -1.1255900e-01   6.8570400e-01  -1.8616400e-01   6.9461100e-01   8.2919000e-02  -1.4744400e-01   3.0846500e-01
  -1.1273500e-01   6.8534300e-01  -1.8591200e-01   6.9500500e-01   8.2673000e-02  -1.4716800e-01   3.0865900e-01
  -1.1265900e-01   6.8459600e-01  -1.8586200e-01   6.9576700e-01   8.2229000e-02  -1.4664100e-01   3.0900300e-01
  -1.1260600e-01   6.8399900e-01  -1.8582200e-01   6.9637300e-01   8.1856000e-02  -1.4615700e-01   3.0928400e-01
  -1.1249900e-01   6.8352800e-01  -1.8585900e-01   6.9684300e-01   8.1560000e-02  -1.4571900e-01   3.0951500e-01
  -1.1245400e-01   6.8319900e-01  -1.8588000e-01   6.9716700e-01   8.1351000e-02  -1.4532100e-01   3.0972000e-01
  -1.1267600e-01   6.8301800e-01  -1.8567100e-01   6.9736400e-01   8.1207000e-02  -1.4496500e-01   3.0991000e-01
  -1.1282100e-01   6.8285500e-01  -1.8560200e-01   6.9751800e-01   8.1122000e-02  -1.4464900e-01   3.1009500e-01
  -1.1289600e-01   6.8268500e-01  -1.8565900e-01   6.9765800e-01   8.1082000e-02  -1.4435900e-01   3.1028600e-01
  -1.1294100e-01   6.8251500e-01  -1.8576200e-01   6.9778900e-01   8.1078000e-02  -1.4409700e-01   3.1049800e-01
  -1.1286200e-01   6.8241000e-01  -1.8591000e-01   6.9786600e-01   8.1087000e-02  -1.4397400e-01   3.1061000e-01
  -1.1310600e-01   6.8233900e-01  -1.8575800e-01   6.9793600e-01   8.1111000e-02  -1.4372800e-01   3.1084400e-01
  -1.1333800e-01   6.8224100e-01  -1.8562800e-01   6.9802900e-01   8.1138000e-02  -1.4349500e-01   3.1108700e-01
  -1.1311600e-01   6.8205000e-01  -1.8593200e-01   6.9817000e-01   8.1171000e-02  -1.4327500e-01   3.1131300e-01
  -1.1271400e-01   6.8188500e-01  -1.8634300e-01   6.9828700e-01   8.1211000e-02  -1.4306600e-01   3.1151900e-01
  -1.1233000e-01   6.8178800e-01  -1.8668600e-01   6.9835200e-01   8.1257000e-02  -1.4287800e-01   3.1169700e-01
  -1.1208500e-01   6.8176900e-01  -1.8687700e-01   6.9835800e-01   8.1314000e-02  -1.4270400e-01   3.1185600e-01
  -1.1195900e-01   6.8177900e-01  -1.8695900e-01   6.9834700e-01   8.1339000e-02  -1.4261700e-01   3.1192500e-01
  -1.1165000e-01   6.8183000e-01  -1.8716500e-01   6.9829200e-01   8.1396000e-02  -1.4244500e-01   3.1203900e-01
