   1.0739800e-01   1.4010900e-01   5.4170000e-03   9.8427900e-01  -1.6617100e-01  -2.3284700e-01  -1.6094000e-02
   1.0224100e-01   1.3997100e-01   6.6430000e-03   9.8484100e-01  -1.6618400e-01  -2.3315800e-01  -1.6047000e-02
   9.7291000e-02   1.3991500e-01   7.7700000e-03   9.8534100e-01  -1.6616400e-01  -2.3352500e-01  -1.5957000e-02
   9.4073000e-02   1.3997800e-01   8.5770000e-03   9.8563800e-01  -1.6610700e-01  -2.3394900e-01  -1.5813000e-02
   9.1201000e-02   1.4012500e-01   9.2820000e-03   9.8588100e-01  -1.6602400e-01  -2.3442200e-01  -1.5616000e-02
   8.8742000e-02   1.4040200e-01   9.8910000e-03   9.8606000e-01  -1.6590300e-01  -2.3493900e-01  -1.5383000e-02
   8.6471000e-02   1.4083900e-01   1.0481000e-02   9.8619300e-01  -1.6573600e-01  -2.3550400e-01  -1.5134000e-02
   8.4345000e-02   1.4144200e-01   1.1093000e-02   9.8628400e-01  -1.6552200e-01  -2.3611500e-01  -1.4883000e-02
   8.2411000e-02   1.4222600e-01   1.1739000e-02   9.8632800e-01  -1.6525100e-01  -2.3678800e-01  -1.4643000e-02
   8.0128000e-02   1.4316400e-01   1.2516000e-02   9.8637100e-01  -1.6491600e-01  -2.3753000e-01  -1.4451000e-02
   7.9285000e-02   1.4429200e-01   1.3153000e-02   9.8626600e-01  -1.6449000e-01  -2.3838300e-01  -1.4343000e-02
   8.1152000e-02   1.4566100e-01   1.3515000e-02   9.8590800e-01  -1.6396000e-01  -2.3934300e-01  -1.4359000e-02
   8.4946000e-02   1.4723200e-01   1.3756000e-02   9.8535200e-01  -1.6332700e-01  -2.4042300e-01  -1.4518000e-02
   8.8490000e-02   1.4892200e-01   1.4251000e-02   9.8477800e-01  -1.6260100e-01  -2.4163800e-01  -1.4833000e-02
   9.1454000e-02   1.5073800e-01   1.5081000e-02   9.8421900e-01  -1.6175800e-01  -2.4301100e-01  -1.5343000e-02
   9.5404000e-02   1.5269500e-01   1.6059000e-02   9.8352600e-01  -1.6078500e-01  -2.4457400e-01  -1.6078000e-02
   9.5505000e-02   1.5468100e-01   1.7988000e-02   9.8317300e-01  -1.5966800e-01  -2.4635300e-01  -1.7065000e-02
   1.0099000e-01   1.5690800e-01   1.9537000e-02   9.8224200e-01  -1.5839500e-01  -2.4835700e-01  -1.8316000e-02
   1.0581000e-01   1.5700200e-01   1.8767000e-02   9.8173400e-01  -1.5839500e-01  -2.4835700e-01  -1.8316000e-02
   1.1168600e-01   1.5937400e-01   2.0690000e-02   9.8066200e-01  -1.5695000e-01  -2.5061300e-01  -1.9832000e-02
   1.1893500e-01   1.6195000e-01   2.2847000e-02   9.7933900e-01  -1.5531900e-01  -2.5312200e-01  -2.1591000e-02
   1.2750600e-01   1.6472100e-01   2.5301000e-02   9.7773700e-01  -1.5350500e-01  -2.5590200e-01  -2.3560000e-02
   1.3718400e-01   1.6774400e-01   2.8073000e-02   9.7583500e-01  -1.5147100e-01  -2.5898600e-01  -2.5727000e-02
   1.4648300e-01   1.7102100e-01   3.1444000e-02   9.7381000e-01  -1.4921100e-01  -2.6235900e-01  -2.8067000e-02
   1.5475500e-01   1.7457700e-01   3.5521000e-02   9.7175700e-01  -1.4670900e-01  -2.6600800e-01  -3.0536000e-02
   1.6099100e-01   1.7843000e-01   4.0497000e-02   9.6984800e-01  -1.4395100e-01  -2.6992300e-01  -3.3088000e-02
   1.6625300e-01   1.8266200e-01   4.6202000e-02   9.6791500e-01  -1.4091600e-01  -2.7409800e-01  -3.5685000e-02
   1.7265000e-01   1.8744600e-01   5.2287000e-02   9.6556800e-01  -1.3759900e-01  -2.7850400e-01  -3.8278000e-02
   1.8062100e-01   1.9282600e-01   5.8597000e-02   9.6268400e-01  -1.3399000e-01  -2.8312800e-01  -4.0846000e-02
   1.8951800e-01   1.9885900e-01   6.5201000e-02   9.5931600e-01  -1.3007400e-01  -2.8796200e-01  -4.3332000e-02
   1.9925800e-01   2.0564000e-01   7.2054000e-02   9.5541400e-01  -1.2583200e-01  -2.9299300e-01  -4.5683000e-02
   2.1329300e-01   2.2113900e-01   8.8095000e-02   9.4754600e-01  -1.1629200e-01  -3.0354500e-01  -4.9816000e-02
   2.2017100e-01   2.3761000e-01   1.0604600e-01   9.4011700e-01  -1.0599700e-01  -3.1400700e-01  -5.3038000e-02
   2.2715900e-01   2.5447400e-01   1.2305200e-01   9.3193400e-01  -9.5536000e-02  -3.2375800e-01  -5.5432000e-02
   2.3088200e-01   2.6306200e-01   1.3107100e-01   9.2753000e-01  -9.0296000e-02  -3.2834800e-01  -5.6327000e-02
   2.3683200e-01   2.8035300e-01   1.4661100e-01   9.1859600e-01  -7.9803000e-02  -3.3698800e-01  -5.7534000e-02
   2.4006700e-01   2.9786400e-01   1.6189300e-01   9.0963500e-01  -6.9209000e-02  -3.4503700e-01  -5.7962000e-02
   2.4115400e-01   3.1572000e-01   1.7619800e-01   9.0062200e-01  -5.8108000e-02  -3.5270100e-01  -5.7818000e-02
   2.4095000e-01   3.2472800e-01   1.8306300e-01   8.9609300e-01  -5.2456000e-02  -3.5635700e-01  -5.7506000e-02
   2.4001100e-01   3.4350100e-01   1.9619100e-01   8.8651600e-01  -4.0883000e-02  -3.6336500e-01  -5.6283000e-02
   2.3601200e-01   3.6282800e-01   2.0965900e-01   8.7675400e-01  -2.8920000e-02  -3.6998900e-01  -5.4281000e-02
   2.3482300e-01   3.7304500e-01   2.1566000e-01   8.7131300e-01  -2.2821000e-02  -3.7312500e-01  -5.3034000e-02
   2.3127000e-01   3.9383300e-01   2.2717000e-01   8.6011800e-01  -1.0522000e-02  -3.7897400e-01  -5.0030000e-02
   2.2906200e-01   4.0451500e-01   2.3257900e-01   8.5428600e-01  -4.2650000e-03  -3.8168000e-01  -4.8287000e-02
   2.2906200e-01   4.0451500e-01   2.3257900e-01   8.5428600e-01  -4.2650000e-03  -3.8168000e-01  -4.8287000e-02
   2.2906200e-01   4.0451500e-01   2.3257900e-01   8.5428600e-01  -4.2650000e-03  -3.8168000e-01  -4.8287000e-02
   2.1279400e-01   4.5302000e-01   2.6482300e-01   8.2423300e-01   2.6473000e-02  -4.0114600e-01  -3.6582000e-02
   2.0881800e-01   4.6363100e-01   2.7456300e-01   8.1612300e-01   3.3983000e-02  -4.0916100e-01  -3.2176000e-02
   2.0241300e-01   4.7386800e-01   2.8444200e-01   8.0843800e-01   4.1587000e-02  -4.1696700e-01  -2.7118000e-02
   2.0209600e-01   4.8058800e-01   2.8699900e-01   8.0363100e-01   4.5564000e-02  -4.2073200e-01  -2.4222000e-02
   1.9535100e-01   4.9207300e-01   2.9490200e-01   7.9544600e-01   5.3582000e-02  -4.2801600e-01  -1.8048000e-02
   1.9123100e-01   4.9825300e-01   2.9869300e-01   7.9117400e-01   5.7831000e-02  -4.3150100e-01  -1.4562000e-02
   1.8201700e-01   5.1069200e-01   3.0608200e-01   7.8254500e-01   6.6518000e-02  -4.3820300e-01  -7.1060000e-03
   1.7695900e-01   5.1709600e-01   3.0951800e-01   7.7813700e-01   7.0987000e-02  -4.4135900e-01  -3.0910000e-03
   1.6668300e-01   5.3084800e-01   3.1499700e-01   7.6889200e-01   8.0273000e-02  -4.4727500e-01   5.7120000e-03
   1.5792300e-01   5.4639200e-01   3.1753300e-01   7.5874200e-01   8.9937000e-02  -4.5254000e-01   1.5414000e-02
   1.4903800e-01   5.6258200e-01   3.1807500e-01   7.4841000e-01   9.9764000e-02  -4.5696600e-01   2.5771000e-02
   1.4433700e-01   5.7074700e-01   3.1779600e-01   7.4325000e-01   1.0468500e-01  -4.5882800e-01   3.1152000e-02
   1.3451900e-01   5.8744500e-01   3.1595000e-01   7.3279500e-01   1.1458200e-01  -4.6182800e-01   4.2424000e-02
   1.2363700e-01   6.0469000e-01   3.1242600e-01   7.2211800e-01   1.2451700e-01  -4.6373200e-01   5.4596000e-02
   1.1228100e-01   6.2214300e-01   3.0693000e-01   7.1142500e-01   1.3426900e-01  -4.6443600e-01   6.7330000e-02
   9.8797000e-02   6.3853500e-01   3.0144500e-01   7.0117300e-01   1.4364000e-01  -4.6394400e-01   8.0261000e-02
   9.3621000e-02   6.4728900e-01   2.9658300e-01   6.9591000e-01   1.4817500e-01  -4.6326000e-01   8.6759000e-02
   8.0506000e-02   6.6327900e-01   2.8796300e-01   6.8604500e-01   1.5688500e-01  -4.6101500e-01   9.9765000e-02
   6.6818000e-02   6.7858500e-01   2.7800400e-01   6.7658800e-01   1.6515600e-01  -4.5763400e-01   1.1275300e-01
   5.3093000e-02   6.9331900e-01   2.6635300e-01   6.6749200e-01   1.7290800e-01  -4.5313800e-01   1.2562800e-01
   3.8563000e-02   7.0707400e-01   2.5394900e-01   6.5883900e-01   1.8008800e-01  -4.4756700e-01   1.3830000e-01
   2.3244000e-02   7.1978600e-01   2.4098900e-01   6.5060900e-01   1.8674000e-01  -4.4101500e-01   1.5065700e-01
   7.9750000e-03   7.3165700e-01   2.2683100e-01   6.4277700e-01   1.9274400e-01  -4.3353300e-01   1.6260800e-01
  -6.6460000e-03   7.4282500e-01   2.1120200e-01   6.3526400e-01   1.9811100e-01  -4.2525200e-01   1.7404800e-01
  -2.0817000e-02   7.5315800e-01   1.9453300e-01   6.2807400e-01   2.0288400e-01  -4.1629200e-01   1.8491000e-01
  -2.6495000e-02   7.5834100e-01   1.8438300e-01   6.2467600e-01   2.0505000e-01  -4.1160200e-01   1.9009800e-01
  -3.9119000e-02   7.6743100e-01   1.6563800e-01   6.1812900e-01   2.0884200e-01  -4.0185200e-01   1.9996800e-01
  -5.1297000e-02   7.7543500e-01   1.4656900e-01   6.1203400e-01   2.1182600e-01  -3.9166400e-01   2.0916900e-01
  -6.3378000e-02   7.8230600e-01   1.2793500e-01   6.0631100e-01   2.1408900e-01  -3.8118200e-01   2.1767500e-01
  -7.5550000e-02   7.8804500e-01   1.1012500e-01   6.0095800e-01   2.1566700e-01  -3.7050400e-01   2.2549000e-01
  -8.6835000e-02   7.9291000e-01   9.2267000e-02   5.9602000e-01   2.1647700e-01  -3.5969600e-01   2.3263800e-01
  -9.2839000e-02   7.9492600e-01   8.4293000e-02   5.9360600e-01   2.1659000e-01  -3.5425900e-01   2.3597100e-01
  -1.0277000e-01   7.9858000e-01   6.6512000e-02   5.8930800e-01   2.1628000e-01  -3.4334600e-01   2.4217600e-01
  -1.1184600e-01   8.0147700e-01   4.9032000e-02   5.8542300e-01   2.1531300e-01  -3.3246300e-01   2.4776700e-01
  -1.2095900e-01   8.0365000e-01   3.3114000e-02   5.8173800e-01   2.1376800e-01  -3.2164900e-01   2.5277300e-01
  -1.2967200e-01   8.0523500e-01   1.8275000e-02   5.7831500e-01   2.1176300e-01  -3.1100800e-01   2.5719200e-01
  -1.3626000e-01   8.0632400e-01   2.1340000e-03   5.7556000e-01   2.0941900e-01  -3.0063300e-01   2.6103400e-01
  -1.3881500e-01   8.0664600e-01  -6.4020000e-03   5.7446700e-01   2.0813600e-01  -2.9555900e-01   2.6274400e-01
  -1.3890500e-01   8.0667900e-01  -2.9692000e-02   5.7366600e-01   2.0541100e-01  -2.8555600e-01   2.6580500e-01
  -1.3623700e-01   8.0561200e-01  -5.6153000e-02   5.7382600e-01   2.0255100e-01  -2.7570900e-01   2.6841600e-01
  -1.3855500e-01   8.0407100e-01  -7.4837000e-02   5.7330000e-01   1.9962900e-01  -2.6623900e-01   2.7052500e-01
  -1.3956600e-01   8.0305900e-01  -8.3935000e-02   5.7321200e-01   1.9822000e-01  -2.6173900e-01   2.7139500e-01
  -1.4579500e-01   8.0132600e-01  -9.5337000e-02   5.7230400e-01   1.9551000e-01  -2.5326400e-01   2.7279100e-01
  -1.5313100e-01   7.9946400e-01  -1.0406300e-01   5.7147100e-01   1.9295000e-01  -2.4550700e-01   2.7377500e-01
  -1.6108500e-01   7.9746300e-01  -1.1089000e-01   5.7079600e-01   1.9053500e-01  -2.3846000e-01   2.7441000e-01
  -1.6797700e-01   7.9508400e-01  -1.1819300e-01   5.7066200e-01   1.8825700e-01  -2.3207700e-01   2.7476100e-01
  -1.7305300e-01   7.9222700e-01  -1.2700600e-01   5.7122600e-01   1.8608000e-01  -2.2627000e-01   2.7489000e-01
  -1.7783400e-01   7.8915900e-01  -1.3542100e-01   5.7207100e-01   1.8394100e-01  -2.2092300e-01   2.7483300e-01
  -1.8155500e-01   7.8792200e-01  -1.3743600e-01   5.7212700e-01   1.8285500e-01  -2.1840600e-01   2.7474000e-01
  -1.8917800e-01   7.8554700e-01  -1.4047600e-01   5.7218300e-01   1.8063000e-01  -2.1364600e-01   2.7444500e-01
  -1.9754300e-01   7.8346900e-01  -1.4156000e-01   5.7193800e-01   1.7831700e-01  -2.0919000e-01   2.7402200e-01
  -2.0392700e-01   7.8109100e-01  -1.4440900e-01   5.7223800e-01   1.7594700e-01  -2.0500100e-01   2.7349900e-01
  -2.0905400e-01   7.7868400e-01  -1.4800500e-01   5.7275000e-01   1.7351700e-01  -2.0098600e-01   2.7290200e-01
  -2.1459100e-01   7.7655400e-01  -1.5010300e-01   5.7304800e-01   1.7101500e-01  -1.9723700e-01   2.7221300e-01
  -2.1849500e-01   7.7435100e-01  -1.5342100e-01   5.7367500e-01   1.6845900e-01  -1.9362300e-01   2.7147000e-01
  -2.2312700e-01   7.7407300e-01  -1.5111200e-01   5.7288000e-01   1.6716600e-01  -1.9188300e-01   2.7107700e-01
  -2.2602600e-01   7.7201700e-01  -1.5441500e-01   5.7363500e-01   1.6456500e-01  -1.8856200e-01   2.7025000e-01
  -2.2926400e-01   7.7016400e-01  -1.5665100e-01   5.7423500e-01   1.6189400e-01  -1.8538700e-01   2.6934700e-01
  -2.3081300e-01   7.6874400e-01  -1.5679700e-01   5.7547600e-01   1.6026200e-01  -1.8386500e-01   2.6964000e-01
  -2.3212900e-01   7.6690100e-01  -1.5649000e-01   5.7748600e-01   1.5840700e-01  -1.8239400e-01   2.7046600e-01
  -2.3248700e-01   7.6472900e-01  -1.5692200e-01   5.8009900e-01   1.5645500e-01  -1.8093700e-01   2.7154500e-01
  -2.3175400e-01   7.6219200e-01  -1.5840900e-01   5.8331800e-01   1.5436900e-01  -1.7945100e-01   2.7276200e-01
  -2.3025700e-01   7.5940500e-01  -1.6058600e-01   5.8693900e-01   1.5216500e-01  -1.7792600e-01   2.7405200e-01
  -2.2898600e-01   7.5664400e-01  -1.6215300e-01   5.9056000e-01   1.4985100e-01  -1.7638100e-01   2.7538900e-01
  -2.2796800e-01   7.5395800e-01  -1.6310800e-01   5.9411600e-01   1.4746400e-01  -1.7483800e-01   2.7674100e-01
  -2.2677000e-01   7.5121800e-01  -1.6406800e-01   5.9776900e-01   1.4503200e-01  -1.7330900e-01   2.7810000e-01
  -2.2522600e-01   7.4838000e-01  -1.6528300e-01   6.0156700e-01   1.4258500e-01  -1.7180500e-01   2.7945700e-01
  -2.2377000e-01   7.4558500e-01  -1.6623000e-01   6.0530800e-01   1.4015600e-01  -1.7034400e-01   2.8080000e-01
  -2.2388100e-01   7.4561500e-01  -1.6609400e-01   6.0526700e-01   1.4015600e-01  -1.7034400e-01   2.8080000e-01
  -2.2304300e-01   7.4302600e-01  -1.6616200e-01   6.0873200e-01   1.3776900e-01  -1.6893500e-01   2.8212000e-01
  -2.2282200e-01   7.4064000e-01  -1.6539300e-01   6.1192100e-01   1.3543500e-01  -1.6758400e-01   2.8341200e-01
  -2.2249100e-01   7.3828500e-01  -1.6469800e-01   6.1506700e-01   1.3317400e-01  -1.6630000e-01   2.8465700e-01
  -2.2190300e-01   7.3590500e-01  -1.6430000e-01   6.1823000e-01   1.3099700e-01  -1.6508200e-01   2.8586700e-01
  -2.2124900e-01   7.3358000e-01  -1.6397800e-01   6.2130600e-01   1.2891300e-01  -1.6393400e-01   2.8701300e-01
  -2.2080000e-01   7.3136200e-01  -1.6343500e-01   6.2421600e-01   1.2692100e-01  -1.6285000e-01   2.8811400e-01
  -2.2017400e-01   7.2918100e-01  -1.6313400e-01   6.2706200e-01   1.2503300e-01  -1.6182000e-01   2.8915900e-01
  -2.1956400e-01   7.2709400e-01  -1.6284900e-01   6.2976700e-01   1.2325100e-01  -1.6084300e-01   2.9015500e-01
  -2.1860400e-01   7.2500700e-01  -1.6300000e-01   6.3246200e-01   1.2157500e-01  -1.5993600e-01   2.9108600e-01
  -2.1799100e-01   7.2309900e-01  -1.6277300e-01   6.3491200e-01   1.2000000e-01  -1.5910400e-01   2.9195800e-01
  -2.1730700e-01   7.2129300e-01  -1.6262200e-01   6.3723500e-01   1.1852400e-01  -1.5832100e-01   2.9278200e-01
  -2.1643400e-01   7.1955600e-01  -1.6268100e-01   6.3947700e-01   1.1714200e-01  -1.5759100e-01   2.9355200e-01
  -2.1557200e-01   7.1793200e-01  -1.6273800e-01   6.4157500e-01   1.1584900e-01  -1.5690500e-01   2.9427200e-01
  -2.1532300e-01   7.1657000e-01  -1.6212600e-01   6.4333400e-01   1.1464100e-01  -1.5626700e-01   2.9493900e-01
  -2.1523000e-01   7.1532800e-01  -1.6138400e-01   6.4493200e-01   1.1351400e-01  -1.5567600e-01   2.9556100e-01
  -2.1442300e-01   7.1399100e-01  -1.6146600e-01   6.4665900e-01   1.1246300e-01  -1.5513100e-01   2.9613500e-01
  -2.1490300e-01   7.1411100e-01  -1.6093600e-01   6.4650000e-01   1.1246300e-01  -1.5513100e-01   2.9613500e-01
  -2.1425700e-01   7.1288100e-01  -1.6089200e-01   6.4808000e-01   1.1148400e-01  -1.5463400e-01   2.9666100e-01
  -2.1391100e-01   7.1179700e-01  -1.6057900e-01   6.4946300e-01   1.1058200e-01  -1.5418900e-01   2.9713800e-01
  -2.1419900e-01   7.1094300e-01  -1.5961600e-01   6.5053900e-01   1.0975700e-01  -1.5379400e-01   2.9757400e-01
  -2.1429600e-01   7.1010300e-01  -1.5892400e-01   6.5159300e-01   1.0900600e-01  -1.5344200e-01   2.9797700e-01
  -2.1405200e-01   7.0923900e-01  -1.5863200e-01   6.5268500e-01   1.0832300e-01  -1.5313500e-01   2.9835900e-01
  -2.1399500e-01   7.0847600e-01  -1.5815200e-01   6.5364800e-01   1.0770100e-01  -1.5288100e-01   2.9871500e-01
  -2.1381000e-01   7.0774200e-01  -1.5781500e-01   6.5458500e-01   1.0713900e-01  -1.5267900e-01   2.9905000e-01
  -2.1329600e-01   7.0639900e-01  -1.5720000e-01   6.5634900e-01   1.0616800e-01  -1.5241600e-01   2.9971100e-01
  -2.1302800e-01   7.0580600e-01  -1.5682300e-01   6.5716300e-01   1.0574800e-01  -1.5235800e-01   3.0003900e-01
  -2.1227700e-01   7.0472500e-01  -1.5625600e-01   6.5869900e-01   1.0503200e-01  -1.5234100e-01   3.0066200e-01
  -2.1153100e-01   7.0381000e-01  -1.5571000e-01   6.6004600e-01   1.0444600e-01  -1.5239900e-01   3.0123200e-01
  -2.1082000e-01   7.0301100e-01  -1.5519500e-01   6.6124500e-01   1.0396300e-01  -1.5249700e-01   3.0177000e-01
  -2.1000400e-01   7.0229200e-01  -1.5484700e-01   6.6234900e-01   1.0356700e-01  -1.5264200e-01   3.0225900e-01
  -2.0936000e-01   7.0171800e-01  -1.5436000e-01   6.6327500e-01   1.0323600e-01  -1.5282500e-01   3.0268700e-01
  -2.0871800e-01   7.0138900e-01  -1.5447700e-01   6.6379800e-01   1.0308900e-01  -1.5292800e-01   3.0287700e-01
  -2.0831200e-01   7.0112400e-01  -1.5436300e-01   6.6423100e-01   1.0295000e-01  -1.5303000e-01   3.0305800e-01
  -2.0727100e-01   7.0057200e-01  -1.5442700e-01   6.6512400e-01   1.0268800e-01  -1.5323000e-01   3.0339000e-01
  -2.0675600e-01   7.0014200e-01  -1.5401200e-01   6.6583300e-01   1.0242900e-01  -1.5343000e-01   3.0368500e-01
  -2.0606800e-01   6.9967800e-01  -1.5386300e-01   6.6656800e-01   1.0216900e-01  -1.5362400e-01   3.0393100e-01
  -2.0543500e-01   6.9923900e-01  -1.5373500e-01   6.6725300e-01   1.0190900e-01  -1.5380500e-01   3.0413300e-01
  -2.0470300e-01   6.9882200e-01  -1.5370200e-01   6.6792200e-01   1.0162200e-01  -1.5396200e-01   3.0428700e-01
  -2.0418300e-01   6.9858800e-01  -1.5385800e-01   6.6829000e-01   1.0147300e-01  -1.5402900e-01   3.0435100e-01
  -2.0341700e-01   6.9817600e-01  -1.5395300e-01   6.6893200e-01   1.0118300e-01  -1.5414000e-01   3.0447500e-01
  -2.0264000e-01   6.9774400e-01  -1.5415300e-01   6.6957200e-01   1.0089600e-01  -1.5422500e-01   3.0458400e-01
  -2.0239700e-01   6.9756800e-01  -1.5411800e-01   6.6983800e-01   1.0075200e-01  -1.5425400e-01   3.0463500e-01
  -2.0222100e-01   6.9729300e-01  -1.5373800e-01   6.7026400e-01   1.0046500e-01  -1.5429800e-01   3.0473300e-01
  -2.0197000e-01   6.9699300e-01  -1.5346500e-01   6.7071500e-01   1.0018600e-01  -1.5432400e-01   3.0484700e-01
  -2.0154300e-01   6.9664300e-01  -1.5345200e-01   6.7120900e-01   9.9921000e-02  -1.5432200e-01   3.0496400e-01
  -2.0135100e-01   6.9636100e-01  -1.5325300e-01   6.7160500e-01   9.9671000e-02  -1.5431700e-01   3.0505800e-01
  -2.0119200e-01   6.9608000e-01  -1.5312200e-01   6.7197300e-01   9.9444000e-02  -1.5429400e-01   3.0514600e-01
  -2.0091400e-01   6.9575900e-01  -1.5322800e-01   6.7236500e-01   9.9244000e-02  -1.5425300e-01   3.0522900e-01
  -2.0086700e-01   6.9551100e-01  -1.5315100e-01   6.7265200e-01   9.9071000e-02  -1.5420600e-01   3.0530300e-01
  -2.0099800e-01   6.9543900e-01  -1.5295400e-01   6.7273300e-01   9.8995000e-02  -1.5418800e-01   3.0533600e-01
  -2.0105600e-01   6.9525600e-01  -1.5279900e-01   6.7294000e-01   9.8868000e-02  -1.5414900e-01   3.0541300e-01
  -2.0069600e-01   6.9503700e-01  -1.5308800e-01   6.7320800e-01   9.8782000e-02  -1.5409600e-01   3.0549900e-01
  -2.0043500e-01   6.9488000e-01  -1.5330300e-01   6.7339900e-01   9.8720000e-02  -1.5403200e-01   3.0557500e-01
  -2.0035800e-01   6.9480700e-01  -1.5331700e-01   6.7349300e-01   9.8676000e-02  -1.5395400e-01   3.0565600e-01
  -2.0030500e-01   6.9475500e-01  -1.5332900e-01   6.7356000e-01   9.8651000e-02  -1.5387400e-01   3.0573900e-01
  -2.0028000e-01   6.9474200e-01  -1.5332900e-01   6.7358100e-01   9.8644000e-02  -1.5383300e-01   3.0578000e-01
  -2.0030200e-01   6.9475800e-01  -1.5323900e-01   6.7357800e-01   9.8648000e-02  -1.5376100e-01   3.0586500e-01
  -2.0030200e-01   6.9475800e-01  -1.5323900e-01   6.7357800e-01   9.8648000e-02  -1.5376100e-01   3.0586500e-01
  -2.0030200e-01   6.9475800e-01  -1.5323900e-01   6.7357800e-01   9.8648000e-02  -1.5376100e-01   3.0586500e-01
