   1.7469400e-01   1.7145600e-01   1.2555000e-02   9.6949800e-01  -1.6218400e-01  -2.3793500e-01  -7.4090000e-03
   1.7460200e-01   1.7088900e-01   1.3185000e-02   9.6960700e-01  -1.6228700e-01  -2.3828400e-01  -7.4840000e-03
   1.7456500e-01   1.7039700e-01   1.3758000e-02   9.6969200e-01  -1.6236800e-01  -2.3862400e-01  -7.5600000e-03
   1.7352400e-01   1.6957400e-01   1.5029000e-02   9.7000400e-01  -1.6247300e-01  -2.3932300e-01  -7.7100000e-03
   1.7273400e-01   1.6892000e-01   1.6082000e-02   9.7024200e-01  -1.6252000e-01  -2.3998000e-01  -7.8800000e-03
   1.7258100e-01   1.6841900e-01   1.6849000e-02   9.7034400e-01  -1.6253600e-01  -2.4053500e-01  -8.0480000e-03
   1.7286300e-01   1.6822200e-01   1.7087000e-02   9.7032300e-01  -1.6253500e-01  -2.4076300e-01  -8.1320000e-03
   1.7286800e-01   1.6790000e-01   1.7574000e-02   9.7037000e-01  -1.6251800e-01  -2.4114300e-01  -8.3190000e-03
   1.7235600e-01   1.6776300e-01   1.7879000e-02   9.7047900e-01  -1.6250300e-01  -2.4130800e-01  -8.4170000e-03
   1.7212300e-01   1.6756200e-01   1.8346000e-02   9.7054600e-01  -1.6245600e-01  -2.4160400e-01  -8.6510000e-03
   1.7212300e-01   1.6756200e-01   1.8346000e-02   9.7054600e-01  -1.6245600e-01  -2.4160400e-01  -8.6510000e-03
   1.7161800e-01   1.6752300e-01   1.8622000e-02   9.7063700e-01  -1.6241500e-01  -2.4172900e-01  -8.7800000e-03
   1.6533400e-01   1.6741500e-01   1.9866000e-02   9.7172100e-01  -1.6236100e-01  -2.4183600e-01  -8.9200000e-03
   1.5749800e-01   1.6735300e-01   2.1409000e-02   9.7300000e-01  -1.6225400e-01  -2.4196400e-01  -9.1580000e-03
   1.4896200e-01   1.6733900e-01   2.3105000e-02   9.7430700e-01  -1.6208900e-01  -2.4212600e-01  -9.5090000e-03
   1.4113600e-01   1.6739400e-01   2.4718000e-02   9.7542200e-01  -1.6185500e-01  -2.4235200e-01  -9.9880000e-03
   1.3388900e-01   1.6756000e-01   2.6238000e-02   9.7637500e-01  -1.6152600e-01  -2.4266800e-01  -1.0606000e-02
   1.2715400e-01   1.6783300e-01   2.7727000e-02   9.7718700e-01  -1.6108900e-01  -2.4310300e-01  -1.1391000e-02
   1.2207700e-01   1.6824000e-01   2.9003000e-02   9.7772800e-01  -1.6051500e-01  -2.4371300e-01  -1.2384000e-02
   1.1943800e-01   1.6878100e-01   2.9996000e-02   9.7793000e-01  -1.5980400e-01  -2.4451100e-01  -1.3604000e-02
   1.1842200e-01   1.6947500e-01   3.0862000e-02   9.7790700e-01  -1.5894000e-01  -2.4550300e-01  -1.5044000e-02
   1.1952300e-01   1.7028200e-01   3.1622000e-02   9.7760900e-01  -1.5794600e-01  -2.4669800e-01  -1.6691000e-02
   1.2277700e-01   1.7126300e-01   3.2297000e-02   9.7701200e-01  -1.5678800e-01  -2.4811700e-01  -1.8563000e-02
   1.2672600e-01   1.7239800e-01   3.3181000e-02   9.7627800e-01  -1.5545300e-01  -2.4976700e-01  -2.0658000e-02
   1.3094500e-01   1.7369500e-01   3.4374000e-02   9.7545000e-01  -1.5392800e-01  -2.5164000e-01  -2.2971000e-02
   1.3539300e-01   1.7519700e-01   3.5897000e-02   9.7451800e-01  -1.5221100e-01  -2.5371400e-01  -2.5465000e-02
   1.4036400e-01   1.7694900e-01   3.7735000e-02   9.7342900e-01  -1.5028800e-01  -2.5597600e-01  -2.8133000e-02
   1.3993600e-01   1.7873500e-01   4.1008000e-02   9.7303100e-01  -1.4816200e-01  -2.5841200e-01  -3.0937000e-02
   1.4517000e-01   1.7895300e-01   4.0046000e-02   9.7226400e-01  -1.4816200e-01  -2.5841200e-01  -3.0937000e-02
   1.5032600e-01   1.8129000e-01   4.2811000e-02   9.7092900e-01  -1.4582900e-01  -2.6100800e-01  -3.3843000e-02
   1.5474600e-01   1.8393000e-01   4.6245000e-02   9.6958000e-01  -1.4329600e-01  -2.6373000e-01  -3.6817000e-02
   1.5963400e-01   1.8699600e-01   5.0152000e-02   9.6800500e-01  -1.4055900e-01  -2.6655900e-01  -3.9814000e-02
   1.6383800e-01   1.9047500e-01   5.4832000e-02   9.6636900e-01  -1.3762100e-01  -2.6949400e-01  -4.2791000e-02
   1.6861100e-01   1.9448700e-01   6.0162000e-02   9.6443000e-01  -1.3449700e-01  -2.7254500e-01  -4.5680000e-02
   1.7783500e-01   1.9929900e-01   6.5323000e-02   9.6145100e-01  -1.3118100e-01  -2.7573600e-01  -4.8461000e-02
   1.9219600e-01   2.0514400e-01   7.0083000e-02   9.5711300e-01  -1.2765400e-01  -2.7907300e-01  -5.1074000e-02
   2.0639300e-01   2.1184300e-01   7.5384000e-02   9.5228200e-01  -1.2382500e-01  -2.8258500e-01  -5.3512000e-02
   2.1945200e-01   2.1932600e-01   8.1431000e-02   9.4715700e-01  -1.1971000e-01  -2.8629500e-01  -5.5712000e-02
   2.3106900e-01   2.2755900e-01   8.8270000e-02   9.4182400e-01  -1.1530300e-01  -2.9023300e-01  -5.7634000e-02
   2.4187000e-01   2.3662100e-01   9.5790000e-02   9.3612700e-01  -1.1062700e-01  -2.9440100e-01  -5.9214000e-02
   2.4889500e-01   2.4623700e-01   1.0459600e-01   9.3084800e-01  -1.0560400e-01  -2.9885100e-01  -6.0441000e-02
   2.5282100e-01   2.5637000e-01   1.1443600e-01   9.2588400e-01  -1.0021500e-01  -3.0360100e-01  -6.1293000e-02
   2.5469200e-01   2.6703400e-01   1.2499500e-01   9.2097800e-01  -9.4433000e-02  -3.0867500e-01  -6.1774000e-02
   2.5571800e-01   2.7848100e-01   1.3601700e-01   9.1572700e-01  -8.8235000e-02  -3.1402900e-01  -6.1846000e-02
   2.5726400e-01   2.9090000e-01   1.4673500e-01   9.0975900e-01  -8.1514000e-02  -3.1966200e-01  -6.1565000e-02
   2.5609400e-01   2.9071100e-01   1.4710900e-01   9.1008900e-01  -8.1514000e-02  -3.1966200e-01  -6.1565000e-02
   2.5320200e-01   3.1721600e-01   1.6999100e-01   8.9797900e-01  -6.6589000e-02  -3.3162500e-01  -5.9767000e-02
   2.4612900e-01   3.4602900e-01   1.9352400e-01   8.8443900e-01  -5.0027000e-02  -3.4366700e-01  -5.6395000e-02
   2.3893700e-01   3.7465800e-01   2.1504500e-01   8.6965300e-01  -3.3291000e-02  -3.5463400e-01  -5.2300000e-02
   2.3229200e-01   4.0241500e-01   2.3390200e-01   8.5404500e-01  -1.6919000e-02  -3.6433300e-01  -4.7801000e-02
   2.2692000e-01   4.2814800e-01   2.4976400e-01   8.3834000e-01  -1.6280000e-03  -3.7322700e-01  -4.3126000e-02
   2.2544300e-01   4.4494300e-01   2.6309700e-01   8.2582100e-01   9.2080000e-03  -3.8379800e-01  -3.9025000e-02
   2.2478700e-01   4.5192000e-01   2.6939500e-01   8.2016200e-01   1.3940000e-02  -3.8927000e-01  -3.6904000e-02
   2.2221400e-01   4.6521700e-01   2.8167100e-01   8.0923100e-01   2.3237000e-02  -4.0003100e-01  -3.2238000e-02
   2.1883400e-01   4.7847200e-01   2.9300100e-01   7.9832700e-01   3.2637000e-02  -4.1036400e-01  -2.7030000e-02
   2.1500500e-01   4.9268800e-01   3.0290100e-01   7.8694500e-01   4.2482000e-02  -4.2011100e-01  -2.1103000e-02
   2.1043500e-01   5.0717800e-01   3.1171900e-01   7.7544800e-01   5.2576000e-02  -4.2923300e-01  -1.4652000e-02
   2.0466000e-01   5.2218900e-01   3.1953100e-01   7.6376300e-01   6.3044000e-02  -4.3762700e-01  -7.5500000e-03
   2.0165900e-01   5.3008000e-01   3.2276000e-01   7.5774300e-01   6.8430000e-02  -4.4151000e-01  -3.7480000e-03
   1.9595100e-01   5.4597800e-01   3.2789600e-01   7.4565100e-01   7.9206000e-02  -4.4876000e-01   4.1190000e-03
   1.8947200e-01   5.6255800e-01   3.3129300e-01   7.3339900e-01   9.0343000e-02  -4.5515300e-01   1.2620000e-02
   1.8193400e-01   5.7896700e-01   3.3372500e-01   7.2133500e-01   1.0146600e-01  -4.6065600e-01   2.1558000e-02
   1.7359900e-01   5.9535800e-01   3.3488100e-01   7.0941400e-01   1.1257100e-01  -4.6521900e-01   3.0925000e-02
   1.6483300e-01   6.1177600e-01   3.3450800e-01   6.9761300e-01   1.2353400e-01  -4.6879500e-01   4.0689000e-02
   1.5577100e-01   6.2819100e-01   3.3240700e-01   6.8601600e-01   1.3425900e-01  -4.7135200e-01   5.0829000e-02
   1.4604900e-01   6.4439200e-01   3.2879300e-01   6.7477700e-01   1.4469900e-01  -4.7287500e-01   6.1352000e-02
   1.3513900e-01   6.6005700e-01   3.2425100e-01   6.6402100e-01   1.5477000e-01  -4.7334000e-01   7.2244000e-02
   1.2340700e-01   6.7532000e-01   3.1841800e-01   6.5370000e-01   1.6445200e-01  -4.7274100e-01   8.3482000e-02
   1.1072500e-01   6.8999700e-01   3.1147500e-01   6.4391600e-01   1.7367000e-01  -4.7106200e-01   9.5001000e-02
   1.0627000e-01   6.9815900e-01   3.0516700e-01   6.3886900e-01   1.7807900e-01  -4.6981300e-01   1.0084800e-01
   9.3404000e-02   7.1234300e-01   2.9532800e-01   6.2978200e-01   1.8648600e-01  -4.6651600e-01   1.1265300e-01
   7.9374000e-02   7.2557100e-01   2.8502100e-01   6.2129700e-01   1.9430200e-01  -4.6217600e-01   1.2452000e-01
   6.4181000e-02   7.3774400e-01   2.7465200e-01   6.1333600e-01   2.0149100e-01  -4.5685200e-01   1.3632100e-01
   4.8432000e-02   7.4902900e-01   2.6389300e-01   6.0578100e-01   2.0799300e-01  -4.5061100e-01   1.4793700e-01
   3.2290000e-02   7.5945400e-01   2.5271900e-01   5.9859900e-01   2.1371100e-01  -4.4347200e-01   1.5933200e-01
   1.6380000e-02   7.6919300e-01   2.4032200e-01   5.9187800e-01   2.1874400e-01  -4.3555200e-01   1.7038100e-01
   1.2590000e-03   7.7839800e-01   2.2625900e-01   5.8557800e-01   2.2302100e-01  -4.2690900e-01   1.8103500e-01
  -5.5630000e-03   7.8293200e-01   2.1811700e-01   5.8259000e-01   2.2486200e-01  -4.2234600e-01   1.8619200e-01
  -1.8499000e-02   7.9147000e-01   2.0070800e-01   5.7701800e-01   2.2793700e-01  -4.1279800e-01   1.9613200e-01
  -2.4764000e-02   7.9539300e-01   1.9170300e-01   5.7444500e-01   2.2916600e-01  -4.0783600e-01   2.0090300e-01
  -3.7857000e-02   8.0221100e-01   1.7452200e-01   5.6970700e-01   2.3099200e-01  -3.9757600e-01   2.1003600e-01
  -4.8288000e-02   8.0891900e-01   1.5312100e-01   5.6557300e-01   2.3190000e-01  -3.8662100e-01   2.1885400e-01
  -6.1314000e-02   8.1378200e-01   1.3460200e-01   5.6203400e-01   2.3176000e-01  -3.7495500e-01   2.2730000e-01
  -7.3572000e-02   8.1761000e-01   1.1645600e-01   5.5905100e-01   2.3081600e-01  -3.6324500e-01   2.3495600e-01
  -8.5230000e-02   8.2041200e-01   9.9321000e-02   5.5659300e-01   2.2914100e-01  -3.5166400e-01   2.4179000e-01
  -9.0744000e-02   8.2155100e-01   9.0929000e-02   5.5547300e-01   2.2802600e-01  -3.4585100e-01   2.4496800e-01
  -1.0141900e-01   8.2321200e-01   7.4720000e-02   5.5358200e-01   2.2525500e-01  -3.3422000e-01   2.5082800e-01
  -1.1014000e-01   8.2419300e-01   5.6872000e-02   5.5257700e-01   2.2182900e-01  -3.2264400e-01   2.5600300e-01
  -1.1822100e-01   8.2435200e-01   3.9294000e-02   5.5219900e-01   2.1783000e-01  -3.1115400e-01   2.6050500e-01
  -1.2429700e-01   8.2392300e-01   2.0566000e-02   5.5251900e-01   2.1347700e-01  -2.9997700e-01   2.6430600e-01
  -1.2874100e-01   8.2343600e-01   1.4027000e-02   5.5243400e-01   2.1120000e-01  -2.9453300e-01   2.6595100e-01
  -1.3552300e-01   8.2221400e-01  -7.6200000e-04   5.5280800e-01   2.0652300e-01  -2.8395800e-01   2.6876800e-01
  -1.4218300e-01   8.2067700e-01  -1.3887000e-02   5.5324500e-01   2.0175100e-01  -2.7382000e-01   2.7099900e-01
  -1.4754900e-01   8.1884800e-01  -2.7268000e-02   5.5405200e-01   1.9695700e-01  -2.6413800e-01   2.7269300e-01
  -1.5153600e-01   8.1674000e-01  -4.1015000e-02   5.5523800e-01   1.9221000e-01  -2.5496400e-01   2.7390200e-01
  -1.5381800e-01   8.1429600e-01  -5.5570000e-02   5.5693300e-01   1.8752300e-01  -2.4634100e-01   2.7466800e-01
  -1.5691000e-01   8.1178000e-01  -6.7402000e-02   5.5843500e-01   1.8295200e-01  -2.3827700e-01   2.7504800e-01
  -1.5900800e-01   8.0904900e-01  -7.9290000e-02   5.6024100e-01   1.7853700e-01  -2.3078100e-01   2.7509900e-01
  -1.6276300e-01   8.0802600e-01  -8.0900000e-02   5.6040900e-01   1.7637700e-01  -2.2723600e-01   2.7501000e-01
  -1.6696600e-01   8.0551200e-01  -8.7981000e-02   5.6172200e-01   1.7217200e-01  -2.2058600e-01   2.7463700e-01
  -1.7125700e-01   8.0300100e-01  -9.3831000e-02   5.6307700e-01   1.6810800e-01  -2.1449700e-01   2.7403400e-01
  -1.7554900e-01   8.0047900e-01  -9.8682000e-02   5.6451600e-01   1.6419000e-01  -2.0897100e-01   2.7323800e-01
  -1.7905600e-01   7.9781900e-01  -1.0376300e-01   5.6626600e-01   1.6041400e-01  -2.0396100e-01   2.7228700e-01
  -1.8147600e-01   7.9497000e-01  -1.0952000e-01   5.6841400e-01   1.5679300e-01  -1.9945600e-01   2.7121600e-01
  -1.8360000e-01   7.9209900e-01  -1.1487800e-01   5.7067700e-01   1.5333700e-01  -1.9542600e-01   2.7006100e-01
  -1.8477000e-01   7.9071800e-01  -1.1710400e-01   5.7176200e-01   1.5167500e-01  -1.9357500e-01   2.6946300e-01
  -1.8750300e-01   7.8811400e-01  -1.2043800e-01   5.7377100e-01   1.4847200e-01  -1.9017900e-01   2.6823900e-01
  -1.9000100e-01   7.8557300e-01  -1.2344000e-01   5.7579300e-01   1.4542100e-01  -1.8712800e-01   2.6699000e-01
  -1.9145400e-01   7.8296300e-01  -1.2724000e-01   5.7803500e-01   1.4255000e-01  -1.8438400e-01   2.6574800e-01
  -1.9204500e-01   7.7993400e-01  -1.3122900e-01   5.8103400e-01   1.3963200e-01  -1.8189500e-01   2.6496900e-01
  -1.9263100e-01   7.7535300e-01  -1.3323900e-01   5.8648800e-01   1.3592800e-01  -1.7958500e-01   2.6601300e-01
  -1.9293400e-01   7.7031500e-01  -1.3475700e-01   5.9264900e-01   1.3208700e-01  -1.7743400e-01   2.6762100e-01
  -1.9343400e-01   7.6544200e-01  -1.3551400e-01   5.9859700e-01   1.2837900e-01  -1.7544300e-01   2.6930000e-01
  -1.9413100e-01   7.6316700e-01  -1.3522900e-01   6.0133500e-01   1.2659200e-01  -1.7452000e-01   2.7010800e-01
  -1.9457100e-01   7.5857000e-01  -1.3569800e-01   6.0687700e-01   1.2316900e-01  -1.7279200e-01   2.7165700e-01
  -1.9426700e-01   7.5405600e-01  -1.3685600e-01   6.1231500e-01   1.1995800e-01  -1.7119900e-01   2.7313700e-01
  -1.9393000e-01   7.4974600e-01  -1.3774500e-01   6.1749300e-01   1.1691500e-01  -1.6973500e-01   2.7458700e-01
  -1.9344900e-01   7.4566300e-01  -1.3855500e-01   6.2238700e-01   1.1404500e-01  -1.6835900e-01   2.7597600e-01
  -1.9291100e-01   7.4180400e-01  -1.3928200e-01   6.2698600e-01   1.1135700e-01  -1.6706100e-01   2.7730600e-01
  -1.9265900e-01   7.3829700e-01  -1.3940700e-01   6.3116200e-01   1.0882600e-01  -1.6580000e-01   2.7859800e-01
  -1.9226300e-01   7.3498000e-01  -1.3957000e-01   6.3510500e-01   1.0644700e-01  -1.6460800e-01   2.7982500e-01
  -1.9257100e-01   7.3351200e-01  -1.3902800e-01   6.3682700e-01   1.0531700e-01  -1.6404300e-01   2.8041700e-01
  -1.9264000e-01   7.3060500e-01  -1.3856200e-01   6.4024000e-01   1.0317800e-01  -1.6296800e-01   2.8154000e-01
  -1.9194500e-01   7.2775000e-01  -1.3901300e-01   6.4359400e-01   1.0121900e-01  -1.6199000e-01   2.8254400e-01
  -1.9105900e-01   7.2508800e-01  -1.3965100e-01   6.4671500e-01   9.9431000e-02  -1.6108800e-01   2.8346000e-01
  -1.9043600e-01   7.2271900e-01  -1.3992500e-01   6.4948600e-01   9.7791000e-02  -1.6021900e-01   2.8432600e-01
  -1.9031600e-01   7.2065200e-01  -1.3960100e-01   6.5188300e-01   9.6276000e-02  -1.5939500e-01   2.8513100e-01
  -1.9031000e-01   7.1875500e-01  -1.3918100e-01   6.5406600e-01   9.4886000e-02  -1.5864000e-01   2.8587600e-01
  -1.9017900e-01   7.1783800e-01  -1.3914000e-01   6.5511900e-01   9.4243000e-02  -1.5828500e-01   2.8622400e-01
  -1.8940400e-01   7.1598200e-01  -1.3967500e-01   6.5725700e-01   9.3043000e-02  -1.5761000e-01   2.8688600e-01
  -1.8912900e-01   7.1431500e-01  -1.3970800e-01   6.5914100e-01   9.1931000e-02  -1.5698300e-01   2.8751600e-01
  -1.8927900e-01   7.1285800e-01  -1.3933100e-01   6.6075200e-01   9.0938000e-02  -1.5639500e-01   2.8812900e-01
  -1.8913000e-01   7.1149000e-01  -1.3928200e-01   6.6227800e-01   9.0059000e-02  -1.5584100e-01   2.8872300e-01
  -1.8904900e-01   7.1086000e-01  -1.3926700e-01   6.6298100e-01   8.9660000e-02  -1.5557900e-01   2.8900900e-01
  -1.8856400e-01   7.0964100e-01  -1.3957600e-01   6.6435800e-01   8.8942000e-02  -1.5508100e-01   2.8956500e-01
  -1.8832600e-01   7.0858500e-01  -1.3963000e-01   6.6554100e-01   8.8307000e-02  -1.5462000e-01   2.9009300e-01
  -1.8826300e-01   7.0768700e-01  -1.3947200e-01   6.6654600e-01   8.7754000e-02  -1.5419200e-01   2.9060700e-01
  -1.8797000e-01   7.0688100e-01  -1.3955200e-01   6.6746600e-01   8.7290000e-02  -1.5376700e-01   2.9110900e-01
  -1.8753000e-01   7.0621100e-01  -1.3976700e-01   6.6825500e-01   8.6925000e-02  -1.5335400e-01   2.9159500e-01
  -1.8723400e-01   7.0591300e-01  -1.3996100e-01   6.6861200e-01   8.6781000e-02  -1.5315400e-01   2.9183200e-01
  -1.8717600e-01   7.0551300e-01  -1.3980500e-01   6.6908200e-01   8.6553000e-02  -1.5277200e-01   2.9228700e-01
  -1.8687200e-01   7.0518300e-01  -1.3991400e-01   6.6949200e-01   8.6409000e-02  -1.5243000e-01   2.9271400e-01
  -1.8643300e-01   7.0494100e-01  -1.4020400e-01   6.6980800e-01   8.6350000e-02  -1.5211100e-01   2.9311500e-01
  -1.8591700e-01   7.0479200e-01  -1.4060100e-01   6.7002500e-01   8.6375000e-02  -1.5182800e-01   2.9349100e-01
  -1.8564900e-01   7.0478800e-01  -1.4074600e-01   6.7007300e-01   8.6472000e-02  -1.5158700e-01   2.9384700e-01
  -1.8571800e-01   7.0492500e-01  -1.4058800e-01   6.6994300e-01   8.6641000e-02  -1.5138200e-01   2.9418800e-01
  -1.8572900e-01   7.0510500e-01  -1.4053000e-01   6.6976400e-01   8.6865000e-02  -1.5120700e-01   2.9451300e-01
  -1.8552700e-01   7.0517400e-01  -1.4072100e-01   6.6970700e-01   8.6998000e-02  -1.5113100e-01   2.9467500e-01
  -1.8504700e-01   7.0532400e-01  -1.4118100e-01   6.6958500e-01   8.7304000e-02  -1.5099700e-01   2.9501900e-01
  -1.8498400e-01   7.0558900e-01  -1.4119700e-01   6.6932000e-01   8.7660000e-02  -1.5088300e-01   2.9540000e-01
  -1.8516700e-01   7.0596300e-01  -1.4090100e-01   6.6893700e-01   8.8046000e-02  -1.5079800e-01   2.9577500e-01
  -1.8538800e-01   7.0637400e-01  -1.4053100e-01   6.6852000e-01   8.8441000e-02  -1.5073400e-01   2.9613600e-01
  -1.8523800e-01   7.0670600e-01  -1.4056900e-01   6.6820200e-01   8.8843000e-02  -1.5066400e-01   2.9650000e-01
  -1.8473100e-01   7.0696700e-01  -1.4096700e-01   6.6798200e-01   8.9249000e-02  -1.5060900e-01   2.9686600e-01
  -1.8444400e-01   7.0708500e-01  -1.4119500e-01   6.6788900e-01   8.9451000e-02  -1.5059200e-01   2.9704800e-01
  -1.8400000e-01   7.0735100e-01  -1.4147800e-01   6.6766900e-01   8.9846000e-02  -1.5057100e-01   2.9740300e-01
  -1.8373600e-01   7.0765200e-01  -1.4154100e-01   6.6741000e-01   9.0224000e-02  -1.5054500e-01   2.9775400e-01
  -1.8352900e-01   7.0793100e-01  -1.4152000e-01   6.6717500e-01   9.0569000e-02  -1.5050700e-01   2.9810700e-01
  -1.8325900e-01   7.0819600e-01  -1.4154600e-01   6.6696300e-01   9.0889000e-02  -1.5045600e-01   2.9844500e-01
  -1.8317300e-01   7.0833600e-01  -1.4149900e-01   6.6684700e-01   9.1039000e-02  -1.5042300e-01   2.9861000e-01
  -1.8302900e-01   7.0861200e-01  -1.4137600e-01   6.6662000e-01   9.1324000e-02  -1.5034400e-01   2.9893600e-01
  -1.8323100e-01   7.0891900e-01  -1.4090200e-01   6.6633800e-01   9.1577000e-02  -1.5025400e-01   2.9925200e-01
  -1.8321100e-01   7.0916000e-01  -1.4062300e-01   6.6614600e-01   9.1803000e-02  -1.5016900e-01   2.9956400e-01
