   7.0155000e-02   1.7545900e-01   2.2335000e-02   9.8173000e-01  -1.6174900e-01  -2.3268400e-01  -4.9630000e-03
   6.8816000e-02   1.7711600e-01   2.1695000e-02   9.8154100e-01  -1.6164700e-01  -2.3224800e-01  -3.8410000e-03
   6.7025000e-02   1.7707600e-01   2.2018000e-02   9.8166500e-01  -1.6164700e-01  -2.3224800e-01  -3.8410000e-03
   6.4644000e-02   1.7784800e-01   2.1984000e-02   9.8168600e-01  -1.6156400e-01  -2.3207800e-01  -3.3500000e-03
   6.2755000e-02   1.7860000e-01   2.1886000e-02   9.8167500e-01  -1.6146700e-01  -2.3193800e-01  -2.9170000e-03
   6.1591000e-02   1.7933200e-01   2.1667000e-02   9.8162000e-01  -1.6135400e-01  -2.3182900e-01  -2.5480000e-03
   6.0464000e-02   1.8004900e-01   2.1483000e-02   9.8156300e-01  -1.6121500e-01  -2.3175900e-01  -2.2620000e-03
   5.8865000e-02   1.8075300e-01   2.1476000e-02   9.8153100e-01  -1.6104300e-01  -2.3174300e-01  -2.0720000e-03
   5.7057000e-02   1.8145600e-01   2.1608000e-02   9.8150500e-01  -1.6083300e-01  -2.3178700e-01  -1.9850000e-03
   5.5177000e-02   1.8217100e-01   2.1872000e-02   9.8147400e-01  -1.6057500e-01  -2.3191500e-01  -2.0180000e-03
   5.2866000e-02   1.8290600e-01   2.2361000e-02   9.8145300e-01  -1.6025800e-01  -2.3213500e-01  -2.1810000e-03
   5.0329000e-02   1.8368500e-01   2.3045000e-02   9.8142500e-01  -1.5986900e-01  -2.3247300e-01  -2.4810000e-03
   4.8082000e-02   1.8455800e-01   2.3856000e-02   9.8135500e-01  -1.5938800e-01  -2.3295500e-01  -2.9230000e-03
   4.6483000e-02   1.8557500e-01   2.4724000e-02   9.8121900e-01  -1.5880000e-01  -2.3358200e-01  -3.5080000e-03
   4.6120000e-02   1.8678200e-01   2.5522000e-02   9.8098600e-01  -1.5808500e-01  -2.3437500e-01  -4.2370000e-03
   4.6597000e-02   1.8819700e-01   2.6350000e-02   9.8067100e-01  -1.5723100e-01  -2.3534100e-01  -5.1080000e-03
   4.7013000e-02   1.8981200e-01   2.7429000e-02   9.8031100e-01  -1.5622900e-01  -2.3650100e-01  -6.1130000e-03
   4.7318000e-02   1.9163700e-01   2.8787000e-02   9.7990200e-01  -1.5508000e-01  -2.3784700e-01  -7.2280000e-03
   4.6973000e-02   1.9368800e-01   3.0520000e-02   9.7946300e-01  -1.5376600e-01  -2.3937600e-01  -8.4460000e-03
   4.6023000e-02   1.9598400e-01   3.2654000e-02   9.7898200e-01  -1.5227400e-01  -2.4109900e-01  -9.7570000e-03
   4.4245000e-02   1.9853700e-01   3.5283000e-02   9.7845800e-01  -1.5059600e-01  -2.4302100e-01  -1.1137000e-02
   4.1121000e-02   1.9842400e-01   3.5916000e-02   9.7859400e-01  -1.5059600e-01  -2.4302100e-01  -1.1137000e-02
   3.8225000e-02   2.0117800e-01   3.9182000e-02   9.7802400e-01  -1.4873200e-01  -2.4516200e-01  -1.2578000e-02
   3.3966000e-02   2.0413900e-01   4.3072000e-02   9.7740400e-01  -1.4666600e-01  -2.4751300e-01  -1.4060000e-02
   3.1102000e-02   2.0743600e-01   4.7029000e-02   9.7662200e-01  -1.4439500e-01  -2.5005100e-01  -1.5557000e-02
   2.9180000e-02   2.1105400e-01   5.1157000e-02   9.7569900e-01  -1.4192000e-01  -2.5277400e-01  -1.7048000e-02
   2.6604000e-02   2.1492900e-01   5.5812000e-02   9.7467100e-01  -1.3923100e-01  -2.5568500e-01  -1.8510000e-02
   2.5602000e-02   2.1919300e-01   6.0616000e-02   9.7346000e-01  -1.3632900e-01  -2.5880100e-01  -1.9919000e-02
   2.7322000e-02   2.2399900e-01   6.5216000e-02   9.7202100e-01  -1.3319100e-01  -2.6210300e-01  -2.1250000e-02
   2.9766000e-02   2.2927800e-01   7.0003000e-02   9.7038400e-01  -1.2980500e-01  -2.6558500e-01  -2.2469000e-02
   3.1239000e-02   2.3493700e-01   7.5400000e-02   9.6857800e-01  -1.2617000e-01  -2.6921500e-01  -2.3554000e-02
   3.2608000e-02   2.4110200e-01   8.1185000e-02   9.6654800e-01  -1.2226400e-01  -2.7297300e-01  -2.4480000e-02
   3.5559000e-02   2.4793100e-01   8.6933000e-02   9.6421400e-01  -1.1808300e-01  -2.7684300e-01  -2.5232000e-02
   3.8837000e-02   2.5533400e-01   9.2930000e-02   9.6159300e-01  -1.1362500e-01  -2.8080500e-01  -2.5804000e-02
   4.1367000e-02   2.6321800e-01   9.9461000e-02   9.5870300e-01  -1.0888400e-01  -2.8482900e-01  -2.6197000e-02
   4.4531000e-02   2.7167600e-01   1.0616900e-01   9.5547800e-01  -1.0389800e-01  -2.8888600e-01  -2.6389000e-02
   4.5957000e-02   2.8042400e-01   1.1371600e-01   9.5200800e-01  -9.8670000e-02  -2.9298200e-01  -2.6372000e-02
   4.9876000e-02   2.9924700e-01   1.2930200e-01   9.4405700e-01  -8.7539000e-02  -3.0129900e-01  -2.5736000e-02
   5.0927000e-02   3.0877600e-01   1.3741400e-01   9.3977700e-01  -8.1821000e-02  -3.0536000e-01  -2.5171000e-02
   5.2268000e-02   3.2718900e-01   1.5323600e-01   9.3098500e-01  -7.0584000e-02  -3.1295300e-01  -2.3790000e-02
   5.2294000e-02   3.4440000e-01   1.6802900e-01   9.2218300e-01  -5.9677000e-02  -3.1980800e-01  -2.2279000e-02
   5.1821000e-02   3.6066500e-01   1.8171900e-01   9.1335300e-01  -4.9193000e-02  -3.2596700e-01  -2.0592000e-02
   4.9795000e-02   3.7596000e-01   1.9499200e-01   9.0451800e-01  -3.9099000e-02  -3.3156000e-01  -1.8700000e-02
   4.7107000e-02   3.9060500e-01   2.0764200e-01   8.9559700e-01  -2.9324000e-02  -3.3668700e-01  -1.6609000e-02
   4.3855000e-02   4.0478900e-01   2.1970100e-01   8.8654000e-01  -1.9786000e-02  -3.4141200e-01  -1.4318000e-02
   4.3443000e-02   4.1146200e-01   2.2487400e-01   8.8218100e-01  -1.5407000e-02  -3.4378800e-01  -1.3137000e-02
   4.3714000e-02   4.1922800e-01   2.3460500e-01   8.7595500e-01  -9.6630000e-03  -3.4974100e-01  -1.0925000e-02
   4.5140000e-02   4.2515400e-01   2.4335200e-01   8.7062400e-01  -5.1670000e-03  -3.5617000e-01  -8.4750000e-03
   4.5640000e-02   4.3080300e-01   2.5147300e-01   8.6549800e-01  -6.9900000e-04  -3.6267100e-01  -5.7220000e-03
   4.2772000e-02   4.3564200e-01   2.6059100e-01   8.6051100e-01   3.8410000e-03  -3.6910200e-01  -2.7020000e-03
   4.3740000e-02   4.3889400e-01   2.6368900e-01   8.5786200e-01   6.1730000e-03  -3.7231700e-01  -1.0770000e-03
   4.0756000e-02   4.4481900e-01   2.7177300e-01   8.5241700e-01   1.1184000e-02  -3.7857300e-01   2.5840000e-03
   3.7638000e-02   4.5120700e-01   2.7948200e-01   8.4669100e-01   1.6426000e-02  -3.8473600e-01   6.6220000e-03
   3.4055000e-02   4.5775700e-01   2.8686500e-01   8.4083700e-01   2.1802000e-02  -3.9067500e-01   1.0929000e-02
   3.0133000e-02   4.6493700e-01   2.9369800e-01   8.3466600e-01   2.7409000e-02  -3.9624100e-01   1.5615000e-02
   2.7892000e-02   4.6848100e-01   2.9700100e-01   8.3158800e-01   3.0220000e-02  -3.9890000e-01   1.8032000e-02
   2.3000000e-02   4.7568400e-01   3.0326400e-01   8.2536500e-01   3.5912000e-02  -4.0394600e-01   2.3058000e-02
   1.7528000e-02   4.8304000e-01   3.0909200e-01   8.1904000e-01   4.1674000e-02  -4.0861000e-01   2.8359000e-02
   1.2005000e-02   4.9075900e-01   3.1414700e-01   8.1260300e-01   4.7495000e-02  -4.1287400e-01   3.3947000e-02
   7.0020000e-03   4.9906600e-01   3.1799600e-01   8.0607900e-01   5.3346000e-02  -4.1670600e-01   3.9824000e-02
   1.9430000e-03   5.0769100e-01   3.2098600e-01   7.9950900e-01   5.9186000e-02  -4.2007800e-01   4.5962000e-02
  -3.5680000e-03   5.1643700e-01   3.2336200e-01   7.9291700e-01   6.4976000e-02  -4.2296700e-01   5.2337000e-02
  -8.7990000e-03   5.2562000e-01   3.2458000e-01   7.8631600e-01   7.0693000e-02  -4.2534700e-01   5.8967000e-02
  -1.1134000e-02   5.3044500e-01   3.2460900e-01   7.8302800e-01   7.3512000e-02  -4.2633600e-01   6.2376000e-02
  -1.6212000e-02   5.4013400e-01   3.2408100e-01   7.7650700e-01   7.9017000e-02  -4.2787300e-01   6.9374000e-02
  -2.1884000e-02   5.4991000e-01   3.2288400e-01   7.6997800e-01   8.4383000e-02  -4.2884300e-01   7.6639000e-02
  -2.8420000e-02   5.5967100e-01   3.2123000e-01   7.6339500e-01   8.9582000e-02  -4.2921300e-01   8.4184000e-02
  -3.4652000e-02   5.6972000e-01   3.1825900e-01   7.5692100e-01   9.4592000e-02  -4.2900300e-01   9.1886000e-02
  -4.0481000e-02   5.8019200e-01   3.1384100e-01   7.5049500e-01   9.9390000e-02  -4.2816600e-01   9.9807000e-02
  -4.3698000e-02   5.8536100e-01   3.1144200e-01   7.4729300e-01   1.0166700e-01  -4.2749000e-01   1.0383100e-01
  -5.1281000e-02   5.9540400e-01   3.0658800e-01   7.4085700e-01   1.0604600e-01  -4.2563600e-01   1.1203700e-01
  -6.0069000e-02   6.0537900e-01   3.0126000e-01   7.3426800e-01   1.1027500e-01  -4.2307300e-01   1.2055800e-01
  -6.4024000e-02   6.1050000e-01   2.9790400e-01   7.3105700e-01   1.1228900e-01  -4.2157500e-01   1.2479800e-01
  -7.2959000e-02   6.2013900e-01   2.9150200e-01   7.2466000e-01   1.1614400e-01  -4.1820700e-01   1.3316700e-01
  -8.1883000e-02   6.2951800e-01   2.8440100e-01   7.1841400e-01   1.1980000e-01  -4.1438500e-01   1.4136300e-01
  -9.0415000e-02   6.3876200e-01   2.7650000e-01   7.1228900e-01   1.2319100e-01  -4.1011000e-01   1.4936300e-01
  -9.7923000e-02   6.4806000e-01   2.6731100e-01   7.0638100e-01   1.2628600e-01  -4.0540200e-01   1.5713500e-01
  -1.0459800e-01   6.5729500e-01   2.5706600e-01   7.0067100e-01   1.2909300e-01  -4.0030200e-01   1.6465800e-01
  -1.1133100e-01   6.6611700e-01   2.4654600e-01   6.9506000e-01   1.3167500e-01  -3.9486400e-01   1.7192100e-01
  -1.1879400e-01   6.7423300e-01   2.3645300e-01   6.8948400e-01   1.3407400e-01  -3.8916700e-01   1.7887800e-01
  -1.2089000e-01   6.7869500e-01   2.2977300e-01   6.8699500e-01   1.3517000e-01  -3.8620300e-01   1.8225200e-01
  -1.2668200e-01   6.8675400e-01   2.1789200e-01   6.8179500e-01   1.3719100e-01  -3.8007500e-01   1.8879000e-01
  -1.3212700e-01   6.9443500e-01   2.0553100e-01   6.7680100e-01   1.3902900e-01  -3.7375200e-01   1.9501000e-01
  -1.3794800e-01   7.0151700e-01   1.9344400e-01   6.7188100e-01   1.4072400e-01  -3.6728000e-01   2.0091000e-01
  -1.4335000e-01   7.0831100e-01   1.8094400e-01   6.6708700e-01   1.4224100e-01  -3.6062700e-01   2.0652900e-01
  -1.4836700e-01   7.1482400e-01   1.6818600e-01   6.6236500e-01   1.4355100e-01  -3.5379000e-01   2.1187500e-01
  -1.5398200e-01   7.2080700e-01   1.5622500e-01   6.5751100e-01   1.4467000e-01  -3.4678900e-01   2.1694900e-01
  -1.6030600e-01   7.2625900e-01   1.4530400e-01   6.5248600e-01   1.4562300e-01  -3.3967700e-01   2.2173600e-01
  -1.6646700e-01   7.3140900e-01   1.3456300e-01   6.4747400e-01   1.4641600e-01  -3.3248200e-01   2.2623600e-01
  -1.6953400e-01   7.3386200e-01   1.2932700e-01   6.4496500e-01   1.4675400e-01  -3.2886000e-01   2.2837800e-01
  -1.7504400e-01   7.3864300e-01   1.1847600e-01   6.4010200e-01   1.4733500e-01  -3.2160200e-01   2.3244500e-01
  -1.8011000e-01   7.4315400e-01   1.0750000e-01   6.3539400e-01   1.4782700e-01  -3.1436300e-01   2.3622100e-01
  -1.8557300e-01   7.4726800e-01   9.7382000e-02   6.3061100e-01   1.4822100e-01  -3.0714600e-01   2.3971800e-01
  -1.9015000e-01   7.5118900e-01   8.6681000e-02   6.2613500e-01   1.4852600e-01  -2.9999100e-01   2.4293200e-01
  -1.9435200e-01   7.5482500e-01   7.5900000e-02   6.2185700e-01   1.4873300e-01  -2.9288800e-01   2.4587700e-01
  -1.9815200e-01   7.5817600e-01   6.5065000e-02   6.1779600e-01   1.4885800e-01  -2.8587800e-01   2.4855600e-01
  -1.9917600e-01   7.5983800e-01   5.8804000e-02   6.1605000e-01   1.4891000e-01  -2.8242700e-01   2.4980300e-01
  -2.0177200e-01   7.6284700e-01   4.7397000e-02   6.1245900e-01   1.4895200e-01  -2.7564300e-01   2.5210400e-01
  -2.0313500e-01   7.6558600e-01   3.5067000e-02   6.0941300e-01   1.4889000e-01  -2.6903300e-01   2.5414400e-01
  -2.0374200e-01   7.6803100e-01   2.2351000e-02   6.0672800e-01   1.4874900e-01  -2.6258500e-01   2.5595400e-01
  -2.0368400e-01   7.7022700e-01   9.3930000e-03   6.0429700e-01   1.4854800e-01  -2.5627300e-01   2.5757000e-01
  -2.0385100e-01   7.7221900e-01  -2.6310000e-03   6.0176100e-01   1.4827600e-01  -2.5005300e-01   2.5901400e-01
  -2.0419700e-01   7.7310400e-01  -8.0990000e-03   6.0045700e-01   1.4810200e-01  -2.4700400e-01   2.5965900e-01
  -2.0457700e-01   7.7466000e-01  -1.8963000e-02   5.9807200e-01   1.4770300e-01  -2.4108100e-01   2.6079700e-01
  -2.0418300e-01   7.7591200e-01  -3.0237000e-02   5.9611700e-01   1.4723500e-01  -2.3538400e-01   2.6174600e-01
  -2.0294100e-01   7.7684800e-01  -4.2084000e-02   5.9460100e-01   1.4671500e-01  -2.2990600e-01   2.6252700e-01
  -2.0259600e-01   7.7757200e-01  -5.2279000e-02   5.9296200e-01   1.4613800e-01  -2.2465100e-01   2.6314600e-01
  -1.9899600e-01   7.7750500e-01  -6.1715000e-02   5.9336200e-01   1.4583100e-01  -2.2209500e-01   2.6340200e-01
  -1.9737300e-01   7.7765200e-01  -7.3127000e-02   5.9241400e-01   1.4514800e-01  -2.1706900e-01   2.6380300e-01
  -1.9582200e-01   7.7758600e-01  -8.4014000e-02   5.9157100e-01   1.4445100e-01  -2.1225800e-01   2.6408500e-01
  -1.9446400e-01   7.7738800e-01  -9.4084000e-02   5.9076300e-01   1.4377300e-01  -2.0771900e-01   2.6427000e-01
  -1.9331700e-01   7.7712100e-01  -1.0329800e-01   5.8995000e-01   1.4312200e-01  -2.0344000e-01   2.6437700e-01
  -1.9179700e-01   7.7669500e-01  -1.1247600e-01   5.8932900e-01   1.4249600e-01  -1.9940600e-01   2.6441600e-01
  -1.8968300e-01   7.7606100e-01  -1.2195700e-01   5.8896200e-01   1.4189600e-01  -1.9560200e-01   2.6439900e-01
  -1.8797700e-01   7.7543400e-01  -1.3046900e-01   5.8851100e-01   1.4133500e-01  -1.9201700e-01   2.6434000e-01
  -1.8773500e-01   7.7505700e-01  -1.3667700e-01   5.8767500e-01   1.4078900e-01  -1.8863400e-01   2.6423400e-01
  -1.8737400e-01   7.7478700e-01  -1.3996800e-01   5.8737100e-01   1.4051300e-01  -1.8701300e-01   2.6416200e-01
  -1.8753200e-01   7.7443700e-01  -1.4510000e-01   5.8653700e-01   1.3995900e-01  -1.8390100e-01   2.6398900e-01
  -1.8672100e-01   7.7384200e-01  -1.5111000e-01   5.8606300e-01   1.3940900e-01  -1.8096400e-01   2.6378600e-01
  -1.8540500e-01   7.7311200e-01  -1.5737500e-01   5.8579600e-01   1.3887000e-01  -1.7820700e-01   2.6356100e-01
  -1.8521600e-01   7.7160300e-01  -1.6109200e-01   5.8683400e-01   1.3778100e-01  -1.7555300e-01   2.6440000e-01
  -1.8592100e-01   7.7056500e-01  -1.6141400e-01   5.8788500e-01   1.3697200e-01  -1.7425800e-01   2.6531900e-01
  -1.8686900e-01   7.6802900e-01  -1.6229900e-01   5.9065300e-01   1.3519200e-01  -1.7174800e-01   2.6741500e-01
  -1.8690800e-01   7.6516000e-01  -1.6398400e-01   5.9388900e-01   1.3337000e-01  -1.6931400e-01   2.6961800e-01
  -1.8602500e-01   7.6348200e-01  -1.6589700e-01   5.9579100e-01   1.3246800e-01  -1.6813900e-01   2.7069400e-01
  -1.8630400e-01   7.6063800e-01  -1.6703000e-01   5.9901700e-01   1.3063300e-01  -1.6584900e-01   2.7276700e-01
  -1.8662200e-01   7.5928100e-01  -1.6732900e-01   6.0055500e-01   1.2972900e-01  -1.6474700e-01   2.7375300e-01
  -1.8695800e-01   7.5796000e-01  -1.6756500e-01   6.0205100e-01   1.2884700e-01  -1.6368100e-01   2.7470400e-01
  -1.8645700e-01   7.5645500e-01  -1.6874300e-01   6.0376700e-01   1.2798000e-01  -1.6264200e-01   2.7564200e-01
  -1.8575400e-01   7.5488300e-01  -1.7010300e-01   6.0556700e-01   1.2709600e-01  -1.6159700e-01   2.7659000e-01
  -1.8551100e-01   7.5340000e-01  -1.7082600e-01   6.0728200e-01   1.2617600e-01  -1.6054100e-01   2.7755600e-01
  -1.8572700e-01   7.5201000e-01  -1.7088700e-01   6.0892000e-01   1.2521600e-01  -1.5948000e-01   2.7854100e-01
  -1.8547700e-01   7.5045100e-01  -1.7141900e-01   6.1076700e-01   1.2421600e-01  -1.5843000e-01   2.7954400e-01
  -1.8448600e-01   7.4867100e-01  -1.7274600e-01   6.1287500e-01   1.2318900e-01  -1.5740400e-01   2.8054100e-01
  -1.8394000e-01   7.4699600e-01  -1.7341800e-01   6.1488900e-01   1.2214100e-01  -1.5641600e-01   2.8153500e-01
  -1.8472200e-01   7.4570300e-01  -1.7236100e-01   6.1651900e-01   1.2108600e-01  -1.5547800e-01   2.8251700e-01
  -1.8513900e-01   7.4432500e-01  -1.7163300e-01   6.1826000e-01   1.2003100e-01  -1.5460200e-01   2.8347600e-01
  -1.8473100e-01   7.4275200e-01  -1.7180900e-01   6.2022200e-01   1.1898500e-01  -1.5378900e-01   2.8439100e-01
  -1.8410000e-01   7.4114000e-01  -1.7221700e-01   6.2222200e-01   1.1796200e-01  -1.5304400e-01   2.8526000e-01
  -1.8410200e-01   7.3973200e-01  -1.7184400e-01   6.2399800e-01   1.1697500e-01  -1.5236600e-01   2.8609600e-01
  -1.8445300e-01   7.3844700e-01  -1.7102400e-01   6.2563900e-01   1.1602000e-01  -1.5175700e-01   2.8689800e-01
  -1.8420400e-01   7.3703900e-01  -1.7086300e-01   6.2741400e-01   1.1509600e-01  -1.5121400e-01   2.8766500e-01
  -1.8459400e-01   7.3714500e-01  -1.7040400e-01   6.2729900e-01   1.1509600e-01  -1.5121400e-01   2.8766500e-01
  -1.8387100e-01   7.3564600e-01  -1.7076300e-01   6.2917100e-01   1.1420100e-01  -1.5073600e-01   2.8839300e-01
  -1.8348600e-01   7.3425900e-01  -1.7069700e-01   6.3091900e-01   1.1333100e-01  -1.5030600e-01   2.8910200e-01
  -1.8398200e-01   7.3313100e-01  -1.6956400e-01   6.3239100e-01   1.1247800e-01  -1.4990900e-01   2.8980300e-01
  -1.8442600e-01   7.3200800e-01  -1.6845100e-01   6.3385700e-01   1.1163900e-01  -1.4953800e-01   2.9049800e-01
  -1.8415700e-01   7.3072000e-01  -1.6810800e-01   6.3551100e-01   1.1080800e-01  -1.4920000e-01   2.9117600e-01
  -1.8363700e-01   7.2938800e-01  -1.6798700e-01   6.3722200e-01   1.0997800e-01  -1.4889000e-01   2.9183900e-01
  -1.8373400e-01   7.2823700e-01  -1.6711300e-01   6.3873800e-01   1.0915100e-01  -1.4859800e-01   2.9249200e-01
  -1.8369600e-01   7.2708200e-01  -1.6634300e-01   6.4026400e-01   1.0833000e-01  -1.4832200e-01   2.9313100e-01
  -1.8264600e-01   7.2568600e-01  -1.6671000e-01   6.4205000e-01   1.0752100e-01  -1.4806400e-01   2.9374600e-01
  -1.8174500e-01   7.2435900e-01  -1.6685100e-01   6.4376500e-01   1.0671200e-01  -1.4783700e-01   2.9433200e-01
  -1.8128100e-01   7.2317500e-01  -1.6648300e-01   6.4532100e-01   1.0591000e-01  -1.4762700e-01   2.9488600e-01
  -1.8132200e-01   7.2215800e-01  -1.6553700e-01   6.4668900e-01   1.0512100e-01  -1.4743900e-01   2.9540500e-01
  -1.8074100e-01   7.2101300e-01  -1.6530700e-01   6.4818700e-01   1.0434800e-01  -1.4726400e-01   2.9589000e-01
  -1.7986300e-01   7.1984600e-01  -1.6541700e-01   6.4969800e-01   1.0359900e-01  -1.4710000e-01   2.9633400e-01
  -1.7948600e-01   7.1885800e-01  -1.6500300e-01   6.5100100e-01   1.0287600e-01  -1.4695200e-01   2.9673200e-01
  -1.7901600e-01   7.1788600e-01  -1.6473600e-01   6.5226900e-01   1.0218000e-01  -1.4682200e-01   2.9708600e-01
  -1.7945000e-01   7.1799600e-01  -1.6425800e-01   6.5214900e-01   1.0218000e-01  -1.4682200e-01   2.9708600e-01
  -1.7934000e-01   7.1714200e-01  -1.6363500e-01   6.5327500e-01   1.0150300e-01  -1.4671000e-01   2.9740100e-01
  -1.7811200e-01   7.1531500e-01  -1.6367200e-01   6.5560000e-01   1.0023100e-01  -1.4650300e-01   2.9790200e-01
  -1.7793700e-01   7.1393300e-01  -1.6281900e-01   6.5736400e-01   9.9106000e-02  -1.4630900e-01   2.9827400e-01
  -1.7860700e-01   7.1297000e-01  -1.6122800e-01   6.5861900e-01   9.8143000e-02  -1.4614600e-01   2.9855200e-01
  -1.7861600e-01   7.1204400e-01  -1.6051300e-01   6.5979200e-01   9.7336000e-02  -1.4600100e-01   2.9875900e-01
  -1.7813000e-01   7.1118300e-01  -1.6043300e-01   6.6087100e-01   9.6668000e-02  -1.4586500e-01   2.9892400e-01
  -1.7762600e-01   7.1075500e-01  -1.6070700e-01   6.6139900e-01   9.6382000e-02  -1.4580600e-01   2.9898800e-01
  -1.7752000e-01   7.1020400e-01  -1.6039400e-01   6.6209500e-01   9.5904000e-02  -1.4568600e-01   2.9911100e-01
  -1.7755100e-01   7.0981500e-01  -1.6002700e-01   6.6259300e-01   9.5540000e-02  -1.4557000e-01   2.9922200e-01
  -1.7745800e-01   7.0951900e-01  -1.5983400e-01   6.6298200e-01   9.5261000e-02  -1.4544500e-01   2.9932200e-01
  -1.7737400e-01   7.0930600e-01  -1.5970100e-01   6.6326400e-01   9.5058000e-02  -1.4531800e-01   2.9941800e-01
  -1.7743400e-01   7.0922500e-01  -1.5941200e-01   6.6340300e-01   9.4924000e-02  -1.4520300e-01   2.9951400e-01
  -1.7762500e-01   7.0925000e-01  -1.5898600e-01   6.6342800e-01   9.4844000e-02  -1.4510200e-01   2.9960900e-01
  -1.7767200e-01   7.0926900e-01  -1.5884100e-01   6.6343100e-01   9.4822000e-02  -1.4506300e-01   2.9964600e-01
  -1.7755000e-01   7.0930600e-01  -1.5874700e-01   6.6344600e-01   9.4810000e-02  -1.4499400e-01   2.9973400e-01
  -1.7733400e-01   7.0936600e-01  -1.5877200e-01   6.6343400e-01   9.4844000e-02  -1.4494100e-01   2.9982700e-01
  -1.7758100e-01   7.0955800e-01  -1.5832400e-01   6.6327000e-01   9.4915000e-02  -1.4490100e-01   2.9992900e-01
  -1.7777000e-01   7.0974800e-01  -1.5794400e-01   6.6310600e-01   9.5010000e-02  -1.4488600e-01   3.0003400e-01
  -1.7773900e-01   7.0981200e-01  -1.5789200e-01   6.6305800e-01   9.5065000e-02  -1.4488700e-01   3.0009000e-01
  -1.7770300e-01   7.0997100e-01  -1.5775300e-01   6.6293000e-01   9.5197000e-02  -1.4489400e-01   3.0021100e-01
  -1.7771600e-01   7.1020700e-01  -1.5744600e-01   6.6274700e-01   9.5369000e-02  -1.4492500e-01   3.0037500e-01
