   1.4864400e-01   1.5365000e-01   1.7734000e-02   9.7672000e-01  -1.6412600e-01  -2.2619700e-01  -2.4550000e-02
   1.4856200e-01   1.5386200e-01   1.6266000e-02   9.7672500e-01  -1.6416200e-01  -2.2559000e-01  -2.4227000e-02
   1.4872000e-01   1.5413100e-01   1.4804000e-02   9.7668200e-01  -1.6419700e-01  -2.2500900e-01  -2.3858000e-02
   1.4748700e-01   1.5446200e-01   1.3605000e-02   9.7683400e-01  -1.6421900e-01  -2.2445300e-01  -2.3453000e-02
   1.4547900e-01   1.5488600e-01   1.2597000e-02   9.7708100e-01  -1.6422000e-01  -2.2393100e-01  -2.3028000e-02
   1.4561800e-01   1.5543100e-01   1.1335000e-02   9.7698900e-01  -1.6420000e-01  -2.2344800e-01  -2.2590000e-02
   1.4724500e-01   1.5605000e-01   9.9460000e-03   9.7666200e-01  -1.6416000e-01  -2.2301400e-01  -2.2163000e-02
   1.4819700e-01   1.5669500e-01   8.8150000e-03   9.7642500e-01  -1.6409800e-01  -2.2264200e-01  -2.1779000e-02
   1.4872700e-01   1.5737900e-01   7.9430000e-03   9.7624200e-01  -1.6400100e-01  -2.2234600e-01  -2.1473000e-02
   1.4885700e-01   1.5810700e-01   7.3800000e-03   9.7610900e-01  -1.6385400e-01  -2.2214300e-01  -2.1296000e-02
   1.4837700e-01   1.5887500e-01   7.2680000e-03   9.7605900e-01  -1.6364600e-01  -2.2207400e-01  -2.1291000e-02
   1.4832500e-01   1.5966300e-01   7.4690000e-03   9.7593600e-01  -1.6337000e-01  -2.2214700e-01  -2.1500000e-02
   1.4918700e-01   1.6046200e-01   7.9780000e-03   9.7567000e-01  -1.6301700e-01  -2.2239100e-01  -2.1963000e-02
   1.5157300e-01   1.6127700e-01   8.7650000e-03   9.7516100e-01  -1.6258000e-01  -2.2283200e-01  -2.2696000e-02
   1.5464400e-01   1.6210100e-01   1.0020000e-02   9.7453000e-01  -1.6205200e-01  -2.2349300e-01  -2.3716000e-02
   1.6172400e-01   1.6387900e-01   1.4397000e-02   9.7302700e-01  -1.6067100e-01  -2.2559000e-01  -2.6609000e-02
   1.7039100e-01   1.6585600e-01   2.0471000e-02   9.7110200e-01  -1.5898500e-01  -2.2845900e-01  -3.0105000e-02
   1.8017400e-01   1.6833400e-01   2.7440000e-02   9.6873500e-01  -1.5700500e-01  -2.3177000e-01  -3.3799000e-02
   1.8774500e-01   1.7143700e-01   3.5608000e-02   9.6648500e-01  -1.5470600e-01  -2.3543200e-01  -3.7497000e-02
   1.8750300e-01   1.7313400e-01   4.0733000e-02   9.6602700e-01  -1.5342500e-01  -2.3740600e-01  -3.9307000e-02
   1.9088500e-01   1.7729700e-01   5.0944000e-02   9.6412300e-01  -1.5057700e-01  -2.4163900e-01  -4.2810000e-02
   1.9617000e-01   1.8256000e-01   6.1632000e-02   9.6145200e-01  -1.4729900e-01  -2.4625000e-01  -4.6090000e-02
   2.0253700e-01   1.8910500e-01   7.2900000e-02   9.5807300e-01  -1.4353000e-01  -2.5124200e-01  -4.9066000e-02
   2.0991000e-01   1.9700400e-01   8.4580000e-02   9.5392500e-01  -1.3925100e-01  -2.5655500e-01  -5.1681000e-02
   2.1447100e-01   2.0586300e-01   9.7246000e-02   9.4982400e-01  -1.3443400e-01  -2.6229500e-01  -5.3889000e-02
   2.1635700e-01   2.1553300e-01   1.1023000e-01   9.4582500e-01  -1.2901400e-01  -2.6862100e-01  -5.5679000e-02
   2.1778800e-01   2.2645700e-01   1.2359800e-01   9.4128000e-01  -1.2297400e-01  -2.7526900e-01  -5.6992000e-02
   2.2025600e-01   2.3889400e-01   1.3707900e-01   9.3574900e-01  -1.1628600e-01  -2.8211700e-01  -5.7824000e-02
   2.2325300e-01   2.4591000e-01   1.4347400e-01   9.3225600e-01  -1.1270600e-01  -2.8558000e-01  -5.8042000e-02
   2.2662900e-01   2.6068400e-01   1.5733000e-01   9.2516500e-01  -1.0504800e-01  -2.9260100e-01  -5.8062000e-02
   2.2859200e-01   2.7662600e-01   1.7168300e-01   9.1746800e-01  -9.6730000e-02  -2.9961900e-01  -5.7552000e-02
   2.2755400e-01   2.9336100e-01   1.8672500e-01   9.0955600e-01  -8.7773000e-02  -3.0647900e-01  -5.6487000e-02
   2.2426800e-01   3.1042000e-01   2.0199000e-01   9.0141200e-01  -7.8319000e-02  -3.1306600e-01  -5.5025000e-02
   2.2178900e-01   3.2844600e-01   2.1641400e-01   8.9224300e-01  -6.8373000e-02  -3.1942900e-01  -5.3161000e-02
   2.1798600e-01   3.4684900e-01   2.3079100e-01   8.8256000e-01  -5.7935000e-02  -3.2560400e-01  -5.0966000e-02
   2.1064100e-01   3.6494400e-01   2.4561700e-01   8.7299400e-01  -4.7061000e-02  -3.3145000e-01  -4.8446000e-02
   2.0632600e-01   3.7408000e-01   2.5285800e-01   8.6807600e-01  -4.1466000e-02  -3.3421700e-01  -4.7038000e-02
   1.9664300e-01   3.9215600e-01   2.6695800e-01   8.5806700e-01  -3.0129000e-02  -3.3942100e-01  -4.4036000e-02
   1.8905800e-01   4.0640200e-01   2.7860100e-01   8.4939800e-01  -2.0871000e-02  -3.4519200e-01  -4.1200000e-02
   1.8600400e-01   4.1502100e-01   2.8653000e-01   8.4324400e-01  -1.5098000e-02  -3.5242200e-01  -3.8646000e-02
   1.8348500e-01   4.2273300e-01   2.9310800e-01   8.3768600e-01  -9.9720000e-03  -3.5999700e-01  -3.5753000e-02
   1.7887100e-01   4.3005000e-01   2.9992800e-01   8.3252900e-01  -4.7880000e-03  -3.6758200e-01  -3.2384000e-02
   1.7175200e-01   4.3698600e-01   3.0732100e-01   8.2770700e-01   5.8200000e-04  -3.7507700e-01  -2.8526000e-02
   1.6376200e-01   4.4437200e-01   3.1436700e-01   8.2273300e-01   6.2360000e-03  -3.8240900e-01  -2.4107000e-02
   1.5558800e-01   4.5246300e-01   3.2066800e-01   8.1746000e-01   1.2150000e-02  -3.8950900e-01  -1.9097000e-02
   1.5143700e-01   4.5677000e-01   3.2351000e-01   8.1472000e-01   1.5208000e-02  -3.9296200e-01  -1.6375000e-02
   1.4285200e-01   4.6567700e-01   3.2871600e-01   8.0912600e-01   2.1466000e-02  -3.9966900e-01  -1.0534000e-02
   1.3416100e-01   4.7567000e-01   3.3300400e-01   8.0302400e-01   2.8098000e-02  -4.0601600e-01  -3.9850000e-03
   1.2619000e-01   4.8652000e-01   3.3591700e-01   7.9657700e-01   3.4887000e-02  -4.1196200e-01   3.1070000e-03
   1.1911700e-01   4.9848900e-01   3.3726600e-01   7.8966500e-01   4.1894000e-02  -4.1746100e-01   1.0788000e-02
   1.1106700e-01   5.1078400e-01   3.3804700e-01   7.8261600e-01   4.9144000e-02  -4.2248100e-01   1.9046000e-02
   1.0359500e-01   5.2400900e-01   3.3725600e-01   7.7520400e-01   5.6578000e-02  -4.2693300e-01   2.7866000e-02
   9.9081000e-02   5.3464600e-01   3.3530700e-01   7.6935500e-01   6.2219000e-02  -4.2986600e-01   3.4722000e-02
   8.6527000e-02   5.5022600e-01   3.3403300e-01   7.6038600e-01   7.1294000e-02  -4.3363800e-01   4.6470000e-02
   8.6692000e-02   5.5991100e-01   3.2875700e-01   7.5558200e-01   7.5398000e-02  -4.3500400e-01   5.1903000e-02
   7.9610000e-02   5.7567100e-01   3.2276400e-01   7.4705300e-01   8.3264000e-02  -4.3694300e-01   6.2733000e-02
   7.3102000e-02   5.9172500e-01   3.1488200e-01   7.3848900e-01   9.0895000e-02  -4.3790600e-01   7.3808000e-02
   6.7480000e-02   6.0826400e-01   3.0451200e-01   7.2988700e-01   9.8308000e-02  -4.3786600e-01   8.5179000e-02
   6.1713000e-02   6.2472800e-01   2.9247100e-01   7.2136400e-01   1.0551200e-01  -4.3684000e-01   9.6765000e-02
   5.4574000e-02   6.4045300e-01   2.7987100e-01   7.1310200e-01   1.1236700e-01  -4.3476100e-01   1.0848700e-01
   4.7079000e-02   6.5565900e-01   2.6601400e-01   7.0507600e-01   1.1879100e-01  -4.3163700e-01   1.2021300e-01
   3.9669000e-02   6.7037000e-01   2.5034100e-01   6.9739500e-01   1.2471100e-01  -4.2744800e-01   1.3187800e-01
   2.9092000e-02   6.8323300e-01   2.3617500e-01   6.9033900e-01   1.3004400e-01  -4.2223300e-01   1.4334200e-01
   2.8376000e-02   6.9088200e-01   2.2407200e-01   6.8678200e-01   1.3248700e-01  -4.1927400e-01   1.4895900e-01
   1.9935000e-02   7.0307000e-01   2.0584000e-01   6.8038600e-01   1.3688500e-01  -4.1265900e-01   1.5992400e-01
   1.1182000e-02   7.1407100e-01   1.8684600e-01   6.7458600e-01   1.4061800e-01  -4.0520500e-01   1.7043600e-01
   1.7360000e-03   7.2365000e-01   1.6803900e-01   6.6939600e-01   1.4367900e-01  -3.9708800e-01   1.8033900e-01
  -8.1100000e-03   7.3183600e-01   1.4988000e-01   6.6474500e-01   1.4611100e-01  -3.8856300e-01   1.8948000e-01
  -1.7679000e-02   7.3880100e-01   1.3182900e-01   6.6066700e-01   1.4792900e-01  -3.7975700e-01   1.9782900e-01
  -2.6021000e-02   7.4472900e-01   1.1295600e-01   6.5722300e-01   1.4911700e-01  -3.7075100e-01   2.0538900e-01
  -2.9466000e-02   7.4735400e-01   1.0300200e-01   6.5573200e-01   1.4944900e-01  -3.6618000e-01   2.0888500e-01
  -3.4870000e-02   7.5186900e-01   8.1869000e-02   6.5328000e-01   1.4965100e-01  -3.5695000e-01   2.1532500e-01
  -4.1089000e-02   7.5516900e-01   6.1847000e-02   6.5131100e-01   1.4914200e-01  -3.4735300e-01   2.2119600e-01
  -4.3691000e-02   7.5646900e-01   5.1649000e-02   6.5052200e-01   1.4869000e-01  -3.4255900e-01   2.2386400e-01
  -4.9615000e-02   7.5824600e-01   3.3207000e-02   6.4922900e-01   1.4753000e-01  -3.3320700e-01   2.2861600e-01
  -5.5977000e-02   7.5916200e-01   1.6800000e-02   6.4827300e-01   1.4603700e-01  -3.2417200e-01   2.3265500e-01
  -6.2229000e-02   7.5945100e-01   1.8180000e-03   6.4757900e-01   1.4425100e-01  -3.1545600e-01   2.3606400e-01
  -6.5192000e-02   7.5941000e-01  -5.2810000e-03   6.4731600e-01   1.4325800e-01  -3.1121300e-01   2.3755600e-01
  -6.9746000e-02   7.5900900e-01  -1.9873000e-02   6.4702800e-01   1.4106200e-01  -3.0294500e-01   2.4014900e-01
  -7.6772000e-02   7.5826000e-01  -3.0656000e-02   6.4669000e-01   1.3843700e-01  -2.9466700e-01   2.4229100e-01
  -8.2524000e-02   7.5716200e-01  -4.1570000e-02   6.4665900e-01   1.3557400e-01  -2.8667200e-01   2.4395600e-01
  -8.4856000e-02   7.5649600e-01  -4.7112000e-02   6.4675600e-01   1.3410400e-01  -2.8282900e-01   2.4462100e-01
  -8.9225000e-02   7.5499300e-01  -5.7429000e-02   6.4709100e-01   1.3110300e-01  -2.7548100e-01   2.4563600e-01
  -9.4356000e-02   7.5339100e-01  -6.5468000e-02   6.4746700e-01   1.2803900e-01  -2.6859200e-01   2.4626200e-01
  -9.9428000e-02   7.5164800e-01  -7.2201000e-02   6.4801700e-01   1.2492700e-01  -2.6220600e-01   2.4652400e-01
  -1.0247100e-01   7.4954300e-01  -7.9989000e-02   6.4906700e-01   1.2174800e-01  -2.5629200e-01   2.4645200e-01
  -1.0470400e-01   7.4717100e-01  -8.7483000e-02   6.5047700e-01   1.1857300e-01  -2.5093300e-01   2.4607900e-01
  -1.0752400e-01   7.4461100e-01  -9.3243000e-02   6.5214900e-01   1.1545100e-01  -2.4624300e-01   2.4541300e-01
  -1.1071200e-01   7.4196000e-01  -9.7461000e-02   6.5401800e-01   1.1236000e-01  -2.4215800e-01   2.4450400e-01
  -1.1239200e-01   7.3898800e-01  -1.0236800e-01   6.5634300e-01   1.0930700e-01  -2.3861500e-01   2.4339900e-01
  -1.1444800e-01   7.3767300e-01  -1.0308800e-01   6.5735300e-01   1.0780500e-01  -2.3703800e-01   2.4278700e-01
  -1.1552200e-01   7.3457600e-01  -1.0728800e-01   6.5995600e-01   1.0484300e-01  -2.3419300e-01   2.4147500e-01
  -1.1525100e-01   7.3122400e-01  -1.1218500e-01   6.6290500e-01   1.0193400e-01  -2.3175600e-01   2.4004900e-01
  -1.1448200e-01   7.2786000e-01  -1.1685800e-01   6.6592600e-01   9.9103000e-02  -2.2963500e-01   2.3856200e-01
  -1.1535600e-01   7.2482100e-01  -1.1919000e-01   6.6867100e-01   9.6479000e-02  -2.2793600e-01   2.3706600e-01
  -1.1702100e-01   7.2206400e-01  -1.2014600e-01   6.7118900e-01   9.4053000e-02  -2.2656400e-01   2.3559900e-01
  -1.1739400e-01   7.2068600e-01  -1.2091300e-01   6.7246600e-01   9.2902000e-02  -2.2596700e-01   2.3488300e-01
  -1.1697900e-01   7.1786500e-01  -1.2334900e-01   6.7510800e-01   9.0734000e-02  -2.2494300e-01   2.3349300e-01
  -1.1703600e-01   7.1536900e-01  -1.2487800e-01   6.7746200e-01   8.8733000e-02  -2.2406700e-01   2.3218000e-01
  -1.1794400e-01   7.1328800e-01  -1.2515500e-01   6.7944600e-01   8.6912000e-02  -2.2332500e-01   2.3095900e-01
  -1.1882000e-01   7.1241000e-01  -1.2474300e-01   6.8028900e-01   8.6065000e-02  -2.2300100e-01   2.3038300e-01
  -1.2016600e-01   7.1077000e-01  -1.2416100e-01   6.8187300e-01   8.4509000e-02  -2.2242900e-01   2.2931200e-01
  -1.2090800e-01   7.0920200e-01  -1.2395900e-01   6.8340900e-01   8.3060000e-02  -2.2193500e-01   2.2830400e-01
  -1.2142700e-01   7.0778800e-01  -1.2376500e-01   6.8481700e-01   8.1778000e-02  -2.2157100e-01   2.2739000e-01
  -1.2204200e-01   7.0656800e-01  -1.2323300e-01   6.8606200e-01   8.0685000e-02  -2.2138900e-01   2.2658000e-01
  -1.2242500e-01   7.0550000e-01  -1.2273400e-01   6.8718200e-01   7.9740000e-02  -2.2130900e-01   2.2586400e-01
  -1.2247800e-01   7.0449100e-01  -1.2244000e-01   6.8825900e-01   7.8942000e-02  -2.2136400e-01   2.2523000e-01
  -1.2211500e-01   7.0351600e-01  -1.2240500e-01   6.8932500e-01   7.8231000e-02  -2.2150900e-01   2.2464900e-01
  -1.2177500e-01   7.0304300e-01  -1.2249500e-01   6.8985200e-01   7.7901000e-02  -2.2159900e-01   2.2437600e-01
  -1.2118500e-01   7.0219300e-01  -1.2251200e-01   6.9081800e-01   7.7304000e-02  -2.2181500e-01   2.2387200e-01
  -1.2092700e-01   7.0151200e-01  -1.2205300e-01   6.9163600e-01   7.6725000e-02  -2.2201700e-01   2.2339500e-01
  -1.2061000e-01   7.0092800e-01  -1.2152500e-01   6.9237600e-01   7.6129000e-02  -2.2215800e-01   2.2292900e-01
  -1.2007400e-01   7.0034500e-01  -1.2121700e-01   6.9311300e-01   7.5515000e-02  -2.2223800e-01   2.2246400e-01
  -1.1946300e-01   6.9970000e-01  -1.2111300e-01   6.9388800e-01   7.4877000e-02  -2.2226600e-01   2.2198300e-01
  -1.1930400e-01   6.9907000e-01  -1.2069100e-01   6.9462300e-01   7.4218000e-02  -2.2225600e-01   2.2148300e-01
  -1.1947500e-01   6.9846200e-01  -1.2006900e-01   6.9531300e-01   7.3545000e-02  -2.2219200e-01   2.2097300e-01
  -1.2011500e-01   6.9822200e-01  -1.1928900e-01   6.9557700e-01   7.3210000e-02  -2.2214800e-01   2.2071700e-01
  -1.2009500e-01   6.9748800e-01  -1.1916700e-01   6.9633800e-01   7.2553000e-02  -2.2203800e-01   2.2020700e-01
  -1.1985700e-01   6.9671900e-01  -1.1938700e-01   6.9711100e-01   7.1922000e-02  -2.2189700e-01   2.1971700e-01
  -1.1993100e-01   6.9605200e-01  -1.1937000e-01   6.9776700e-01   7.1334000e-02  -2.2172800e-01   2.1926300e-01
  -1.2064100e-01   6.9557300e-01  -1.1873800e-01   6.9823000e-01   7.0790000e-02  -2.2153300e-01   2.1885100e-01
  -1.2109900e-01   6.9515900e-01  -1.1836200e-01   6.9862600e-01   7.0297000e-02  -2.2130100e-01   2.1849200e-01
  -1.2053000e-01   6.9468800e-01  -1.1900700e-01   6.9908400e-01   6.9859000e-02  -2.2103100e-01   2.1818800e-01
  -1.1970500e-01   6.9440800e-01  -1.1985500e-01   6.9935900e-01   6.9664000e-02  -2.2088800e-01   2.1806000e-01
  -1.1924000e-01   6.9414700e-01  -1.2031700e-01   6.9961800e-01   6.9323000e-02  -2.2060300e-01   2.1784900e-01
  -1.1949800e-01   6.9414100e-01  -1.1994600e-01   6.9964300e-01   6.9046000e-02  -2.2033600e-01   2.1769600e-01
  -1.1935900e-01   6.9417100e-01  -1.1992100e-01   6.9964200e-01   6.8842000e-02  -2.2009100e-01   2.1760200e-01
  -1.1874600e-01   6.9420200e-01  -1.2030300e-01   6.9965000e-01   6.8706000e-02  -2.1989100e-01   2.1755900e-01
  -1.1832900e-01   6.9430500e-01  -1.2047000e-01   6.9959000e-01   6.8631000e-02  -2.1974500e-01   2.1755400e-01
  -1.1818600e-01   6.9448100e-01  -1.2033300e-01   6.9946200e-01   6.8612000e-02  -2.1966600e-01   2.1758100e-01
