   4.0269000e-02   1.6555400e-01   4.9110000e-03   9.8536600e-01  -1.6142800e-01  -2.2187500e-01  -1.5510000e-02
   4.0603000e-02   1.6601800e-01   4.1600000e-03   9.8527800e-01  -1.6136800e-01  -2.2156600e-01  -1.5303000e-02
   4.0663000e-02   1.6641800e-01   3.5010000e-03   9.8521000e-01  -1.6131400e-01  -2.2127000e-01  -1.5132000e-02
   4.0627000e-02   1.6673900e-01   2.9300000e-03   9.8515900e-01  -1.6126600e-01  -2.2100800e-01  -1.5010000e-02
   4.1297000e-02   1.6700000e-01   2.3350000e-03   9.8508900e-01  -1.6121500e-01  -2.2079300e-01  -1.4943000e-02
   4.3032000e-02   1.6722700e-01   1.6270000e-03   9.8497800e-01  -1.6114600e-01  -2.2062900e-01  -1.4946000e-02
   4.6251000e-02   1.6737500e-01   7.9400000e-04   9.8480700e-01  -1.6107000e-01  -2.2053100e-01  -1.5030000e-02
   4.8851000e-02   1.6747100e-01   1.8600000e-04   9.8466600e-01  -1.6097900e-01  -2.2049800e-01  -1.5190000e-02
   5.1673000e-02   1.6754200e-01  -3.2900000e-04   9.8451000e-01  -1.6085800e-01  -2.2054600e-01  -1.5446000e-02
   5.6898000e-02   1.6759600e-01  -1.0770000e-03   9.8421200e-01  -1.6069100e-01  -2.2070300e-01  -1.5827000e-02
   6.7493000e-02   1.6768300e-01  -2.5610000e-03   9.8352500e-01  -1.6045900e-01  -2.2097600e-01  -1.6335000e-02
   7.9525000e-02   1.6789600e-01  -4.0980000e-03   9.8258300e-01  -1.6013000e-01  -2.2139700e-01  -1.6964000e-02
   9.1478000e-02   1.6829900e-01  -5.4300000e-03   9.8146700e-01  -1.5968000e-01  -2.2198800e-01  -1.7715000e-02
   1.0233400e-01   1.6894500e-01  -6.3820000e-03   9.8027800e-01  -1.5908900e-01  -2.2276600e-01  -1.8597000e-02
   1.1181300e-01   1.6987300e-01  -6.8490000e-03   9.7907800e-01  -1.5833800e-01  -2.2377100e-01  -1.9614000e-02
   1.1967500e-01   1.7110300e-01  -6.7910000e-03   9.7793400e-01  -1.5741600e-01  -2.2500300e-01  -2.0767000e-02
   1.2506100e-01   1.7265400e-01  -5.9890000e-03   9.7699200e-01  -1.5630200e-01  -2.2650100e-01  -2.2085000e-02
   1.2940900e-01   1.7450800e-01  -4.6470000e-03   9.7610400e-01  -1.5499000e-01  -2.2826600e-01  -2.3568000e-02
   1.3007600e-01   1.7663600e-01  -2.2290000e-03   9.7564100e-01  -1.5349200e-01  -2.3027800e-01  -2.5215000e-02
   1.3336500e-01   1.7662800e-01  -2.8250000e-03   9.7519700e-01  -1.5349200e-01  -2.3027800e-01  -2.5215000e-02
   1.3662600e-01   1.7897800e-01  -4.2800000e-04   9.7432000e-01  -1.5179900e-01  -2.3254300e-01  -2.7045000e-02
   1.3912500e-01   1.8154900e-01   2.6290000e-03   9.7348700e-01  -1.4991500e-01  -2.3506300e-01  -2.9042000e-02
   1.4252100e-01   1.8429500e-01   6.0490000e-03   9.7246400e-01  -1.4783000e-01  -2.3783900e-01  -3.1224000e-02
   1.4729600e-01   1.8725500e-01   9.7120000e-03   9.7115700e-01  -1.4552800e-01  -2.4085700e-01  -3.3576000e-02
   1.5343200e-01   1.9045100e-01   1.3631000e-02   9.6953700e-01  -1.4299700e-01  -2.4410000e-01  -3.6096000e-02
   1.6045200e-01   1.9392600e-01   1.7870000e-02   9.6764100e-01  -1.4021700e-01  -2.4755000e-01  -3.8768000e-02
   1.6656300e-01   1.9766000e-01   2.2805000e-02   9.6574700e-01  -1.3718700e-01  -2.5119100e-01  -4.1563000e-02
   1.7302600e-01   2.0172000e-01   2.8241000e-02   9.6362500e-01  -1.3389800e-01  -2.5500200e-01  -4.4464000e-02
   1.7961200e-01   2.0611400e-01   3.4208000e-02   9.6129400e-01  -1.3035800e-01  -2.5894700e-01  -4.7430000e-02
   1.8640700e-01   2.1091500e-01   4.0630000e-02   9.5870600e-01  -1.2654600e-01  -2.6300700e-01  -5.0418000e-02
   1.9219300e-01   2.1611400e-01   4.7789000e-02   9.5607200e-01  -1.2247000e-01  -2.6715500e-01  -5.3377000e-02
   1.9692700e-01   2.2172200e-01   5.5634000e-02   9.5339600e-01  -1.1811400e-01  -2.7138300e-01  -5.6265000e-02
   2.0069500e-01   2.2773300e-01   6.4092000e-02   9.5065800e-01  -1.1347700e-01  -2.7568000e-01  -5.9043000e-02
   2.0321200e-01   2.3415200e-01   7.3199000e-02   9.4790300e-01  -1.0856600e-01  -2.8003500e-01  -6.1645000e-02
   2.0617900e-01   2.4113100e-01   8.2479000e-02   9.4474500e-01  -1.0337300e-01  -2.8444600e-01  -6.4031000e-02
   2.1347500e-01   2.5706300e-01   1.0124900e-01   9.3706800e-01  -9.2212000e-02  -2.9339700e-01  -6.7875000e-02
   2.1209400e-01   2.6500400e-01   1.1192500e-01   9.3394900e-01  -8.6454000e-02  -2.9780900e-01  -6.9306000e-02
   2.1195900e-01   2.8114800e-01   1.3175400e-01   9.2664500e-01  -7.5021000e-02  -3.0619400e-01  -7.1406000e-02
   2.0984500e-01   2.9668100e-01   1.5068800e-01   9.1936900e-01  -6.3888000e-02  -3.1394100e-01  -7.2607000e-02
   2.0984500e-01   2.9668100e-01   1.5068800e-01   9.1936900e-01  -6.3888000e-02  -3.1394100e-01  -7.2607000e-02
   2.0984500e-01   2.9668100e-01   1.5068800e-01   9.1936900e-01  -6.3888000e-02  -3.1394100e-01  -7.2607000e-02
   2.0984500e-01   2.9668100e-01   1.5068800e-01   9.1936900e-01  -6.3888000e-02  -3.1394100e-01  -7.2607000e-02
   2.0984500e-01   2.9668100e-01   1.5068800e-01   9.1936900e-01  -6.3888000e-02  -3.1394100e-01  -7.2607000e-02
   2.0984500e-01   2.9668100e-01   1.5068800e-01   9.1936900e-01  -6.3888000e-02  -3.1394100e-01  -7.2607000e-02
   2.0984500e-01   2.9668100e-01   1.5068800e-01   9.1936900e-01  -6.3888000e-02  -3.1394100e-01  -7.2607000e-02
   2.0984500e-01   2.9668100e-01   1.5068800e-01   9.1936900e-01  -6.3888000e-02  -3.1394100e-01  -7.2607000e-02
   2.0984500e-01   2.9668100e-01   1.5068800e-01   9.1936900e-01  -6.3888000e-02  -3.1394100e-01  -7.2607000e-02
   2.0984500e-01   2.9668100e-01   1.5068800e-01   9.1936900e-01  -6.3888000e-02  -3.1394100e-01  -7.2607000e-02
   2.0984500e-01   2.9668100e-01   1.5068800e-01   9.1936900e-01  -6.3888000e-02  -3.1394100e-01  -7.2607000e-02
   2.0984500e-01   2.9668100e-01   1.5068800e-01   9.1936900e-01  -6.3888000e-02  -3.1394100e-01  -7.2607000e-02
   2.0984500e-01   2.9668100e-01   1.5068800e-01   9.1936900e-01  -6.3888000e-02  -3.1394100e-01  -7.2607000e-02
   2.0984500e-01   2.9668100e-01   1.5068800e-01   9.1936900e-01  -6.3888000e-02  -3.1394100e-01  -7.2607000e-02
   2.0984500e-01   2.9668100e-01   1.5068800e-01   9.1936900e-01  -6.3888000e-02  -3.1394100e-01  -7.2607000e-02
   1.6354100e-01   4.5852400e-01   2.9873100e-01   8.2083500e-01   4.2562000e-02  -4.1711100e-01  -2.7351000e-02
   1.5667200e-01   4.7159400e-01   3.0469600e-01   8.1253500e-01   4.9995000e-02  -4.2402500e-01  -1.9431000e-02
   1.4980200e-01   4.8551200e-01   3.0957600e-01   8.0374100e-01   5.7774000e-02  -4.3051200e-01  -1.0898000e-02
   1.4269900e-01   5.0023600e-01   3.1320500e-01   7.9454600e-01   6.5965000e-02  -4.3654100e-01  -1.7130000e-03
   1.3259500e-01   5.1467100e-01   3.1732700e-01   7.8538900e-01   7.4545000e-02  -4.4202400e-01   8.1420000e-03
   1.3486700e-01   5.1558700e-01   3.1583700e-01   7.8500200e-01   7.4545000e-02  -4.4202400e-01   8.1420000e-03
   1.2598400e-01   5.3195200e-01   3.1725400e-01   7.7492300e-01   8.3680000e-02  -4.4693400e-01   1.9001000e-02
   1.1363200e-01   5.4873200e-01   3.1874700e-01   7.6444800e-01   9.3605000e-02  -4.5120900e-01   3.1113000e-02
   1.0278000e-01   5.6713700e-01   3.1737200e-01   7.5303800e-01   1.0402600e-01  -4.5460500e-01   4.3945000e-02
   9.0758000e-02   5.8520800e-01   3.1530300e-01   7.4153800e-01   1.1453100e-01  -4.5691600e-01   5.7005000e-02
   7.7713000e-02   6.0286900e-01   3.1250700e-01   7.2996500e-01   1.2498300e-01  -4.5808000e-01   7.0218000e-02
   6.4765000e-02   6.2048900e-01   3.0786200e-01   7.1834500e-01   1.3533300e-01  -4.5807400e-01   8.3528000e-02
   5.2207000e-02   6.3812900e-01   3.0100300e-01   7.0672700e-01   1.4555100e-01  -4.5689600e-01   9.6878000e-02
   3.9487000e-02   6.5538800e-01   2.9239100e-01   6.9528000e-01   1.5553900e-01  -4.5454100e-01   1.1016400e-01
   3.3007000e-02   6.6380700e-01   2.8746100e-01   6.8966400e-01   1.6044800e-01  -4.5293700e-01   1.1675200e-01
   1.9740000e-02   6.8015900e-01   2.7651700e-01   6.7862600e-01   1.7001500e-01  -4.4886600e-01   1.2978200e-01
   6.3110000e-03   6.9588600e-01   2.6405200e-01   6.6781700e-01   1.7915200e-01  -4.4366400e-01   1.4255500e-01
  -7.8190000e-03   7.1060700e-01   2.5088200e-01   6.5729300e-01   1.8771600e-01  -4.3738200e-01   1.5495700e-01
  -2.2144000e-02   7.2431600e-01   2.3695600e-01   6.4709200e-01   1.9565700e-01  -4.3018200e-01   1.6681400e-01
  -3.5885000e-02   7.3721400e-01   2.2171100e-01   6.3723800e-01   2.0289000e-01  -4.2216800e-01   1.7806400e-01
  -4.8931000e-02   7.4926500e-01   2.0521900e-01   6.2776800e-01   2.0936300e-01  -4.1344500e-01   1.8867700e-01
  -6.1847000e-02   7.6022200e-01   1.8841900e-01   6.1865700e-01   2.1504200e-01  -4.0413300e-01   1.9862400e-01
  -7.4993000e-02   7.6987700e-01   1.7220500e-01   6.0992700e-01   2.1987700e-01  -3.9440500e-01   2.0784500e-01
  -8.0238000e-02   7.7459700e-01   1.6250400e-01   6.0593300e-01   2.2200900e-01  -3.8942400e-01   2.1218300e-01
  -9.1659000e-02   7.8283200e-01   1.4476900e-01   5.9817600e-01   2.2564300e-01  -3.7929200e-01   2.2033100e-01
  -1.0201500e-01   7.9014600e-01   1.2673800e-01   5.9093200e-01   2.2839200e-01  -3.6902100e-01   2.2780700e-01
  -1.1124500e-01   7.9659800e-01   1.0861500e-01   5.8417400e-01   2.3029700e-01  -3.5871400e-01   2.3464200e-01
  -1.2031000e-01   8.0206200e-01   9.1506000e-02   5.7779700e-01   2.3144400e-01  -3.4838800e-01   2.4090000e-01
  -1.2843100e-01   8.0675400e-01   7.4611000e-02   5.7191500e-01   2.3191500e-01  -3.3815000e-01   2.4659000e-01
  -1.3556100e-01   8.1075100e-01   5.7885000e-02   5.6652900e-01   2.3178000e-01  -3.2803500e-01   2.5175000e-01
  -1.4199600e-01   8.1410700e-01   4.1658000e-02   5.6154400e-01   2.3110600e-01  -3.1803400e-01   2.5643100e-01
  -1.4743000e-01   8.1693200e-01   2.5534000e-02   5.5698700e-01   2.2998400e-01  -3.0818200e-01   2.6065700e-01
  -1.5071600e-01   8.1813000e-01   1.8953000e-02   5.5460700e-01   2.2926400e-01  -3.0332800e-01   2.6260400e-01
  -1.5446900e-01   8.2022600e-01   2.7750000e-03   5.5078200e-01   2.2755700e-01  -2.9377900e-01   2.6617100e-01
  -1.5712200e-01   8.2179700e-01  -1.3523000e-02   5.4752100e-01   2.2557600e-01  -2.8451200e-01   2.6930300e-01
  -1.5995600e-01   8.2291700e-01  -2.8091000e-02   5.4445600e-01   2.2342000e-01  -2.7557800e-01   2.7201600e-01
  -1.6312100e-01   8.2368600e-01  -4.0805000e-02   5.4154300e-01   2.2113600e-01  -2.6699200e-01   2.7433900e-01
  -1.6460500e-01   8.2401200e-01  -5.4770000e-02   5.3936000e-01   2.1874800e-01  -2.5875500e-01   2.7630500e-01
  -1.6514000e-01   8.2384700e-01  -6.9171000e-02   5.3779300e-01   2.1627900e-01  -2.5086700e-01   2.7793300e-01
  -1.6509400e-01   8.2180600e-01  -8.0658000e-02   5.3932700e-01   2.1332100e-01  -2.4374300e-01   2.8137700e-01
  -1.6683400e-01   8.2028500e-01  -8.2170000e-02   5.4087600e-01   2.1160000e-01  -2.4044900e-01   2.8393300e-01
  -1.6854100e-01   8.1636300e-01  -8.6664000e-02   5.4556000e-01   2.0793000e-01  -2.3410200e-01   2.8939300e-01
  -1.6832300e-01   8.1167100e-01  -9.3187000e-02   5.5151900e-01   2.0405700e-01  -2.2790000e-01   2.9482200e-01
  -1.6888000e-01   8.0927000e-01  -9.5348000e-02   5.5450100e-01   2.0201300e-01  -2.2477000e-01   2.9748600e-01
  -1.6978000e-01   8.0419900e-01  -9.9847000e-02   5.6077600e-01   1.9782800e-01  -2.1861100e-01   3.0252200e-01
  -1.7183000e-01   7.9917900e-01  -1.0241600e-01   5.6683100e-01   1.9362500e-01  -2.1269000e-01   3.0712600e-01
  -1.7422300e-01   7.9415200e-01  -1.0419700e-01   5.7281000e-01   1.8946800e-01  -2.0704800e-01   3.1133200e-01
  -1.7636100e-01   7.8903700e-01  -1.0606200e-01   5.7885100e-01   1.8537700e-01  -2.0169800e-01   3.1516300e-01
  -1.7752000e-01   7.8372200e-01  -1.0903300e-01   5.8513100e-01   1.8135700e-01  -1.9662800e-01   3.1863000e-01
  -1.7893200e-01   7.7839700e-01  -1.1147900e-01   5.9131500e-01   1.7738000e-01  -1.9183000e-01   3.2176400e-01
  -1.8126800e-01   7.7323700e-01  -1.1238800e-01   5.9717200e-01   1.7347500e-01  -1.8732600e-01   3.2463900e-01
  -1.8248000e-01   7.7068500e-01  -1.1263200e-01   6.0004900e-01   1.7155500e-01  -1.8518100e-01   3.2599700e-01
  -1.8472100e-01   7.6557200e-01  -1.1306200e-01   6.0580100e-01   1.6777800e-01  -1.8109300e-01   3.2858400e-01
  -1.8568600e-01   7.6027600e-01  -1.1470900e-01   6.1183600e-01   1.6408400e-01  -1.7725900e-01   3.3100200e-01
  -1.8604900e-01   7.5501600e-01  -1.1660600e-01   6.1785000e-01   1.6050000e-01  -1.7367500e-01   3.3325600e-01
  -1.8693100e-01   7.5000100e-01  -1.1738200e-01   6.2352000e-01   1.5701400e-01  -1.7032400e-01   3.3537200e-01
  -1.8838400e-01   7.4521300e-01  -1.1704400e-01   6.2886300e-01   1.5363100e-01  -1.6722900e-01   3.3736100e-01
  -1.8935800e-01   7.4051800e-01  -1.1684700e-01   6.3413200e-01   1.5037100e-01  -1.6438600e-01   3.3922200e-01
  -1.8961100e-01   7.3590800e-01  -1.1712300e-01   6.3935100e-01   1.4724600e-01  -1.6177300e-01   3.4094400e-01
  -1.8932000e-01   7.3143200e-01  -1.1768900e-01   6.4444900e-01   1.4427200e-01  -1.5936900e-01   3.4254200e-01
  -1.8902700e-01   7.2925300e-01  -1.1802700e-01   6.4693800e-01   1.4284200e-01  -1.5824200e-01   3.4329800e-01
  -1.8814600e-01   7.2500900e-01  -1.1886600e-01   6.5179300e-01   1.4011000e-01  -1.5614200e-01   3.4471900e-01
  -1.8720000e-01   7.2099300e-01  -1.1963300e-01   6.5636300e-01   1.3755600e-01  -1.5423100e-01   3.4601000e-01
  -1.8694200e-01   7.1735500e-01  -1.1955000e-01   6.6042500e-01   1.3518400e-01  -1.5249400e-01   3.4717500e-01
  -1.8669300e-01   7.1394100e-01  -1.1945400e-01   6.6420200e-01   1.3298800e-01  -1.5090100e-01   3.4822600e-01
  -1.8666700e-01   7.1077200e-01  -1.1915600e-01   6.6765300e-01   1.3096000e-01  -1.4944000e-01   3.4917100e-01
  -1.8700700e-01   7.0785700e-01  -1.1850600e-01   6.7076300e-01   1.2908600e-01  -1.4808500e-01   3.5003000e-01
  -1.8719200e-01   7.0646700e-01  -1.1819100e-01   6.7223100e-01   1.2820600e-01  -1.4744100e-01   3.5043300e-01
  -1.8715800e-01   7.0375200e-01  -1.1801900e-01   6.7511200e-01   1.2654400e-01  -1.4621100e-01   3.5117900e-01
  -1.8715500e-01   7.0121800e-01  -1.1785800e-01   6.7777200e-01   1.2502000e-01  -1.4504600e-01   3.5186900e-01
  -1.8717800e-01   6.9887600e-01  -1.1768200e-01   6.8021200e-01   1.2364200e-01  -1.4395300e-01   3.5251600e-01
  -1.8729800e-01   6.9673800e-01  -1.1740200e-01   6.8241700e-01   1.2239500e-01  -1.4292800e-01   3.5312100e-01
  -1.8722800e-01   6.9474100e-01  -1.1734300e-01   6.8447900e-01   1.2126900e-01  -1.4195800e-01   3.5368100e-01
  -1.8702400e-01   6.9290900e-01  -1.1737700e-01   6.8638300e-01   1.2026300e-01  -1.4104800e-01   3.5421400e-01
  -1.8681000e-01   6.9125200e-01  -1.1733200e-01   6.8811800e-01   1.1935800e-01  -1.4020600e-01   3.5472700e-01
  -1.8671900e-01   6.9048200e-01  -1.1726000e-01   6.8892800e-01   1.1893900e-01  -1.3981000e-01   3.5497800e-01
  -1.8642200e-01   6.8900700e-01  -1.1720500e-01   6.9049200e-01   1.1816800e-01  -1.3906800e-01   3.5547200e-01
  -1.8636700e-01   6.8768200e-01  -1.1686700e-01   6.9188300e-01   1.1748000e-01  -1.3839700e-01   3.5595400e-01
  -1.8655900e-01   6.8647900e-01  -1.1619000e-01   6.9314000e-01   1.1686000e-01  -1.3781300e-01   3.5644000e-01
  -1.8651100e-01   6.8529100e-01  -1.1572500e-01   6.9440500e-01   1.1628800e-01  -1.3730000e-01   3.5690800e-01
  -1.8581700e-01   6.8406700e-01  -1.1588400e-01   6.9577000e-01   1.1576200e-01  -1.3685000e-01   3.5735300e-01
  -1.8508600e-01   6.8290600e-01  -1.1602900e-01   6.9708000e-01   1.1528100e-01  -1.3647000e-01   3.5778300e-01
  -1.8425900e-01   6.8183900e-01  -1.1618900e-01   6.9831500e-01   1.1483000e-01  -1.3616300e-01   3.5817800e-01
  -1.8345700e-01   6.8090700e-01  -1.1626900e-01   6.9942200e-01   1.1441700e-01  -1.3591200e-01   3.5853400e-01
  -1.8293200e-01   6.8012500e-01  -1.1607900e-01   7.0035100e-01   1.1403900e-01  -1.3571200e-01   3.5884900e-01
  -1.8279900e-01   6.7979900e-01  -1.1584900e-01   7.0074000e-01   1.1386600e-01  -1.3562900e-01   3.5899500e-01
  -1.8174700e-01   6.7911400e-01  -1.1615500e-01   7.0162700e-01   1.1356000e-01  -1.3548000e-01   3.5926400e-01
  -1.8047700e-01   6.7849700e-01  -1.1669700e-01   7.0246100e-01   1.1331200e-01  -1.3536100e-01   3.5951000e-01
  -1.7982000e-01   6.7809600e-01  -1.1665700e-01   7.0302400e-01   1.1312600e-01  -1.3527900e-01   3.5973500e-01
  -1.7950600e-01   6.7784000e-01  -1.1627900e-01   7.0341200e-01   1.1298800e-01  -1.3522900e-01   3.5994600e-01
  -1.7901300e-01   6.7763800e-01  -1.1606100e-01   7.0376900e-01   1.1290700e-01  -1.3521400e-01   3.6015700e-01
  -1.7878400e-01   6.7756000e-01  -1.1593000e-01   7.0392400e-01   1.1288600e-01  -1.3521400e-01   3.6026600e-01
  -1.7811200e-01   6.7740400e-01  -1.1589700e-01   7.0425000e-01   1.1289100e-01  -1.3522600e-01   3.6049300e-01
  -1.7778700e-01   6.7734500e-01  -1.1558600e-01   7.0444000e-01   1.1295500e-01  -1.3524500e-01   3.6072800e-01
  -1.7780700e-01   6.7735800e-01  -1.1493100e-01   7.0452900e-01   1.1306700e-01  -1.3527800e-01   3.6099000e-01
  -1.7782600e-01   6.7738100e-01  -1.1430800e-01   7.0460400e-01   1.1321500e-01  -1.3532000e-01   3.6126000e-01
  -1.7732700e-01   6.7734700e-01  -1.1423900e-01   7.0477300e-01   1.1339300e-01  -1.3535600e-01   3.6152700e-01
  -1.7671800e-01   6.7731800e-01  -1.1436300e-01   7.0493400e-01   1.1358300e-01  -1.3536700e-01   3.6177300e-01
  -1.7646400e-01   6.7736400e-01  -1.1422000e-01   7.0497700e-01   1.1379100e-01  -1.3537400e-01   3.6200300e-01
  -1.7636900e-01   6.7740100e-01  -1.1413800e-01   7.0497800e-01   1.1389400e-01  -1.3537200e-01   3.6211000e-01
  -1.7608200e-01   6.7748000e-01  -1.1410100e-01   7.0498000e-01   1.1408500e-01  -1.3534600e-01   3.6230100e-01
  -1.7552000e-01   6.7755100e-01  -1.1440300e-01   7.0500300e-01   1.1427600e-01  -1.3528400e-01   3.6246400e-01
  -1.7513300e-01   6.7766600e-01  -1.1455400e-01   7.0496400e-01   1.1445100e-01  -1.3520800e-01   3.6260900e-01
  -1.7528900e-01   6.7778000e-01  -1.1430200e-01   7.0485700e-01   1.1453100e-01  -1.3516200e-01   3.6267600e-01
  -1.7518500e-01   6.7792200e-01  -1.1424800e-01   7.0475500e-01   1.1467500e-01  -1.3504300e-01   3.6280000e-01
  -1.7480800e-01   6.7800800e-01  -1.1451600e-01   7.0472200e-01   1.1479600e-01  -1.3489600e-01   3.6290200e-01
  -1.7449900e-01   6.7808100e-01  -1.1477900e-01   7.0468600e-01   1.1489900e-01  -1.3472700e-01   3.6299200e-01
  -1.7438200e-01   6.7815600e-01  -1.1490600e-01   7.0462200e-01   1.1498200e-01  -1.3453800e-01   3.6307100e-01
  -1.7432600e-01   6.7823200e-01  -1.1495600e-01   7.0455500e-01   1.1505200e-01  -1.3435000e-01   3.6314800e-01
