   9.6868000e-02   1.5351900e-01   3.6139000e-02   9.8272200e-01  -1.6526700e-01  -2.3146700e-01  -1.9264000e-02
   9.3942000e-02   1.5389800e-01   3.6408000e-02   9.8293700e-01  -1.6527200e-01  -2.3150400e-01  -1.8773000e-02
   9.1508000e-02   1.5380700e-01   3.6788000e-02   9.8316600e-01  -1.6527200e-01  -2.3150400e-01  -1.8773000e-02
   9.0720000e-02   1.5417100e-01   3.6799000e-02   9.8318200e-01  -1.6523500e-01  -2.3150500e-01  -1.8539000e-02
   9.0067000e-02   1.5468000e-01   3.6717000e-02   9.8316500e-01  -1.6514600e-01  -2.3150600e-01  -1.8336000e-02
   8.9227000e-02   1.5531300e-01   3.6656000e-02   9.8314400e-01  -1.6501800e-01  -2.3150100e-01  -1.8157000e-02
   8.8410000e-02   1.5609300e-01   3.6614000e-02   9.8309600e-01  -1.6484500e-01  -2.3147800e-01  -1.8012000e-02
   8.8259000e-02   1.5703900e-01   3.6520000e-02   9.8296300e-01  -1.6462400e-01  -2.3144800e-01  -1.7920000e-02
   8.8227000e-02   1.5810500e-01   3.6462000e-02   9.8279700e-01  -1.6434700e-01  -2.3143500e-01  -1.7902000e-02
   8.7689000e-02   1.5926500e-01   3.6568000e-02   9.8265400e-01  -1.6400500e-01  -2.3145600e-01  -1.7988000e-02
   8.6525000e-02   1.6048500e-01   3.6901000e-02   9.8254600e-01  -1.6359100e-01  -2.3154000e-01  -1.8207000e-02
   8.5123000e-02   1.6171500e-01   3.7446000e-02   9.8244600e-01  -1.6310700e-01  -2.3171400e-01  -1.8587000e-02
   8.4212000e-02   1.6298100e-01   3.8109000e-02   9.8229000e-01  -1.6253300e-01  -2.3200600e-01  -1.9175000e-02
   8.3647000e-02   1.6422900e-01   3.8982000e-02   9.8209600e-01  -1.6187500e-01  -2.3243000e-01  -1.9985000e-02
   8.3896000e-02   1.6548800e-01   4.0024000e-02   9.8182100e-01  -1.6111100e-01  -2.3301700e-01  -2.1048000e-02
   8.5866000e-02   1.6681500e-01   4.1119000e-02   9.8138100e-01  -1.6022300e-01  -2.3378500e-01  -2.2378000e-02
   9.0776000e-02   1.6834100e-01   4.2051000e-02   9.8063900e-01  -1.5917600e-01  -2.3473900e-01  -2.3990000e-02
   9.7693000e-02   1.7007700e-01   4.2972000e-02   9.7963400e-01  -1.5795400e-01  -2.3588400e-01  -2.5862000e-02
   1.0502000e-01   1.7200100e-01   4.4203000e-02   9.7848500e-01  -1.5653800e-01  -2.3723200e-01  -2.7984000e-02
   1.0562400e-01   1.7384400e-01   4.7022000e-02   9.7796300e-01  -1.5489300e-01  -2.3880500e-01  -3.0341000e-02
   1.1002100e-01   1.7405400e-01   4.6239000e-02   9.7747800e-01  -1.5489300e-01  -2.3880500e-01  -3.0341000e-02
   1.1183300e-01   1.7625200e-01   4.9243000e-02   9.7673100e-01  -1.5299600e-01  -2.4058500e-01  -3.2899000e-02
   1.1194500e-01   1.7869500e-01   5.2959000e-02   9.7608000e-01  -1.5082000e-01  -2.4257100e-01  -3.5637000e-02
   1.1203000e-01   1.8146800e-01   5.7050000e-02   9.7532800e-01  -1.4833800e-01  -2.4480800e-01  -3.8519000e-02
   1.1261200e-01   1.8460300e-01   6.1483000e-02   9.7440200e-01  -1.4556400e-01  -2.4728000e-01  -4.1483000e-02
   1.1336900e-01   1.8811400e-01   6.6354000e-02   9.7332300e-01  -1.4249500e-01  -2.4996900e-01  -4.4482000e-02
   1.1480400e-01   1.9204400e-01   7.1598000e-02   9.7201500e-01  -1.3913700e-01  -2.5287600e-01  -4.7463000e-02
   1.1887900e-01   1.9660300e-01   7.6838000e-02   9.7021200e-01  -1.3548500e-01  -2.5600600e-01  -5.0368000e-02
   1.2584400e-01   2.0189300e-01   8.2021000e-02   9.6782000e-01  -1.3154800e-01  -2.5933800e-01  -5.3147000e-02
   1.3353400e-01   2.0781700e-01   8.7513000e-02   9.6505000e-01  -1.2731500e-01  -2.6288200e-01  -5.5750000e-02
   1.3865000e-01   2.1412800e-01   9.4035000e-02   9.6233200e-01  -1.2278200e-01  -2.6663600e-01  -5.8128000e-02
   1.4363000e-01   2.2108500e-01   1.0113300e-01   9.5930400e-01  -1.1795900e-01  -2.7056700e-01  -6.0235000e-02
   1.4941700e-01   2.2882000e-01   1.0865000e-01   9.5577800e-01  -1.1287300e-01  -2.7466000e-01  -6.2017000e-02
   1.5572400e-01   2.3735000e-01   1.1651800e-01   9.5175600e-01  -1.0751900e-01  -2.7891000e-01  -6.3448000e-02
   1.6056700e-01   2.4645900e-01   1.2513000e-01   9.4753300e-01  -1.0187200e-01  -2.8331200e-01  -6.4528000e-02
   1.6312200e-01   2.5600900e-01   1.3468300e-01   9.4324500e-01  -9.5924000e-02  -2.8785000e-01  -6.5250000e-02
   1.6443900e-01   2.6612500e-01   1.4484900e-01   9.3869900e-01  -8.9643000e-02  -2.9254100e-01  -6.5609000e-02
   1.7359900e-01   2.7827600e-01   1.5297400e-01   9.3221500e-01  -8.3064000e-02  -2.9735100e-01  -6.5568000e-02
   1.7919000e-01   3.0269000e-01   1.7288900e-01   9.1998800e-01  -6.9179000e-02  -3.0705600e-01  -6.4337000e-02
   1.8412500e-01   3.2750300e-01   1.9140100e-01   9.0675500e-01  -5.5282000e-02  -3.1609900e-01  -6.2207000e-02
   1.8412500e-01   3.2750300e-01   1.9140100e-01   9.0675500e-01  -5.5282000e-02  -3.1609900e-01  -6.2207000e-02
   1.8412500e-01   3.2750300e-01   1.9140100e-01   9.0675500e-01  -5.5282000e-02  -3.1609900e-01  -6.2207000e-02
   1.8412500e-01   3.2750300e-01   1.9140100e-01   9.0675500e-01  -5.5282000e-02  -3.1609900e-01  -6.2207000e-02
   1.8412500e-01   3.2750300e-01   1.9140100e-01   9.0675500e-01  -5.5282000e-02  -3.1609900e-01  -6.2207000e-02
   1.8412500e-01   3.2750300e-01   1.9140100e-01   9.0675500e-01  -5.5282000e-02  -3.1609900e-01  -6.2207000e-02
   1.8239000e-01   4.1195000e-01   2.7105000e-01   8.5062500e-01  -3.9850000e-03  -3.6352700e-01  -4.6646000e-02
   1.8028100e-01   4.2090700e-01   2.8199300e-01   8.4309900e-01   2.1210000e-03  -3.7295700e-01  -4.2916000e-02
   1.7719300e-01   4.3063900e-01   2.9226500e-01   8.3530500e-01   8.6680000e-03  -3.8223500e-01  -3.8518000e-02
   1.7054500e-01   4.4011100e-01   3.0330500e-01   8.2778200e-01   1.5635000e-02  -3.9128400e-01  -3.3473000e-02
   1.6903700e-01   4.4592300e-01   3.0750800e-01   8.2341800e-01   1.9300000e-02  -3.9573900e-01  -3.0686000e-02
   1.6055500e-01   4.5660600e-01   3.1782000e-01   8.1530600e-01   2.7094000e-02  -4.0454300e-01  -2.4408000e-02
   1.5169100e-01   4.6841500e-01   3.2737400e-01   8.0647600e-01   3.5487000e-02  -4.1312400e-01  -1.7276000e-02
   1.4352700e-01   4.8141000e-01   3.3544000e-01   7.9694700e-01   4.4346000e-02  -4.2125400e-01  -9.4990000e-03
   1.3393100e-01   4.9450900e-01   3.4312800e-01   7.8726500e-01   5.3590000e-02  -4.2880400e-01  -1.1840000e-03
   1.3406200e-01   5.0346200e-01   3.4329200e-01   7.8147500e-01   5.8292000e-02  -4.3229800e-01   3.1780000e-03
   1.2815100e-01   5.1911400e-01   3.4635000e-01   7.7080400e-01   6.7821000e-02  -4.3869500e-01   1.2244000e-02
   1.2199300e-01   5.3516200e-01   3.4792800e-01   7.6004300e-01   7.7542000e-02  -4.4431700e-01   2.1713000e-02
   1.1606700e-01   5.5173800e-01   3.4745700e-01   7.4925800e-01   8.7432000e-02  -4.4913300e-01   3.1536000e-02
   1.1027800e-01   5.6866600e-01   3.4516800e-01   7.3845500e-01   9.7370000e-02  -4.5308400e-01   4.1654000e-02
   1.0349800e-01   5.8531700e-01   3.4197100e-01   7.2783700e-01   1.0720200e-01  -4.5609300e-01   5.2046000e-02
   9.6049000e-02   6.0172200e-01   3.3758700e-01   7.1745400e-01   1.1686800e-01  -4.5814700e-01   6.2657000e-02
   9.1711000e-02   6.0961000e-01   3.3531300e-01   7.1241100e-01   1.2161000e-01  -4.5881600e-01   6.8016000e-02
   8.1976000e-02   6.2479000e-01   3.3054600e-01   7.0260700e-01   1.3088300e-01  -4.5944200e-01   7.8814000e-02
   7.0197000e-02   6.3898500e-01   3.2598600e-01   6.9318400e-01   1.3986900e-01  -4.5909600e-01   8.9791000e-02
   5.7784000e-02   6.5266500e-01   3.2082900e-01   6.8392900e-01   1.4839500e-01  -4.5777000e-01   1.0083200e-01
   4.5216000e-02   6.6588200e-01   3.1499100e-01   6.7478700e-01   1.5639500e-01  -4.5552700e-01   1.1179900e-01
   3.3307000e-02   6.7895600e-01   3.0762200e-01   6.6579100e-01   1.6383600e-01  -4.5240500e-01   1.2264600e-01
   2.2331000e-02   6.9201200e-01   2.9844100e-01   6.5692800e-01   1.7069500e-01  -4.4842700e-01   1.3336700e-01
   1.2414000e-02   7.0501500e-01   2.8727500e-01   6.4828400e-01   1.7700000e-01  -4.4366800e-01   1.4389100e-01
   1.7730000e-03   7.1715900e-01   2.7600300e-01   6.3992400e-01   1.8277900e-01  -4.3816400e-01   1.5420300e-01
  -2.3260000e-03   7.2354200e-01   2.6864000e-01   6.3585700e-01   1.8549700e-01  -4.3515600e-01   1.5926500e-01
  -1.3199000e-02   7.3467500e-01   2.5633100e-01   6.2799100e-01   1.9053700e-01  -4.2864900e-01   1.6916200e-01
  -2.4376000e-02   7.4491800e-01   2.4398300e-01   6.2046300e-01   1.9503200e-01  -4.2159900e-01   1.7865600e-01
  -3.5062000e-02   7.5457500e-01   2.3081500e-01   6.1327900e-01   1.9892900e-01  -4.1403700e-01   1.8774400e-01
  -4.4874000e-02   7.6369600e-01   2.1645900e-01   6.0654800e-01   2.0219500e-01  -4.0603500e-01   1.9639000e-01
  -5.4655000e-02   7.7189000e-01   2.0209700e-01   6.0029600e-01   2.0488000e-01  -3.9771200e-01   2.0452900e-01
  -6.3716000e-02   7.7946100e-01   1.8704900e-01   5.9446900e-01   2.0693100e-01  -3.8906200e-01   2.1221900e-01
  -6.9046000e-02   7.8269800e-01   1.8068400e-01   5.9158300e-01   2.0770800e-01  -3.8460700e-01   2.1591200e-01
  -7.8177000e-02   7.8905300e-01   1.6633700e-01   5.8618700e-01   2.0882000e-01  -3.7551400e-01   2.2296400e-01
  -8.5215000e-02   7.9516300e-01   1.4980800e-01   5.8138800e-01   2.0942300e-01  -3.6627900e-01   2.2952900e-01
  -9.0159000e-02   8.0094800e-01   1.3105300e-01   5.7721600e-01   2.0951900e-01  -3.5690800e-01   2.3564100e-01
  -9.3410000e-02   8.0648900e-01   1.1083800e-01   5.7320600e-01   2.0918000e-01  -3.4729000e-01   2.4143500e-01
  -9.7833000e-02   8.1074300e-01   9.3102000e-02   5.6961100e-01   2.0838300e-01  -3.3776900e-01   2.4666200e-01
  -1.0166600e-01   8.1425900e-01   7.5780000e-02   5.6648300e-01   2.0721500e-01  -3.2840600e-01   2.5135900e-01
  -1.0487400e-01   8.1714800e-01   5.8728000e-02   5.6375700e-01   2.0570400e-01  -3.1915700e-01   2.5559200e-01
  -1.0592800e-01   8.1840700e-01   4.9889000e-02   5.6258400e-01   2.0483600e-01  -3.1459000e-01   2.5754000e-01
  -1.0757900e-01   8.2051000e-01   3.2470000e-02   5.6047800e-01   2.0292300e-01  -3.0557900e-01   2.6111700e-01
  -1.0989800e-01   8.2205800e-01   1.7151000e-02   5.5843500e-01   2.0081200e-01  -2.9672500e-01   2.6429600e-01
  -1.1325700e-01   8.2317000e-01   4.4620000e-03   5.5636700e-01   1.9854400e-01  -2.8805300e-01   2.6709200e-01
  -1.1746200e-01   8.2397900e-01  -5.7740000e-03   5.5428200e-01   1.9617000e-01  -2.7963700e-01   2.6951100e-01
  -1.2000400e-01   8.2454300e-01  -1.7305000e-02   5.5265600e-01   1.9376800e-01  -2.7152100e-01   2.7158000e-01
  -1.2190100e-01   8.2481500e-01  -2.8870000e-02   5.5134900e-01   1.9135500e-01  -2.6370300e-01   2.7332200e-01
  -1.2544900e-01   8.2494100e-01  -3.7185000e-02   5.4986600e-01   1.8893900e-01  -2.5617400e-01   2.7476200e-01
  -1.2772500e-01   8.2471200e-01  -3.9996000e-02   5.4948800e-01   1.8765100e-01  -2.5258800e-01   2.7568700e-01
  -1.3059500e-01   8.2184300e-01  -4.5179000e-02   5.5270000e-01   1.8431800e-01  -2.4613100e-01   2.7978300e-01
  -1.3141000e-01   8.1762400e-01  -5.1823000e-02   5.5815500e-01   1.8063200e-01  -2.4001900e-01   2.8478200e-01
  -1.3166200e-01   8.1278000e-01  -5.8866000e-02   5.6443700e-01   1.7687400e-01  -2.3421400e-01   2.8968100e-01
  -1.3266600e-01   8.0772700e-01  -6.4371000e-02   5.7081800e-01   1.7312800e-01  -2.2867400e-01   2.9433900e-01
  -1.3424500e-01   8.0256100e-01  -6.8567000e-02   5.7721100e-01   1.6941900e-01  -2.2340200e-01   2.9875200e-01
  -1.3633700e-01   7.9729100e-01  -7.1578000e-02   5.8362400e-01   1.6572500e-01  -2.1830800e-01   3.0302400e-01
  -1.3769800e-01   7.9181800e-01  -7.5267000e-02   5.9025300e-01   1.6206800e-01  -2.1345400e-01   3.0702100e-01
  -1.3924700e-01   7.8917700e-01  -7.5829000e-02   5.9334600e-01   1.6025900e-01  -2.1113500e-01   3.0888900e-01
  -1.4050000e-01   7.8358100e-01  -7.9196000e-02   5.9999100e-01   1.5663900e-01  -2.0669200e-01   3.1240200e-01
  -1.4272700e-01   7.7802500e-01  -8.1035000e-02   6.0641600e-01   1.5302300e-01  -2.0250100e-01   3.1563100e-01
  -1.4474600e-01   7.7256200e-01  -8.2797000e-02   6.1265100e-01   1.4950400e-01  -1.9859200e-01   3.1853400e-01
  -1.4618500e-01   7.6726500e-01  -8.4884000e-02   6.1865100e-01   1.4612400e-01  -1.9496000e-01   3.2110500e-01
  -1.4718600e-01   7.6476000e-01  -8.5445000e-02   6.2143200e-01   1.4449400e-01  -1.9323900e-01   3.2227600e-01
  -1.4813500e-01   7.5981500e-01  -8.7557000e-02   6.2695300e-01   1.4135400e-01  -1.8998500e-01   3.2442100e-01
  -1.4947200e-01   7.5519300e-01  -8.8845000e-02   6.3201900e-01   1.3837600e-01  -1.8697500e-01   3.2633000e-01
  -1.5058100e-01   7.5080100e-01  -9.0174000e-02   6.3678200e-01   1.3557000e-01  -1.8417200e-01   3.2803000e-01
  -1.5114100e-01   7.4661400e-01  -9.1888000e-02   6.4131200e-01   1.3294800e-01  -1.8154900e-01   3.2956400e-01
  -1.5138100e-01   7.4266000e-01  -9.3723000e-02   6.4556600e-01   1.3053100e-01  -1.7909000e-01   3.3098200e-01
  -1.5168700e-01   7.3898100e-01  -9.5271000e-02   6.4947700e-01   1.2830400e-01  -1.7679700e-01   3.3228100e-01
  -1.5197600e-01   7.3559300e-01  -9.6656000e-02   6.5304200e-01   1.2627600e-01  -1.7465300e-01   3.3346500e-01
  -1.5249900e-01   7.3248100e-01  -9.7702000e-02   6.5625500e-01   1.2447400e-01  -1.7262600e-01   3.3459700e-01
  -1.5268700e-01   7.3101300e-01  -9.8252000e-02   6.5776400e-01   1.2365400e-01  -1.7165800e-01   3.3514700e-01
  -1.5268300e-01   7.2821000e-01  -9.9641000e-02   6.6065900e-01   1.2216400e-01  -1.6981100e-01   3.3622200e-01
  -1.5303800e-01   7.2569800e-01  -1.0055700e-01   6.6319600e-01   1.2086800e-01  -1.6807100e-01   3.3724600e-01
  -1.5374000e-01   7.2345900e-01  -1.0098500e-01   6.6541200e-01   1.1973900e-01  -1.6645800e-01   3.3821600e-01
  -1.5422800e-01   7.2140200e-01  -1.0154200e-01   6.6744500e-01   1.1876900e-01  -1.6495100e-01   3.3914600e-01
  -1.5427000e-01   7.1946900e-01  -1.0245600e-01   6.6937900e-01   1.1794100e-01  -1.6355200e-01   3.4004500e-01
  -1.5411700e-01   7.1764000e-01  -1.0349700e-01   6.7121500e-01   1.1722500e-01  -1.6225800e-01   3.4091300e-01
  -1.5425300e-01   7.1681200e-01  -1.0375400e-01   6.7202800e-01   1.1690500e-01  -1.6164400e-01   3.4133600e-01
  -1.5496900e-01   7.1529700e-01  -1.0371000e-01   6.7348300e-01   1.1631800e-01  -1.6049000e-01   3.4216400e-01
  -1.5547300e-01   7.1385400e-01  -1.0374800e-01   6.7489100e-01   1.1580000e-01  -1.5943200e-01   3.4297700e-01
  -1.5572600e-01   7.1245600e-01  -1.0393200e-01   6.7627900e-01   1.1533000e-01  -1.5846400e-01   3.4376400e-01
  -1.5605700e-01   7.1115400e-01  -1.0391800e-01   6.7757500e-01   1.1490200e-01  -1.5757200e-01   3.4452700e-01
  -1.5633700e-01   7.1054500e-01  -1.0375600e-01   6.7817300e-01   1.1470500e-01  -1.5715900e-01   3.4489900e-01
  -1.5698900e-01   7.0936200e-01  -1.0328000e-01   6.7933300e-01   1.1432700e-01  -1.5640200e-01   3.4562700e-01
  -1.5729800e-01   7.0875400e-01  -1.0304700e-01   6.7993200e-01   1.1413400e-01  -1.5604700e-01   3.4598600e-01
  -1.5746900e-01   7.0750200e-01  -1.0299900e-01   6.8120100e-01   1.1376100e-01  -1.5539900e-01   3.4667300e-01
  -1.5758200e-01   7.0631600e-01  -1.0294200e-01   6.8241400e-01   1.1340900e-01  -1.5482400e-01   3.4731700e-01
  -1.5775300e-01   7.0520000e-01  -1.0277900e-01   6.8355200e-01   1.1306900e-01  -1.5430100e-01   3.4791800e-01
  -1.5773900e-01   7.0414300e-01  -1.0277600e-01   6.8464500e-01   1.1275300e-01  -1.5383700e-01   3.4846500e-01
  -1.5765600e-01   7.0316700e-01  -1.0279300e-01   6.8566400e-01   1.1245200e-01  -1.5343300e-01   3.4895600e-01
  -1.5774000e-01   7.0231100e-01  -1.0261100e-01   6.8654900e-01   1.1216100e-01  -1.5308200e-01   3.4938200e-01
  -1.5806300e-01   7.0155300e-01  -1.0219300e-01   6.8731100e-01   1.1187500e-01  -1.5275000e-01   3.4976200e-01
  -1.5866000e-01   7.0126300e-01  -1.0156200e-01   6.8756200e-01   1.1173700e-01  -1.5258900e-01   3.4993000e-01
  -1.5863200e-01   7.0054200e-01  -1.0159300e-01   6.8829900e-01   1.1146600e-01  -1.5228400e-01   3.5022800e-01
  -1.5843800e-01   6.9984500e-01  -1.0182000e-01   6.8901900e-01   1.1120800e-01  -1.5200700e-01   3.5048400e-01
  -1.5832700e-01   6.9922800e-01  -1.0200000e-01   6.8964400e-01   1.1097000e-01  -1.5173100e-01   3.5070700e-01
  -1.5830700e-01   6.9894400e-01  -1.0206200e-01   6.8992700e-01   1.1085600e-01  -1.5159000e-01   3.5080900e-01
  -1.5839300e-01   6.9842600e-01  -1.0209000e-01   6.9042800e-01   1.1064000e-01  -1.5130200e-01   3.5099900e-01
  -1.5849100e-01   6.9818400e-01  -1.0207300e-01   6.9065300e-01   1.1053600e-01  -1.5115000e-01   3.5108700e-01
  -1.5878600e-01   6.9774900e-01  -1.0196400e-01   6.9104100e-01   1.1034800e-01  -1.5083100e-01   3.5125900e-01
  -1.5908300e-01   6.9737800e-01  -1.0186200e-01   6.9136100e-01   1.1019800e-01  -1.5050200e-01   3.5143000e-01
  -1.5904600e-01   6.9719700e-01  -1.0198500e-01   6.9153500e-01   1.1013600e-01  -1.5034100e-01   3.5151200e-01
  -1.5862400e-01   6.9683700e-01  -1.0260100e-01   6.9190300e-01   1.1004800e-01  -1.5003600e-01   3.5166300e-01
  -1.5827400e-01   6.9659800e-01  -1.0310800e-01   6.9214900e-01   1.1002200e-01  -1.4975100e-01   3.5181000e-01
  -1.5817600e-01   6.9653100e-01  -1.0327800e-01   6.9221300e-01   1.1003600e-01  -1.4961100e-01   3.5188400e-01
  -1.5784100e-01   6.9644100e-01  -1.0375100e-01   6.9230900e-01   1.1010400e-01  -1.4934300e-01   3.5203200e-01
  -1.5753300e-01   6.9641300e-01  -1.0416600e-01   6.9234500e-01   1.1020800e-01  -1.4909900e-01   3.5217800e-01
  -1.5720300e-01   6.9643500e-01  -1.0458700e-01   6.9233500e-01   1.1035100e-01  -1.4887600e-01   3.5232500e-01
  -1.5722200e-01   6.9654800e-01  -1.0469300e-01   6.9220000e-01   1.1053900e-01  -1.4865900e-01   3.5247700e-01
  -1.5732800e-01   6.9662700e-01  -1.0465700e-01   6.9210300e-01   1.1063900e-01  -1.4855500e-01   3.5254900e-01
  -1.5747100e-01   6.9677900e-01  -1.0464400e-01   6.9191800e-01   1.1084600e-01  -1.4835300e-01   3.5269700e-01
  -1.5738100e-01   6.9688000e-01  -1.0483600e-01   6.9180900e-01   1.1107000e-01  -1.4816000e-01   3.5287600e-01
  -1.5695900e-01   6.9687100e-01  -1.0529000e-01   6.9184400e-01   1.1118100e-01  -1.4807300e-01   3.5296700e-01
  -1.5670300e-01   6.9694600e-01  -1.0559100e-01   6.9178200e-01   1.1139700e-01  -1.4791100e-01   3.5314400e-01
  -1.5665900e-01   6.9699700e-01  -1.0563800e-01   6.9173200e-01   1.1149400e-01  -1.4783500e-01   3.5322600e-01
  -1.5662000e-01   6.9704700e-01  -1.0567200e-01   6.9168500e-01   1.1158500e-01  -1.4776300e-01   3.5330400e-01
  -1.5640700e-01   6.9706600e-01  -1.0588000e-01   6.9168300e-01   1.1167500e-01  -1.4769800e-01   3.5338300e-01
  -1.5612000e-01   6.9705800e-01  -1.0617300e-01   6.9171100e-01   1.1175900e-01  -1.4763300e-01   3.5346000e-01
  -1.5631800e-01   6.9710100e-01  -1.0598800e-01   6.9165100e-01   1.1183800e-01  -1.4756400e-01   3.5354300e-01
  -1.5680300e-01   6.9715300e-01  -1.0551700e-01   6.9156100e-01   1.1190500e-01  -1.4749500e-01   3.5363400e-01
  -1.5702100e-01   6.9712700e-01  -1.0531800e-01   6.9156800e-01   1.1195700e-01  -1.4741800e-01   3.5373500e-01
