   1.6650000e-03   1.8395200e-01   2.9686000e-02   9.8248600e-01  -1.6645900e-01  -2.2560100e-01   2.0287000e-02
   2.7280000e-03   1.8450500e-01   2.9474000e-02   9.8238600e-01  -1.6631200e-01  -2.2564800e-01   2.0237000e-02
   2.2460000e-03   1.8509700e-01   2.9631000e-02   9.8227100e-01  -1.6613500e-01  -2.2575900e-01   2.0188000e-02
   2.1600000e-03   1.8581600e-01   2.9790000e-02   9.8213000e-01  -1.6591700e-01  -2.2594200e-01   2.0126000e-02
   1.6940000e-03   1.8580200e-01   2.9879000e-02   9.8213100e-01  -1.6591700e-01  -2.2594200e-01   2.0126000e-02
   2.0640000e-03   1.8664600e-01   3.0044000e-02   9.8196600e-01  -1.6565500e-01  -2.2620400e-01   2.0046000e-02
   4.1090000e-03   1.8763100e-01   2.9978000e-02   9.8177400e-01  -1.6536000e-01  -2.2653400e-01   1.9962000e-02
   6.9660000e-03   1.8878600e-01   2.9822000e-02   9.8154100e-01  -1.6501500e-01  -2.2692800e-01   1.9866000e-02
   9.4380000e-03   1.9006200e-01   2.9825000e-02   9.8127400e-01  -1.6462900e-01  -2.2737500e-01   1.9773000e-02
   1.1694000e-02   1.9150700e-01   2.9931000e-02   9.8096500e-01  -1.6418200e-01  -2.2788700e-01   1.9667000e-02
   1.3406000e-02   1.9315900e-01   3.0164000e-02   9.8061200e-01  -1.6365500e-01  -2.2846600e-01   1.9531000e-02
   1.4075000e-02   1.9503100e-01   3.0605000e-02   9.8021800e-01  -1.6303500e-01  -2.2911000e-01   1.9360000e-02
   1.5186000e-02   1.9718400e-01   3.0959000e-02   9.7976000e-01  -1.6231100e-01  -2.2983000e-01   1.9154000e-02
   1.7380000e-02   1.9964800e-01   3.1091000e-02   9.7922000e-01  -1.6147700e-01  -2.3062300e-01   1.8911000e-02
   1.7686000e-02   2.0229800e-01   3.1597000e-02   9.7865400e-01  -1.6054200e-01  -2.3148600e-01   1.8656000e-02
   1.4824000e-02   2.0510200e-01   3.2777000e-02   9.7807900e-01  -1.5949800e-01  -2.3242600e-01   1.8394000e-02
   9.4080000e-03   2.0808600e-01   3.4590000e-02   9.7745400e-01  -1.5834700e-01  -2.3344900e-01   1.8151000e-02
   4.6060000e-03   2.1128300e-01   3.6393000e-02   9.7673600e-01  -1.5710400e-01  -2.3456000e-01   1.7936000e-02
   1.9290000e-03   2.1471800e-01   3.7871000e-02   9.7594000e-01  -1.5577900e-01  -2.3576600e-01   1.7759000e-02
   2.2600000e-04   2.1845000e-01   3.9210000e-02   9.7506000e-01  -1.5434600e-01  -2.3705000e-01   1.7638000e-02
  -2.2920000e-03   2.2239200e-01   4.0852000e-02   9.7409800e-01  -1.5280100e-01  -2.3843400e-01   1.7577000e-02
  -2.2920000e-03   2.2239200e-01   4.0852000e-02   9.7409800e-01  -1.5280100e-01  -2.3843400e-01   1.7577000e-02
  -4.8810000e-03   2.2650900e-01   4.2723000e-02   9.7305900e-01  -1.5117000e-01  -2.3993700e-01   1.7595000e-02
  -6.5020000e-03   2.3086600e-01   4.4586000e-02   9.7194200e-01  -1.4945600e-01  -2.4153500e-01   1.7716000e-02
  -7.1180000e-03   2.3551100e-01   4.6430000e-02   9.7073600e-01  -1.4764100e-01  -2.4323200e-01   1.7934000e-02
  -6.3740000e-03   2.4045900e-01   4.8177000e-02   9.6944200e-01  -1.4572400e-01  -2.4502100e-01   1.8239000e-02
  -6.7170000e-03   2.4563100e-01   5.0448000e-02   9.6802600e-01  -1.4369500e-01  -2.4689400e-01   1.8639000e-02
  -6.8660000e-03   2.5110000e-01   5.2925000e-02   9.6648900e-01  -1.4152500e-01  -2.4886700e-01   1.9093000e-02
  -6.1570000e-03   2.5693500e-01   5.5458000e-02   9.6481700e-01  -1.3919800e-01  -2.5093900e-01   1.9594000e-02
  -5.4010000e-03   2.6304300e-01   5.8214000e-02   9.6301100e-01  -1.3671600e-01  -2.5311700e-01   2.0132000e-02
  -5.4110000e-03   2.6937600e-01   6.1338000e-02   9.6106500e-01  -1.3405600e-01  -2.5540700e-01   2.0697000e-02
  -5.6930000e-03   2.7588600e-01   6.4812000e-02   9.5898600e-01  -1.3125000e-01  -2.5781400e-01   2.1294000e-02
  -6.3620000e-03   2.8259900e-01   6.8610000e-02   9.5676000e-01  -1.2827800e-01  -2.6030900e-01   2.1922000e-02
  -5.9850000e-03   2.8962300e-01   7.2269000e-02   9.5439000e-01  -1.2512700e-01  -2.6289200e-01   2.2577000e-02
  -6.3690000e-03   2.9670800e-01   7.6331000e-02   9.5189100e-01  -1.2181600e-01  -2.6559600e-01   2.3232000e-02
  -7.0540000e-03   3.1104500e-01   8.5100000e-02   9.4655100e-01  -1.1479300e-01  -2.7138200e-01   2.4576000e-02
  -7.1950000e-03   3.2469500e-01   9.4196000e-02   9.4108900e-01  -1.0781700e-01  -2.7719700e-01   2.6009000e-02
  -7.8550000e-03   3.3705800e-01   1.0322000e-01   9.3577600e-01  -1.0112000e-01  -2.8274400e-01   2.7302000e-02
  -8.1730000e-03   3.4278000e-01   1.0759100e-01   9.3319800e-01  -9.7885000e-02  -2.8541400e-01   2.7879000e-02
  -8.9310000e-03   3.5343000e-01   1.1632300e-01   9.2815800e-01  -9.1668000e-02  -2.9054500e-01   2.8975000e-02
  -9.6240000e-03   3.6316600e-01   1.2488500e-01   9.2326700e-01  -8.5715000e-02  -2.9547400e-01   2.9963000e-02
  -1.0292000e-02   3.7213700e-01   1.3332400e-01   9.1849500e-01  -7.9961000e-02  -3.0027200e-01   3.0850000e-02
  -1.0734000e-02   3.8051000e-01   1.4166900e-01   9.1379800e-01  -7.4393000e-02  -3.0497800e-01   3.1712000e-02
  -1.1491000e-02   3.8834600e-01   1.5009100e-01   9.0913600e-01  -6.8937000e-02  -3.0961100e-01   3.2539000e-02
  -1.1552000e-02   3.9216800e-01   1.5413400e-01   9.0681500e-01  -6.6233000e-02  -3.1190600e-01   3.2935000e-02
  -1.1940000e-02   3.9952900e-01   1.6245600e-01   9.0213200e-01  -6.0897000e-02  -3.1645100e-01   3.3760000e-02
  -1.1607000e-02   4.0680500e-01   1.7058300e-01   8.9737200e-01  -5.5595000e-02  -3.2095900e-01   3.4619000e-02
  -1.1017000e-02   4.1395000e-01   1.7847700e-01   8.9256400e-01  -5.0254000e-02  -3.2546500e-01   3.5456000e-02
  -1.1052000e-02   4.2086100e-01   1.8653000e-01   8.8767200e-01  -4.4853000e-02  -3.2996100e-01   3.6297000e-02
  -1.2066000e-02   4.2744900e-01   1.9489700e-01   8.8269900e-01  -3.9380000e-02  -3.3446700e-01   3.7148000e-02
  -1.3392000e-02   4.3393800e-01   2.0331000e-01   8.7760100e-01  -3.3791000e-02  -3.3901000e-01   3.8055000e-02
  -1.5463000e-02   4.4020800e-01   2.1166300e-01   8.7245400e-01  -2.7986000e-02  -3.4357900e-01   3.8876000e-02
  -1.3906000e-02   4.4397800e-01   2.1445300e-01   8.6988500e-01  -2.5033000e-02  -3.4584700e-01   3.9286000e-02
  -1.3693000e-02   4.5087200e-01   2.2148000e-01   8.6456500e-01  -1.9057000e-02  -3.5035400e-01   4.0174000e-02
  -1.4418000e-02   4.5759500e-01   2.2894800e-01   8.5905900e-01  -1.3003000e-02  -3.5482000e-01   4.1170000e-02
  -1.5417000e-02   4.6436600e-01   2.3647800e-01   8.5334900e-01  -6.8240000e-03  -3.5922400e-01   4.2254000e-02
  -1.5784000e-02   4.7146900e-01   2.4376800e-01   8.4737500e-01  -5.8400000e-04  -3.6355400e-01   4.3513000e-02
  -1.4683000e-02   4.7920000e-01   2.5019800e-01   8.4116200e-01   5.7260000e-03  -3.6778700e-01   4.4943000e-02
  -1.3488000e-02   4.8715500e-01   2.5655700e-01   8.3467100e-01   1.2076000e-02  -3.7191700e-01   4.6546000e-02
  -1.3020000e-02   4.9428300e-01   2.6343800e-01   8.2832100e-01   1.8065000e-02  -3.7618500e-01   4.8392000e-02
  -1.4170000e-02   4.9897100e-01   2.7153900e-01   8.2285700e-01   2.3096000e-02  -3.8103200e-01   5.0580000e-02
  -1.1915000e-02   5.0230200e-01   2.7377700e-01   8.2012000e-01   2.5611000e-02  -3.8346600e-01   5.1814000e-02
  -1.0770000e-02   5.0716600e-01   2.8019400e-01   8.1495900e-01   3.0401000e-02  -3.8842500e-01   5.4232000e-02
  -1.0550000e-02   5.1249400e-01   2.8675700e-01   8.0932600e-01   3.5479000e-02  -3.9316100e-01   5.6969000e-02
  -1.0472000e-02   5.1795300e-01   2.9282200e-01   8.0366100e-01   4.0700000e-02  -3.9778400e-01   5.9822000e-02
  -1.0862000e-02   5.2358800e-01   2.9858400e-01   7.9786300e-01   4.6093000e-02  -4.0222700e-01   6.2839000e-02
  -1.1414000e-02   5.2942800e-01   3.0403300e-01   7.9192200e-01   5.1534000e-02  -4.0644600e-01   6.6055000e-02
  -1.2454000e-02   5.3576900e-01   3.0915100e-01   7.8563500e-01   5.7200000e-02  -4.1034800e-01   6.9540000e-02
  -1.5080000e-02   5.4167900e-01   3.1489100e-01   7.7923000e-01   6.2886000e-02  -4.1400400e-01   7.3191000e-02
  -1.4074000e-02   5.4570000e-01   3.1592300e-01   7.7601900e-01   6.5740000e-02  -4.1571100e-01   7.5090000e-02
  -1.5729000e-02   5.5248000e-01   3.1997700e-01   7.6950200e-01   7.1471000e-02  -4.1888700e-01   7.9012000e-02
  -1.8237000e-02   5.5918800e-01   3.2391400e-01   7.6292600e-01   7.7235000e-02  -4.2175100e-01   8.3095000e-02
  -2.0879000e-02   5.6606900e-01   3.2720300e-01   7.5635200e-01   8.3003000e-02  -4.2429300e-01   8.7312000e-02
  -2.3267000e-02   5.7321300e-01   3.2939900e-01   7.4992100e-01   8.8762000e-02  -4.2651900e-01   9.1613000e-02
  -2.5670000e-02   5.8041400e-01   3.3049700e-01   7.4379600e-01   9.4521000e-02  -4.2845500e-01   9.5932000e-02
  -2.8164000e-02   5.8772900e-01   3.3074500e-01   7.3782700e-01   1.0021500e-01  -4.3004400e-01   1.0035100e-01
  -3.3035000e-02   5.9411400e-01   3.3208300e-01   7.3188700e-01   1.0580700e-01  -4.3127200e-01   1.0487500e-01
  -3.2775000e-02   5.9859500e-01   3.3027300e-01   7.2906100e-01   1.0854300e-01  -4.3173400e-01   1.0719100e-01
  -3.6046000e-02   6.0598500e-01   3.2926300e-01   7.2323500e-01   1.1387400e-01  -4.3234600e-01   1.1194400e-01
  -3.9034000e-02   6.1361600e-01   3.2730000e-01   7.1751400e-01   1.1903600e-01  -4.3258300e-01   1.1679800e-01
  -4.1379000e-02   6.2161000e-01   3.2408600e-01   7.1193900e-01   1.2399300e-01  -4.3243900e-01   1.2173500e-01
  -4.3501000e-02   6.2977300e-01   3.1996600e-01   7.0648100e-01   1.2872000e-01  -4.3190600e-01   1.2676200e-01
  -4.6689000e-02   6.3750000e-01   3.1606500e-01   7.0108200e-01   1.3319200e-01  -4.3097600e-01   1.3187400e-01
  -5.0689000e-02   6.4490800e-01   3.1222900e-01   6.9572800e-01   1.3740600e-01  -4.2965200e-01   1.3707000e-01
  -5.4450000e-02   6.5241500e-01   3.0748400e-01   6.9053800e-01   1.4135700e-01  -4.2795200e-01   1.4231800e-01
  -5.8981000e-02   6.5955000e-01   3.0279500e-01   6.8544200e-01   1.4502900e-01  -4.2587600e-01   1.4760700e-01
  -6.1140000e-02   6.6767000e-01   2.9511900e-01   6.8072200e-01   1.4840700e-01  -4.2342300e-01   1.5292900e-01
  -5.9872000e-02   6.7269700e-01   2.8868600e-01   6.7864200e-01   1.4999000e-01  -4.2206100e-01   1.5559800e-01
  -6.2042000e-02   6.8061700e-01   2.7994200e-01   6.7419800e-01   1.5294100e-01  -4.1907700e-01   1.6093700e-01
  -6.4684000e-02   6.8818200e-01   2.7108200e-01   6.6987800e-01   1.5560500e-01  -4.1575700e-01   1.6626100e-01
  -6.6909000e-02   6.9573100e-01   2.6116400e-01   6.6578800e-01   1.5798100e-01  -4.1210500e-01   1.7156100e-01
  -6.8549000e-02   7.0329400e-01   2.5003200e-01   6.6193800e-01   1.6006500e-01  -4.0812200e-01   1.7683000e-01
  -7.0088000e-02   7.1068300e-01   2.3832300e-01   6.5819400e-01   1.6184600e-01  -4.0380400e-01   1.8207500e-01
  -7.1673000e-02   7.1780700e-01   2.2617600e-01   6.5456900e-01   1.6336900e-01  -3.9918200e-01   1.8726900e-01
  -7.0991000e-02   7.2534900e-01   2.1111800e-01   6.5135100e-01   1.6462700e-01  -3.9429300e-01   1.9236900e-01
  -7.2383000e-02   7.3180200e-01   1.9796900e-01   6.4810100e-01   1.6563700e-01  -3.8916900e-01   1.9734400e-01
  -6.8803000e-02   7.3612800e-01   1.8643700e-01   6.4701000e-01   1.6605700e-01  -3.8653300e-01   1.9977700e-01
  -6.9944000e-02   7.4198800e-01   1.7254300e-01   6.4404300e-01   1.6673900e-01  -3.8110600e-01   2.0454200e-01
  -7.4386000e-02   7.4662300e-01   1.6232200e-01   6.4083700e-01   1.6720700e-01  -3.7549000e-01   2.0916000e-01
  -7.8168000e-02   7.5111600e-01   1.5130100e-01   6.3782600e-01   1.6746800e-01  -3.6971300e-01   2.1361100e-01
  -8.0680000e-02   7.5556100e-01   1.3873400e-01   6.3511500e-01   1.6752600e-01  -3.6378300e-01   2.1788900e-01
  -8.1991000e-02   7.5986700e-01   1.2466500e-01   6.3272300e-01   1.6740900e-01  -3.5772800e-01   2.2198200e-01
  -8.3148000e-02   7.6375000e-01   1.1042700e-01   6.3053800e-01   1.6713200e-01  -3.5160000e-01   2.2586200e-01
  -8.5645000e-02   7.6697700e-01   9.7887000e-02   6.2835400e-01   1.6670800e-01  -3.4541900e-01   2.2952400e-01
  -8.4745000e-02   7.6875400e-01   8.9010000e-02   6.2762500e-01   1.6644600e-01  -3.4231300e-01   2.3127400e-01
  -8.5097000e-02   7.7158500e-01   7.3904000e-02   6.2606200e-01   1.6580700e-01  -3.3608300e-01   2.3459800e-01
  -8.5244000e-02   7.7395700e-01   5.8715000e-02   6.2472100e-01   1.6502700e-01  -3.2985100e-01   2.3769000e-01
  -8.5172000e-02   7.7587600e-01   4.3644000e-02   6.2358400e-01   1.6411000e-01  -3.2368000e-01   2.4053200e-01
  -8.4591000e-02   7.7738000e-01   2.8377000e-02   6.2267200e-01   1.6306600e-01  -3.1758200e-01   2.4313200e-01
  -8.2426000e-02   7.7846200e-01   1.1658000e-02   6.2214700e-01   1.6187400e-01  -3.1158700e-01   2.4548200e-01
  -7.7260000e-02   7.7901900e-01  -8.2660000e-03   6.2216700e-01   1.6051400e-01  -3.0568200e-01   2.4758900e-01
  -7.0858000e-02   7.7890400e-01  -2.9204000e-02   6.2244200e-01   1.5902100e-01  -2.9987900e-01   2.4947000e-01
  -6.8474000e-02   7.7844200e-01  -4.4515000e-02   6.2238000e-01   1.5738900e-01  -2.9419400e-01   2.5112500e-01
  -6.3466000e-02   7.7772500e-01  -5.6711000e-02   6.2281600e-01   1.5652400e-01  -2.9140400e-01   2.5186600e-01
  -6.1243000e-02   7.7660000e-01  -7.0886000e-02   6.2299000e-01   1.5470400e-01  -2.8594900e-01   2.5317800e-01
  -5.9137000e-02   7.7516600e-01  -8.4231000e-02   6.2331800e-01   1.5275000e-01  -2.8065400e-01   2.5427100e-01
  -5.5882000e-02   7.7331300e-01  -9.8221000e-02   6.2387300e-01   1.5066200e-01  -2.7551700e-01   2.5515700e-01
  -5.2888000e-02   7.7122600e-01  -1.1126100e-01   6.2452700e-01   1.4848500e-01  -2.7053800e-01   2.5585600e-01
  -5.1415000e-02   7.6916200e-01  -1.2189900e-01   6.2521000e-01   1.4625000e-01  -2.6573600e-01   2.5637200e-01
  -5.2986000e-02   7.6716100e-01  -1.2822600e-01   6.2627100e-01   1.4390400e-01  -2.6125000e-01   2.5695300e-01
  -5.5507000e-02   7.6420800e-01  -1.3139400e-01   6.2900000e-01   1.4090000e-01  -2.5730600e-01   2.5830500e-01
  -5.6449000e-02   7.6242300e-01  -1.3299700e-01   6.3074300e-01   1.3927000e-01  -2.5547200e-01   2.5904400e-01
  -5.7100000e-02   7.5841300e-01  -1.3707700e-01   6.3463300e-01   1.3585500e-01  -2.5196500e-01   2.6050700e-01
  -5.8010000e-02   7.5431300e-01  -1.4015000e-01   6.3875300e-01   1.3231600e-01  -2.4866500e-01   2.6190900e-01
  -6.1087000e-02   7.5049300e-01  -1.4020600e-01   6.4293900e-01   1.2869200e-01  -2.4558100e-01   2.6323900e-01
  -6.4717000e-02   7.4664800e-01  -1.3921200e-01   6.4726200e-01   1.2499100e-01  -2.4269600e-01   2.6447700e-01
  -6.6077000e-02   7.4217400e-01  -1.4053800e-01   6.5196700e-01   1.2126500e-01  -2.4002800e-01   2.6559900e-01
  -6.6637000e-02   7.3745200e-01  -1.4249900e-01   6.5682500e-01   1.1756800e-01  -2.3758700e-01   2.6657500e-01
  -6.7977000e-02   7.3291900e-01  -1.4323200e-01   6.6158400e-01   1.1392400e-01  -2.3537300e-01   2.6740100e-01
  -6.9044000e-02   7.2839900e-01  -1.4393400e-01   6.6629700e-01   1.1036400e-01  -2.3338200e-01   2.6809900e-01
  -7.1374000e-02   7.2655400e-01  -1.4223700e-01   6.6842600e-01   1.0862600e-01  -2.3246800e-01   2.6840000e-01
  -7.2424000e-02   7.2224800e-01  -1.4257800e-01   6.7289200e-01   1.0527100e-01  -2.3078900e-01   2.6890900e-01
  -7.3089000e-02   7.1814700e-01  -1.4303200e-01   6.7710000e-01   1.0210000e-01  -2.2928900e-01   2.6929600e-01
  -7.4807000e-02   7.1456300e-01  -1.4214400e-01   6.8088100e-01   9.9141000e-02  -2.2796100e-01   2.6958900e-01
  -7.6851000e-02   7.1137500e-01  -1.4067700e-01   6.8428800e-01   9.6403000e-02  -2.2680100e-01   2.6980100e-01
  -7.8041000e-02   7.0836000e-01  -1.3992900e-01   6.8742700e-01   9.3914000e-02  -2.2579000e-01   2.6994800e-01
  -7.8760000e-02   7.0564700e-01  -1.3955600e-01   6.9020500e-01   9.1699000e-02  -2.2490500e-01   2.7002300e-01
  -8.0038000e-02   7.0344300e-01  -1.3857600e-01   6.9250200e-01   8.9778000e-02  -2.2413200e-01   2.7004100e-01
  -8.0803000e-02   7.0249700e-01  -1.3795900e-01   6.9349500e-01   8.8923000e-02  -2.2378600e-01   2.7003700e-01
  -8.1497000e-02   7.0162100e-01  -1.3742900e-01   6.9440600e-01   8.8138000e-02  -2.2345500e-01   2.7003600e-01
  -8.2948000e-02   7.0011500e-01  -1.3639300e-01   6.9595600e-01   8.6773000e-02  -2.2283800e-01   2.7002300e-01
  -8.3892000e-02   6.9882900e-01  -1.3594000e-01   6.9722300e-01   8.5657000e-02  -2.2228000e-01   2.6997800e-01
  -8.4583000e-02   6.9784500e-01  -1.3578900e-01   6.9815400e-01   8.4801000e-02  -2.2177800e-01   2.6991100e-01
  -8.6079000e-02   6.9732700e-01  -1.3493100e-01   6.9865500e-01   8.4187000e-02  -2.2130900e-01   2.6983300e-01
  -8.7956000e-02   6.9712500e-01  -1.3385600e-01   6.9883000e-01   8.3803000e-02  -2.2087000e-01   2.6976100e-01
  -8.9477000e-02   6.9709400e-01  -1.3314700e-01   6.9880300e-01   8.3597000e-02  -2.2046900e-01   2.6969900e-01
  -9.0339000e-02   6.9713200e-01  -1.3307400e-01   6.9866800e-01   8.3531000e-02  -2.2010200e-01   2.6965000e-01
  -9.0778000e-02   6.9723500e-01  -1.3344000e-01   6.9843900e-01   8.3584000e-02  -2.1976100e-01   2.6962000e-01
  -9.0846000e-02   6.9741900e-01  -1.3418400e-01   6.9810300e-01   8.3746000e-02  -2.1943600e-01   2.6959800e-01
  -9.1210000e-02   6.9783600e-01  -1.3454700e-01   6.9756900e-01   8.4004000e-02  -2.1913500e-01   2.6958200e-01
  -9.2012000e-02   6.9821100e-01  -1.3408700e-01   6.9717700e-01   8.4159000e-02  -2.1898800e-01   2.6958400e-01
  -9.2966000e-02   6.9892700e-01  -1.3375100e-01   6.9639700e-01   8.4507000e-02  -2.1868800e-01   2.6960800e-01
  -9.3507000e-02   6.9967600e-01  -1.3372800e-01   6.9557600e-01   8.4887000e-02  -2.1836800e-01   2.6966500e-01
  -9.3718000e-02   7.0042500e-01  -1.3396000e-01   6.9474900e-01   8.5288000e-02  -2.1804700e-01   2.6974400e-01
  -9.4043000e-02   7.0123600e-01  -1.3405100e-01   6.9386900e-01   8.5701000e-02  -2.1771300e-01   2.6983800e-01
  -9.4549000e-02   7.0208400e-01  -1.3387000e-01   6.9297700e-01   8.6098000e-02  -2.1739200e-01   2.6994200e-01
  -9.4504000e-02   7.0275800e-01  -1.3424100e-01   6.9222800e-01   8.6477000e-02  -2.1709800e-01   2.7005200e-01
  -9.4719000e-02   7.0341800e-01  -1.3432300e-01   6.9151100e-01   8.6823000e-02  -2.1683200e-01   2.7015400e-01
