   1.6936700e-01   1.1698700e-01   3.2298000e-02   9.7805200e-01  -1.6235400e-01  -2.2900900e-01  -5.7790000e-02
   1.6899200e-01   1.1723300e-01   3.2940000e-02   9.7806600e-01  -1.6230900e-01  -2.2928300e-01  -5.7730000e-02
   1.6821200e-01   1.1720600e-01   3.3033000e-02   9.7820100e-01  -1.6230900e-01  -2.2928300e-01  -5.7730000e-02
   1.6868100e-01   1.1733600e-01   3.3339000e-02   9.7809400e-01  -1.6227100e-01  -2.2944100e-01  -5.7748000e-02
   1.6878300e-01   1.1744300e-01   3.3720000e-02   9.7805000e-01  -1.6222000e-01  -2.2960700e-01  -5.7807000e-02
   1.6886300e-01   1.1755600e-01   3.4164000e-02   9.7800800e-01  -1.6214900e-01  -2.2979200e-01  -5.7912000e-02
   1.6881700e-01   1.1764500e-01   3.4661000e-02   9.7798700e-01  -1.6206100e-01  -2.2998600e-01  -5.8070000e-02
   1.6871400e-01   1.1772500e-01   3.5241000e-02   9.7797500e-01  -1.6195000e-01  -2.3020400e-01  -5.8292000e-02
   1.6882200e-01   1.1782400e-01   3.5881000e-02   9.7792100e-01  -1.6180300e-01  -2.3044800e-01  -5.8593000e-02
   1.6936700e-01   1.1799500e-01   3.6573000e-02   9.7778000e-01  -1.6159600e-01  -2.3072200e-01  -5.9003000e-02
   1.7050600e-01   1.1829100e-01   3.7311000e-02   9.7751900e-01  -1.6131400e-01  -2.3103300e-01  -5.9523000e-02
   1.7126700e-01   1.1870000e-01   3.8250000e-02   9.7730000e-01  -1.6094800e-01  -2.3139500e-01  -6.0160000e-02
   1.7175800e-01   1.1929700e-01   3.9424000e-02   9.7709400e-01  -1.6046900e-01  -2.3182800e-01  -6.0924000e-02
   1.7146000e-01   1.2006600e-01   4.0834000e-02   9.7699400e-01  -1.5985400e-01  -2.3238300e-01  -6.1820000e-02
   1.7234600e-01   1.2111700e-01   4.2094000e-02   9.7665500e-01  -1.5905200e-01  -2.3315000e-01  -6.2862000e-02
   1.7516600e-01   1.2252100e-01   4.3226000e-02   9.7592900e-01  -1.5806400e-01  -2.3409800e-01  -6.4047000e-02
   1.8008800e-01   1.2430900e-01   4.4236000e-02   9.7476100e-01  -1.5688300e-01  -2.3522500e-01  -6.5374000e-02
   1.8515700e-01   1.2634700e-01   4.5404000e-02   9.7349500e-01  -1.5551900e-01  -2.3652900e-01  -6.6837000e-02
   1.8390800e-01   1.2827100e-01   4.7591000e-02   9.7337500e-01  -1.5397200e-01  -2.3802300e-01  -6.8445000e-02
   1.8541800e-01   1.3045100e-01   4.9583000e-02   9.7269900e-01  -1.5223100e-01  -2.3972200e-01  -7.0215000e-02
   1.8328800e-01   1.3034300e-01   4.9869000e-02   9.7310300e-01  -1.5223100e-01  -2.3972200e-01  -7.0215000e-02
   1.7750900e-01   1.3217800e-01   5.3057000e-02   9.7375800e-01  -1.5030100e-01  -2.4163000e-01  -7.2160000e-02
   1.7323800e-01   1.3406200e-01   5.6308000e-02   9.7408700e-01  -1.4820000e-01  -2.4374500e-01  -7.4264000e-02
   1.6951700e-01   1.3591000e-01   5.9829000e-02   9.7427600e-01  -1.4594500e-01  -2.4604800e-01  -7.6517000e-02
   1.6594700e-01   1.3772900e-01   6.3761000e-02   9.7438500e-01  -1.4354600e-01  -2.4853800e-01  -7.8881000e-02
   1.6451600e-01   1.3969300e-01   6.7874000e-02   9.7407100e-01  -1.4100600e-01  -2.5120800e-01  -8.1323000e-02
   1.6455700e-01   1.4189800e-01   7.2288000e-02   9.7342700e-01  -1.3830600e-01  -2.5405000e-01  -8.3795000e-02
   1.6518600e-01   1.4431700e-01   7.7047000e-02   9.7260000e-01  -1.3542800e-01  -2.5709300e-01  -8.6270000e-02
   1.6619400e-01   1.4701800e-01   8.2205000e-02   9.7160100e-01  -1.3234500e-01  -2.6033000e-01  -8.8732000e-02
   1.6813500e-01   1.5014700e-01   8.7681000e-02   9.7030900e-01  -1.2906400e-01  -2.6372400e-01  -9.1119000e-02
   1.7148500e-01   1.5387300e-01   9.3412000e-02   9.6860200e-01  -1.2557000e-01  -2.6726600e-01  -9.3380000e-02
   1.7562100e-01   1.5819900e-01   9.9483000e-02   9.6655800e-01  -1.2186900e-01  -2.7095100e-01  -9.5473000e-02
   1.7902400e-01   1.6303100e-01   1.0615700e-01   9.6441800e-01  -1.1795400e-01  -2.7480400e-01  -9.7355000e-02
   1.8151000e-01   1.6837900e-01   1.1344900e-01   9.6220200e-01  -1.1383400e-01  -2.7879600e-01  -9.8986000e-02
   1.8523300e-01   1.7455800e-01   1.2100700e-01   9.5946600e-01  -1.0949700e-01  -2.8292200e-01  -1.0033900e-01
   1.8683000e-01   1.8122400e-01   1.2937300e-01   9.5682500e-01  -1.0490300e-01  -2.8719600e-01  -1.0139000e-01
   1.9031100e-01   1.8169400e-01   1.2871200e-01   9.5613900e-01  -1.0490300e-01  -2.8719600e-01  -1.0139000e-01
   1.9894300e-01   1.9830400e-01   1.4511700e-01   9.4870300e-01  -9.4674000e-02  -2.9626500e-01  -1.0265700e-01
   2.0039300e-01   2.1657800e-01   1.6347800e-01   9.4138800e-01  -8.3389000e-02  -3.0578500e-01  -1.0266800e-01
   2.0039300e-01   2.1657800e-01   1.6347800e-01   9.4138800e-01  -8.3389000e-02  -3.0578500e-01  -1.0266800e-01
   2.0039300e-01   2.1657800e-01   1.6347800e-01   9.4138800e-01  -8.3389000e-02  -3.0578500e-01  -1.0266800e-01
   2.0039300e-01   2.1657800e-01   1.6347800e-01   9.4138800e-01  -8.3389000e-02  -3.0578500e-01  -1.0266800e-01
   2.0039300e-01   2.1657800e-01   1.6347800e-01   9.4138800e-01  -8.3389000e-02  -3.0578500e-01  -1.0266800e-01
   2.0039300e-01   2.1657800e-01   1.6347800e-01   9.4138800e-01  -8.3389000e-02  -3.0578500e-01  -1.0266800e-01
   2.0039300e-01   2.1657800e-01   1.6347800e-01   9.4138800e-01  -8.3389000e-02  -3.0578500e-01  -1.0266800e-01
   2.0039300e-01   2.1657800e-01   1.6347800e-01   9.4138800e-01  -8.3389000e-02  -3.0578500e-01  -1.0266800e-01
   2.0039300e-01   2.1657800e-01   1.6347800e-01   9.4138800e-01  -8.3389000e-02  -3.0578500e-01  -1.0266800e-01
   2.0039300e-01   2.1657800e-01   1.6347800e-01   9.4138800e-01  -8.3389000e-02  -3.0578500e-01  -1.0266800e-01
   2.0039300e-01   2.1657800e-01   1.6347800e-01   9.4138800e-01  -8.3389000e-02  -3.0578500e-01  -1.0266800e-01
   2.0039300e-01   2.1657800e-01   1.6347800e-01   9.4138800e-01  -8.3389000e-02  -3.0578500e-01  -1.0266800e-01
   2.0039300e-01   2.1657800e-01   1.6347800e-01   9.4138800e-01  -8.3389000e-02  -3.0578500e-01  -1.0266800e-01
   2.0039300e-01   2.1657800e-01   1.6347800e-01   9.4138800e-01  -8.3389000e-02  -3.0578500e-01  -1.0266800e-01
   2.0039300e-01   2.1657800e-01   1.6347800e-01   9.4138800e-01  -8.3389000e-02  -3.0578500e-01  -1.0266800e-01
   2.0039300e-01   2.1657800e-01   1.6347800e-01   9.4138800e-01  -8.3389000e-02  -3.0578500e-01  -1.0266800e-01
   2.0039300e-01   2.1657800e-01   1.6347800e-01   9.4138800e-01  -8.3389000e-02  -3.0578500e-01  -1.0266800e-01
   2.0039300e-01   2.1657800e-01   1.6347800e-01   9.4138800e-01  -8.3389000e-02  -3.0578500e-01  -1.0266800e-01
   2.0039300e-01   2.1657800e-01   1.6347800e-01   9.4138800e-01  -8.3389000e-02  -3.0578500e-01  -1.0266800e-01
   1.5655500e-01   4.5677600e-01   3.7398300e-01   7.9182200e-01   6.6501000e-02  -4.3983700e-01  -3.8619000e-02
   1.5706300e-01   4.6490300e-01   3.7495200e-01   7.8651600e-01   7.0613000e-02  -4.4316400e-01  -3.5007000e-02
   1.5309000e-01   4.7943000e-01   3.7872500e-01   7.7670900e-01   7.9044000e-02  -4.4948500e-01  -2.7376000e-02
   1.4855300e-01   4.9437100e-01   3.8150600e-01   7.6680000e-01   8.7689000e-02  -4.5530100e-01  -1.9276000e-02
   1.4264300e-01   5.0920700e-01   3.8386800e-01   7.5697200e-01   9.6457000e-02  -4.6053200e-01  -1.0740000e-02
   1.3500100e-01   5.2369100e-01   3.8602700e-01   7.4733300e-01   1.0529900e-01  -4.6513000e-01  -1.7640000e-03
   1.2708200e-01   5.3801100e-01   3.8732500e-01   7.3781700e-01   1.1393500e-01  -4.6897100e-01   7.3800000e-03
   1.1843700e-01   5.5209800e-01   3.8789100e-01   7.2849200e-01   1.2241100e-01  -4.7208300e-01   1.6795000e-02
   1.0973000e-01   5.6641600e-01   3.8718800e-01   7.1917900e-01   1.3075500e-01  -4.7447900e-01   2.6543000e-02
   1.0203000e-01   5.8151300e-01   3.8408300e-01   7.0986800e-01   1.3889700e-01  -4.7611100e-01   3.6637000e-02
   9.4543000e-02   5.9690600e-01   3.7914400e-01   7.0072400e-01   1.4681800e-01  -4.7697200e-01   4.7040000e-02
   8.6483000e-02   6.1213400e-01   3.7304100e-01   6.9184800e-01   1.5449700e-01  -4.7704800e-01   5.7730000e-02
   7.7710000e-02   6.2701900e-01   3.6599300e-01   6.8326900e-01   1.6173900e-01  -4.7626300e-01   6.8696000e-02
   7.3148000e-02   6.3435100e-01   3.6204300e-01   6.7909700e-01   1.6520600e-01  -4.7555600e-01   7.4256000e-02
   6.3211000e-02   6.4852400e-01   3.5370700e-01   6.7105300e-01   1.7184200e-01  -4.7351200e-01   8.5508000e-02
   5.1995000e-02   6.6190700e-01   3.4492400e-01   6.6347800e-01   1.7813300e-01  -4.7064300e-01   9.6889000e-02
   3.8764000e-02   6.7397300e-01   3.3681500e-01   6.5636400e-01   1.8399200e-01  -4.6696500e-01   1.0827800e-01
   2.5786000e-02   6.8577300e-01   3.2724100e-01   6.4958700e-01   1.8938700e-01  -4.6251100e-01   1.1957100e-01
   1.4211000e-02   6.9779800e-01   3.1516000e-01   6.4307900e-01   1.9428300e-01  -4.5731800e-01   1.3069600e-01
   3.4010000e-03   7.0957700e-01   3.0138700e-01   6.3691000e-01   1.9862700e-01  -4.5143000e-01   1.4157100e-01
  -7.7820000e-03   7.2051000e-01   2.8728000e-01   6.3109100e-01   2.0243100e-01  -4.4490200e-01   1.5214700e-01
  -1.9543000e-02   7.3041000e-01   2.7334000e-01   6.2562300e-01   2.0575900e-01  -4.3785100e-01   1.6230800e-01
  -2.4719000e-02   7.3535000e-01   2.6548500e-01   6.2303000e-01   2.0721900e-01  -4.3415300e-01   1.6721400e-01
  -3.4792000e-02   7.4473500e-01   2.4928300e-01   6.1807600e-01   2.0970800e-01  -4.2640300e-01   1.7671400e-01
  -4.3976000e-02   7.5359900e-01   2.3204600e-01   6.1344100e-01   2.1161000e-01  -4.1824900e-01   1.8575900e-01
  -5.2961000e-02   7.6167600e-01   2.1482200e-01   6.0901300e-01   2.1297100e-01  -4.0976400e-01   1.9433500e-01
  -6.1660000e-02   7.6901700e-01   1.9765500e-01   6.0476800e-01   2.1380700e-01  -4.0099500e-01   2.0244500e-01
  -6.8591000e-02   7.7607700e-01   1.7883200e-01   6.0084800e-01   2.1411700e-01  -3.9199600e-01   2.1008600e-01
  -7.5584000e-02   7.8232800e-01   1.6065700e-01   5.9702600e-01   2.1394600e-01  -3.8276500e-01   2.1730000e-01
  -7.7233000e-02   7.8565200e-01   1.4940800e-01   5.9536900e-01   2.1368500e-01  -3.7807000e-01   2.2075300e-01
  -8.2767000e-02   7.9113200e-01   1.3039900e-01   5.9182400e-01   2.1283800e-01  -3.6854300e-01   2.2734500e-01
  -8.8683000e-02   7.9587600e-01   1.1271100e-01   5.8822900e-01   2.1160900e-01  -3.5884100e-01   2.3354000e-01
  -9.4655000e-02   8.0005400e-01   9.6013000e-02   5.8458200e-01   2.1008900e-01  -3.4901700e-01   2.3932900e-01
  -9.8943000e-02   8.0394400e-01   7.8021000e-02   5.8120300e-01   2.0830300e-01  -3.3912200e-01   2.4469700e-01
  -1.0129300e-01   8.0750100e-01   5.8296000e-02   5.7817200e-01   2.0628200e-01  -3.2916000e-01   2.4965600e-01
  -1.0256000e-01   8.0905600e-01   4.8853000e-02   5.7664900e-01   2.0520800e-01  -3.2414800e-01   2.5199100e-01
  -1.0594900e-01   8.1166100e-01   3.1719000e-02   5.7356300e-01   2.0292400e-01  -3.1409800e-01   2.5634700e-01
  -1.0970500e-01   8.1381700e-01   1.6246000e-02   5.7044000e-01   2.0050500e-01  -3.0410400e-01   2.6027400e-01
  -1.1433000e-01   8.1568500e-01   3.1230000e-03   5.6707800e-01   1.9803400e-01  -2.9415800e-01   2.6380900e-01
  -1.1641700e-01   8.1645800e-01  -3.4270000e-03   5.6553600e-01   1.9679500e-01  -2.8927400e-01   2.6539900e-01
  -1.1885800e-01   8.1760400e-01  -1.8565000e-02   5.6307400e-01   1.9431800e-01  -2.7968600e-01   2.6823700e-01
  -1.2216600e-01   8.1820700e-01  -3.2043000e-02   5.6088000e-01   1.9178900e-01  -2.7032500e-01   2.7062900e-01
  -1.2567600e-01   8.1845400e-01  -4.4290000e-02   5.5890600e-01   1.8934000e-01  -2.6139300e-01   2.7259000e-01
  -1.2997100e-01   8.1852200e-01  -5.4389000e-02   5.5693100e-01   1.8701900e-01  -2.5293300e-01   2.7417100e-01
  -1.3500300e-01   8.1849100e-01  -6.2402000e-02   5.5493400e-01   1.8483200e-01  -2.4497400e-01   2.7541200e-01
  -1.3914600e-01   8.1819600e-01  -7.0847000e-02   5.5333100e-01   1.8275300e-01  -2.3750000e-01   2.7635200e-01
  -1.4184600e-01   8.1655900e-01  -7.9330000e-02   5.5391100e-01   1.8040800e-01  -2.3070200e-01   2.7826000e-01
  -1.4270000e-01   8.1457000e-01  -8.2828000e-02   5.5610500e-01   1.7886600e-01  -2.2762900e-01   2.8036200e-01
  -1.4449800e-01   8.0979200e-01  -8.8469000e-02   5.6172100e-01   1.7553700e-01  -2.2181100e-01   2.8514800e-01
  -1.4641500e-01   8.0451000e-01  -9.2982000e-02   5.6804900e-01   1.7207600e-01  -2.1631700e-01   2.9004000e-01
  -1.4796700e-01   7.9903800e-01  -9.7282000e-02   5.7461300e-01   1.6864200e-01  -2.1112600e-01   2.9471200e-01
  -1.4967400e-01   7.9358900e-01  -1.0078100e-01   5.8108300e-01   1.6524900e-01  -2.0620400e-01   2.9905400e-01
  -1.5103200e-01   7.8812200e-01  -1.0415200e-01   5.8754200e-01   1.6189400e-01  -2.0152200e-01   3.0310200e-01
  -1.5180800e-01   7.8262700e-01  -1.0765700e-01   5.9401900e-01   1.5857600e-01  -1.9708100e-01   3.0687500e-01
  -1.5194200e-01   7.7987700e-01  -1.0953100e-01   5.9725100e-01   1.5693900e-01  -1.9495200e-01   3.0864900e-01
  -1.5153600e-01   7.7438200e-01  -1.1377700e-01   6.0367500e-01   1.5371000e-01  -1.9083700e-01   3.1195300e-01
  -1.5190100e-01   7.6919000e-01  -1.1666800e-01   6.0964100e-01   1.5052100e-01  -1.8686100e-01   3.1494900e-01
  -1.5244400e-01   7.6674800e-01  -1.1748200e-01   6.1241900e-01   1.4895500e-01  -1.8490800e-01   3.1636900e-01
  -1.5281100e-01   7.6177900e-01  -1.1977400e-01   6.1805800e-01   1.4579200e-01  -1.8101900e-01   3.1906400e-01
  -1.5322700e-01   7.5678400e-01  -1.2187800e-01   6.2365400e-01   1.4259900e-01  -1.7716000e-01   3.2158900e-01
  -1.5334400e-01   7.5426800e-01  -1.2304100e-01   6.2643900e-01   1.4103400e-01  -1.7528900e-01   3.2277300e-01
  -1.5365000e-01   7.5180900e-01  -1.2395500e-01   6.2913500e-01   1.3950600e-01  -1.7347100e-01   3.2390900e-01
  -1.5338700e-01   7.4929100e-01  -1.2543600e-01   6.3190300e-01   1.3801600e-01  -1.7168500e-01   3.2502500e-01
  -1.5365300e-01   7.4680300e-01  -1.2627900e-01   6.3461000e-01   1.3650800e-01  -1.6990100e-01   3.2614200e-01
  -1.5373500e-01   7.4416000e-01  -1.2733700e-01   6.3747700e-01   1.3495500e-01  -1.6810700e-01   3.2726800e-01
  -1.5385900e-01   7.4141700e-01  -1.2832100e-01   6.4043900e-01   1.3335200e-01  -1.6631500e-01   3.2839200e-01
  -1.5399300e-01   7.3858000e-01  -1.2924600e-01   6.4349200e-01   1.3170400e-01  -1.6454300e-01   3.2950400e-01
  -1.5425700e-01   7.3568300e-01  -1.2995000e-01   6.4659800e-01   1.3002000e-01  -1.6279800e-01   3.3061000e-01
  -1.5456800e-01   7.3274100e-01  -1.3050200e-01   6.4974500e-01   1.2830700e-01  -1.6109500e-01   3.3169600e-01
  -1.5453700e-01   7.3273500e-01  -1.3053700e-01   6.4975200e-01   1.2830700e-01  -1.6109500e-01   3.3169600e-01
  -1.5453900e-01   7.2971400e-01  -1.3131100e-01   6.5298700e-01   1.2657800e-01  -1.5945100e-01   3.3275100e-01
  -1.5470600e-01   7.2673300e-01  -1.3178500e-01   6.5616900e-01   1.2485200e-01  -1.5787500e-01   3.3376600e-01
  -1.5504000e-01   7.2381000e-01  -1.3194700e-01   6.5928100e-01   1.2313900e-01  -1.5637200e-01   3.3474400e-01
  -1.5507800e-01   7.2087800e-01  -1.3230500e-01   6.6240500e-01   1.2144700e-01  -1.5494500e-01   3.3568000e-01
  -1.5503000e-01   7.1799700e-01  -1.3264900e-01   6.6547000e-01   1.1979100e-01  -1.5359400e-01   3.3656700e-01
  -1.5495200e-01   7.1518500e-01  -1.3293000e-01   6.6845400e-01   1.1818100e-01  -1.5232000e-01   3.3741200e-01
  -1.5530800e-01   7.1253800e-01  -1.3266700e-01   6.7124400e-01   1.1662900e-01  -1.5112000e-01   3.3822200e-01
  -1.5596600e-01   7.1003300e-01  -1.3202900e-01   6.7386700e-01   1.1513800e-01  -1.4999400e-01   3.3899400e-01
  -1.5643000e-01   7.0758900e-01  -1.3156300e-01   6.7641600e-01   1.1371500e-01  -1.4893100e-01   3.3972400e-01
  -1.5629600e-01   7.0512300e-01  -1.3168600e-01   6.7899300e-01   1.1235500e-01  -1.4793000e-01   3.4041500e-01
  -1.5668100e-01   7.0285500e-01  -1.3125200e-01   6.8133600e-01   1.1106700e-01  -1.4699200e-01   3.4106800e-01
  -1.5720500e-01   7.0072700e-01  -1.3065600e-01   6.8351800e-01   1.0985100e-01  -1.4611500e-01   3.4168100e-01
  -1.5758900e-01   6.9870000e-01  -1.3019200e-01   6.8559000e-01   1.0870800e-01  -1.4529800e-01   3.4224600e-01
  -1.5764500e-01   6.9675500e-01  -1.3003900e-01   6.8758300e-01   1.0764900e-01  -1.4453700e-01   3.4277300e-01
  -1.5774400e-01   6.9495200e-01  -1.2981700e-01   6.8942400e-01   1.0667000e-01  -1.4382800e-01   3.4326700e-01
  -1.5775700e-01   6.9326300e-01  -1.2965900e-01   6.9114900e-01   1.0576700e-01  -1.4317300e-01   3.4373000e-01
  -1.5763300e-01   6.9324000e-01  -1.2978400e-01   6.9117800e-01   1.0576700e-01  -1.4317300e-01   3.4373000e-01
  -1.5712800e-01   6.9158700e-01  -1.3012400e-01   6.9288200e-01   1.0493600e-01  -1.4257200e-01   3.4415600e-01
  -1.5702600e-01   6.9013900e-01  -1.3005200e-01   6.9436100e-01   1.0418000e-01  -1.4201700e-01   3.4455400e-01
  -1.5742800e-01   6.8890000e-01  -1.2946200e-01   6.9561000e-01   1.0349000e-01  -1.4150800e-01   3.4492700e-01
  -1.5778900e-01   6.8775000e-01  -1.2891300e-01   6.9676700e-01   1.0285800e-01  -1.4104700e-01   3.4527500e-01
  -1.5764200e-01   6.8659500e-01  -1.2886000e-01   6.9794800e-01   1.0227700e-01  -1.4063000e-01   3.4559800e-01
  -1.5731800e-01   6.8548500e-01  -1.2897400e-01   6.9909000e-01   1.0174300e-01  -1.4025000e-01   3.4590400e-01
  -1.5785900e-01   6.8460600e-01  -1.2822900e-01   6.9996600e-01   1.0125200e-01  -1.3990300e-01   3.4619800e-01
  -1.5868800e-01   6.8384200e-01  -1.2718900e-01   7.0071500e-01   1.0080400e-01  -1.3959100e-01   3.4648400e-01
  -1.5868600e-01   6.8299700e-01  -1.2694900e-01   7.0158200e-01   1.0039400e-01  -1.3930800e-01   3.4675800e-01
  -1.5805700e-01   6.8137900e-01  -1.2704000e-01   7.0327900e-01   9.9675000e-02  -1.3881500e-01   3.4727200e-01
  -1.5795600e-01   6.8014300e-01  -1.2657400e-01   7.0458100e-01   9.9101000e-02  -1.3842700e-01   3.4773100e-01
  -1.5742000e-01   6.7910900e-01  -1.2658300e-01   7.0569600e-01   9.8666000e-02  -1.3812200e-01   3.4811400e-01
  -1.5686400e-01   6.7830800e-01  -1.2666800e-01   7.0657400e-01   9.8347000e-02  -1.3788100e-01   3.4842900e-01
  -1.5671400e-01   6.7777800e-01  -1.2638300e-01   7.0716700e-01   9.8121000e-02  -1.3769200e-01   3.4869900e-01
  -1.5635800e-01   6.7736000e-01  -1.2631200e-01   7.0765900e-01   9.7962000e-02  -1.3754300e-01   3.4893000e-01
  -1.5582800e-01   6.7704000e-01  -1.2644000e-01   7.0805900e-01   9.7862000e-02  -1.3742800e-01   3.4912300e-01
  -1.5526000e-01   6.7686900e-01  -1.2680000e-01   7.0828300e-01   9.7833000e-02  -1.3738400e-01   3.4920900e-01
  -1.5475400e-01   6.7672400e-01  -1.2691600e-01   7.0851200e-01   9.7818000e-02  -1.3732600e-01   3.4936600e-01
  -1.5433500e-01   6.7668600e-01  -1.2692100e-01   7.0863800e-01   9.7856000e-02  -1.3730600e-01   3.4951900e-01
  -1.5342100e-01   6.7663300e-01  -1.2736800e-01   7.0880700e-01   9.7939000e-02  -1.3731300e-01   3.4967400e-01
  -1.5231100e-01   6.7658300e-01  -1.2797700e-01   7.0898400e-01   9.8033000e-02  -1.3734700e-01   3.4981800e-01
  -1.5184700e-01   6.7667700e-01  -1.2794700e-01   7.0900000e-01   9.8135000e-02  -1.3740800e-01   3.4995200e-01
  -1.5151600e-01   6.7682000e-01  -1.2776200e-01   7.0896700e-01   9.8253000e-02  -1.3750000e-01   3.5008700e-01
  -1.5130600e-01   6.7689900e-01  -1.2768800e-01   7.0895000e-01   9.8319000e-02  -1.3756000e-01   3.5015500e-01
  -1.5065300e-01   6.7702300e-01  -1.2773800e-01   7.0896200e-01   9.8463000e-02  -1.3769800e-01   3.5030000e-01
  -1.4997300e-01   6.7713000e-01  -1.2780100e-01   7.0899200e-01   9.8611000e-02  -1.3784800e-01   3.5045300e-01
  -1.4905700e-01   6.7719700e-01  -1.2806500e-01   7.0907400e-01   9.8758000e-02  -1.3802500e-01   3.5060300e-01
  -1.4835100e-01   6.7731800e-01  -1.2808700e-01   7.0910200e-01   9.8914000e-02  -1.3823700e-01   3.5075500e-01
  -1.4775300e-01   6.7746000e-01  -1.2799500e-01   7.0910800e-01   9.9073000e-02  -1.3846800e-01   3.5090500e-01
  -1.4690800e-01   6.7756400e-01  -1.2813900e-01   7.0915900e-01   9.9235000e-02  -1.3871000e-01   3.5104900e-01
  -1.4577600e-01   6.7764100e-01  -1.2857700e-01   7.0923900e-01   9.9406000e-02  -1.3897400e-01   3.5117400e-01
  -1.4491200e-01   6.7778200e-01  -1.2878000e-01   7.0924500e-01   9.9584000e-02  -1.3924900e-01   3.5128700e-01
  -1.4336400e-01   6.7765100e-01  -1.2994900e-01   7.0947200e-01   9.9675000e-02  -1.3938600e-01   3.5134300e-01
  -1.4078200e-01   6.7748600e-01  -1.3180000e-01   7.0980400e-01   9.9865000e-02  -1.3967300e-01   3.5145400e-01
  -1.3875600e-01   6.7741600e-01  -1.3313600e-01   7.1002100e-01   1.0006900e-01  -1.3997000e-01   3.5157000e-01
  -1.3843900e-01   6.7763100e-01  -1.3286000e-01   7.0992900e-01   1.0027800e-01  -1.4027700e-01   3.5169800e-01
  -1.3934800e-01   6.7803300e-01  -1.3142800e-01   7.0963400e-01   1.0048600e-01  -1.4059800e-01   3.5183600e-01
