   1.4929500e-01   1.5739900e-01   2.5540000e-03   9.7618100e-01  -1.6586300e-01  -2.2074900e-01  -1.4880000e-02
   1.5148600e-01   1.5768400e-01   4.0030000e-03   9.7579300e-01  -1.6588000e-01  -2.2156100e-01  -1.4664000e-02
   1.5161900e-01   1.5768500e-01   3.9810000e-03   9.7577200e-01  -1.6588000e-01  -2.2156100e-01  -1.4664000e-02
   1.5320300e-01   1.5792300e-01   4.6170000e-03   9.7548300e-01  -1.6586900e-01  -2.2196700e-01  -1.4541000e-02
   1.5536200e-01   1.5821900e-01   5.1710000e-03   9.7509100e-01  -1.6584200e-01  -2.2237800e-01  -1.4425000e-02
   1.5877900e-01   1.5892400e-01   6.4520000e-03   9.7441800e-01  -1.6573700e-01  -2.2321000e-01  -1.4269000e-02
   1.6137000e-01   1.5968400e-01   7.9920000e-03   9.7385700e-01  -1.6555600e-01  -2.2407700e-01  -1.4334000e-02
   1.6181200e-01   1.6005700e-01   8.9190000e-03   9.7371400e-01  -1.6544200e-01  -2.2450900e-01  -1.4447000e-02
   1.6388800e-01   1.6084300e-01   1.0563000e-02   9.7322100e-01  -1.6515400e-01  -2.2535200e-01  -1.4853000e-02
   1.6558700e-01   1.6157400e-01   1.2330000e-02   9.7279100e-01  -1.6480900e-01  -2.2619500e-01  -1.5492000e-02
   1.6637500e-01   1.6192900e-01   1.3269000e-02   9.7258500e-01  -1.6461300e-01  -2.2662700e-01  -1.5897000e-02
   1.6756400e-01   1.6263800e-01   1.5415000e-02   9.7223100e-01  -1.6413800e-01  -2.2755000e-01  -1.6974000e-02
   1.6848800e-01   1.6303000e-01   1.6598000e-02   9.7198600e-01  -1.6383700e-01  -2.2806400e-01  -1.7689000e-02
   1.7005900e-01   1.6344300e-01   1.7767000e-02   9.7162300e-01  -1.6350100e-01  -2.2860800e-01  -1.8502000e-02
   1.7206200e-01   1.6401800e-01   1.9056000e-02   9.7114900e-01  -1.6306100e-01  -2.2921700e-01  -1.9506000e-02
   1.7631800e-01   1.6484400e-01   2.0265000e-02   9.7022000e-01  -1.6249200e-01  -2.2993800e-01  -2.0730000e-02
   1.8399200e-01   1.6601400e-01   2.1305000e-02   9.6857200e-01  -1.6176900e-01  -2.3081900e-01  -2.2182000e-02
   1.9302000e-01   1.6749800e-01   2.2506000e-02   9.6653000e-01  -1.6086700e-01  -2.3194800e-01  -2.3851000e-02
   1.9569200e-01   1.6910200e-01   2.5173000e-02   9.6564800e-01  -1.5976400e-01  -2.3339300e-01  -2.5727000e-02
   2.0294900e-01   1.6928700e-01   2.3901000e-02   9.6414900e-01  -1.5976400e-01  -2.3339300e-01  -2.5727000e-02
   2.1414200e-01   1.7148000e-01   2.5532000e-02   9.6129400e-01  -1.5844700e-01  -2.3515300e-01  -2.7781000e-02
   2.2789600e-01   1.7417700e-01   2.7214000e-02   9.5759300e-01  -1.5691300e-01  -2.3722200e-01  -2.9975000e-02
   2.4757900e-01   1.7754600e-01   2.8336000e-02   9.5203900e-01  -1.5513900e-01  -2.3962300e-01  -3.2299000e-02
   2.6097900e-01   1.8129800e-01   3.1173000e-02   9.4765500e-01  -1.5311900e-01  -2.4238400e-01  -3.4688000e-02
   2.7176100e-01   1.8552900e-01   3.5133000e-02   9.4365800e-01  -1.5085200e-01  -2.4549500e-01  -3.7121000e-02
   2.7924200e-01   1.9022600e-01   4.0400000e-02   9.4032200e-01  -1.4832300e-01  -2.4895500e-01  -3.9567000e-02
   2.8704100e-01   1.9551600e-01   4.6257000e-02   9.3661100e-01  -1.4552300e-01  -2.5275500e-01  -4.2007000e-02
   2.9467700e-01   2.0141300e-01   5.2777000e-02   9.3263700e-01  -1.4244200e-01  -2.5686400e-01  -4.4406000e-02
   3.0146400e-01   2.0791100e-01   6.0064000e-02   9.2859300e-01  -1.3906700e-01  -2.6126400e-01  -4.6727000e-02
   3.0733700e-01   2.1503400e-01   6.8079000e-02   9.2448300e-01  -1.3537500e-01  -2.6592200e-01  -4.8946000e-02
   3.1245900e-01   2.2280700e-01   7.6731000e-02   9.2023900e-01  -1.3134600e-01  -2.7079900e-01  -5.1044000e-02
   3.1886900e-01   2.3137200e-01   8.5420000e-02   9.1514700e-01  -1.2697900e-01  -2.7586400e-01  -5.2998000e-02
   3.2457000e-01   2.4058900e-01   9.4581000e-02   9.0984900e-01  -1.2225900e-01  -2.8109300e-01  -5.4796000e-02
   3.2954700e-01   2.5038500e-01   1.0410200e-01   9.0436100e-01  -1.1718800e-01  -2.8643600e-01  -5.6436000e-02
   3.3305600e-01   2.6062300e-01   1.1413700e-01   8.9895600e-01  -1.1178800e-01  -2.9185300e-01  -5.7889000e-02
   3.3478800e-01   2.7122200e-01   1.2470500e-01   8.9375800e-01  -1.0604600e-01  -2.9731700e-01  -5.9142000e-02
   3.3648600e-01   2.8235200e-01   1.3518200e-01   8.8813300e-01  -9.9979000e-02  -3.0277900e-01  -6.0186000e-02
   3.3457300e-01   2.8206000e-01   1.3578900e-01   8.8885500e-01  -9.9979000e-02  -3.0277900e-01  -6.0186000e-02
   3.3321000e-01   2.9318500e-01   1.4706400e-01   8.8396000e-01  -9.3587000e-02  -3.0819200e-01  -6.1022000e-02
   3.3094900e-01   3.0457400e-01   1.5843800e-01   8.7897900e-01  -8.6872000e-02  -3.1358800e-01  -6.1650000e-02
   3.2859600e-01   3.1636000e-01   1.6956500e-01   8.7360700e-01  -7.9871000e-02  -3.1889500e-01  -6.2033000e-02
   3.2521000e-01   3.2835700e-01   1.8067200e-01   8.6820400e-01  -7.2617000e-02  -3.2407300e-01  -6.2140000e-02
   3.2028400e-01   3.4039600e-01   1.9200800e-01   8.6294900e-01  -6.5117000e-02  -3.2912600e-01  -6.1982000e-02
   3.1396300e-01   3.5246700e-01   2.0351100e-01   8.5777500e-01  -5.7384000e-02  -3.3403000e-01  -6.1554000e-02
   3.0812400e-01   3.6500800e-01   2.1436400e-01   8.5198400e-01  -4.9430000e-02  -3.3875900e-01  -6.0846000e-02
   3.0368100e-01   3.7832900e-01   2.2405400e-01   8.4524800e-01  -4.1261000e-02  -3.4328100e-01  -5.9848000e-02
   2.9808900e-01   3.9170400e-01   2.3369400e-01   8.3851000e-01  -3.2928000e-02  -3.4761100e-01  -5.8572000e-02
   2.9110600e-01   4.0507900e-01   2.4341800e-01   8.3181500e-01  -2.4441000e-02  -3.5170600e-01  -5.7000000e-02
   2.8208500e-01   4.2607200e-01   2.5949800e-01   8.1948200e-01  -1.0763000e-02  -3.6089300e-01  -5.4018000e-02
   2.7932400e-01   4.3911500e-01   2.7153700e-01   8.0958200e-01  -1.6950000e-03  -3.7151000e-01  -5.1500000e-02
   2.7631900e-01   4.4982600e-01   2.8251800e-01   8.0093000e-01   6.1930000e-03  -3.8184600e-01  -4.8762000e-02
   2.7233500e-01   4.5999000e-01   2.9262000e-01   7.9285300e-01   1.3776000e-02  -3.9146300e-01  -4.5582000e-02
   2.7035100e-01   4.6498900e-01   2.9716200e-01   7.8891700e-01   1.7464000e-02  -3.9599000e-01  -4.3863000e-02
   2.6446000e-01   4.7488100e-01   3.0622000e-01   7.8152300e-01   2.4938000e-02  -4.0466200e-01  -3.9892000e-02
   2.6038100e-01   4.8648900e-01   3.1256700e-01   7.7319600e-01   3.2667000e-02  -4.1294900e-01  -3.5159000e-02
   2.5525600e-01   4.9813800e-01   3.1821100e-01   7.6514400e-01   4.0434000e-02  -4.2063100e-01  -2.9941000e-02
   2.4927700e-01   5.0958500e-01   3.2329500e-01   7.5740600e-01   4.8144000e-02  -4.2772500e-01  -2.4357000e-02
   2.4341800e-01   5.2172500e-01   3.2702200e-01   7.4940400e-01   5.5955000e-02  -4.3419300e-01  -1.8290000e-02
   2.3537000e-01   5.3302100e-01   3.3128600e-01   7.4211800e-01   6.3688000e-02  -4.4010300e-01  -1.1877000e-02
   2.3502400e-01   5.4044500e-01   3.3033500e-01   7.3726700e-01   6.7545000e-02  -4.4284400e-01  -8.5100000e-03
   2.2871000e-01   5.5300900e-01   3.3160400e-01   7.2932300e-01   7.5252000e-02  -4.4790900e-01  -1.4930000e-03
   2.2143500e-01   5.6538700e-01   3.3248100e-01   7.2163800e-01   8.2888000e-02  -4.5238500e-01   5.9000000e-03
   2.1359700e-01   5.7777300e-01   3.3261800e-01   7.1408700e-01   9.0451000e-02  -4.5626700e-01   1.3689000e-02
   2.0484100e-01   5.8997700e-01   3.3219700e-01   7.0683300e-01   9.7948000e-02  -4.5955100e-01   2.1864000e-02
   1.9475400e-01   6.0177400e-01   3.3150900e-01   7.0002900e-01   1.0533400e-01  -4.6219700e-01   3.0436000e-02
   1.8433600e-01   6.1355900e-01   3.2985300e-01   6.9337000e-01   1.1257900e-01  -4.6419400e-01   3.9357000e-02
   1.7356200e-01   6.2525100e-01   3.2730100e-01   6.8688500e-01   1.1958900e-01  -4.6549000e-01   4.8608000e-02
   1.6954500e-01   6.3176500e-01   3.2430600e-01   6.8334000e-01   1.2296400e-01  -4.6585100e-01   5.3365000e-02
   1.6028800e-01   6.4427000e-01   3.1826900e-01   6.7670400e-01   1.2946300e-01  -4.6598800e-01   6.3166000e-02
   1.5068300e-01   6.5667300e-01   3.1088500e-01   6.7039200e-01   1.3563400e-01  -4.6532600e-01   7.3339000e-02
   1.4150500e-01   6.6922100e-01   3.0133400e-01   6.6431700e-01   1.4146600e-01  -4.6385600e-01   8.3811000e-02
   1.3225300e-01   6.8155600e-01   2.9019400e-01   6.5861800e-01   1.4688600e-01  -4.6154800e-01   9.4518000e-02
   1.2268600e-01   6.9346800e-01   2.7775500e-01   6.5337800e-01   1.5184000e-01  -4.5838100e-01   1.0540200e-01
   1.1249100e-01   7.0471600e-01   2.6433600e-01   6.4872800e-01   1.5626900e-01  -4.5433000e-01   1.1640200e-01
   1.0195700e-01   7.1540300e-01   2.4964800e-01   6.4457700e-01   1.6017200e-01  -4.4938200e-01   1.2748400e-01
   8.9763000e-02   7.2499100e-01   2.3493600e-01   6.4119900e-01   1.6393000e-01  -4.4373400e-01   1.3845600e-01
   8.4980000e-02   7.3001800e-01   2.2555300e-01   6.3951400e-01   1.6564900e-01  -4.4062100e-01   1.4388100e-01
   7.2078000e-02   7.3832100e-01   2.0973400e-01   6.3694400e-01   1.6862300e-01  -4.3378000e-01   1.5457800e-01
   5.9270000e-02   7.4587300e-01   1.9292700e-01   6.3477600e-01   1.7093700e-01  -4.2615400e-01   1.6499800e-01
   4.7559000e-02   7.5284100e-01   1.7431500e-01   6.3291600e-01   1.7258700e-01  -4.1784400e-01   1.7501400e-01
   3.5189000e-02   7.5861100e-01   1.5597500e-01   6.3161900e-01   1.7347700e-01  -4.0884900e-01   1.8458300e-01
   2.2270000e-02   7.6320000e-01   1.3799100e-01   6.3086300e-01   1.7363900e-01  -3.9927300e-01   1.9360800e-01
   1.4489000e-02   7.6483000e-01   1.3060800e-01   6.3068800e-01   1.7344700e-01  -3.9430000e-01   1.9789100e-01
   1.2360000e-03   7.6786800e-01   1.1313300e-01   6.3053800e-01   1.7252400e-01  -3.8400700e-01   2.0599200e-01
  -1.2073000e-02   7.6992500e-01   9.6237000e-02   6.3072000e-01   1.7093700e-01  -3.7340300e-01   2.1338200e-01
  -2.5842000e-02   7.7105300e-01   8.0563000e-02   6.3112600e-01   1.6873400e-01  -3.6255700e-01   2.2005500e-01
  -3.8692000e-02   7.7146800e-01   6.4521000e-02   6.3180400e-01   1.6587800e-01  -3.5149100e-01   2.2600300e-01
  -5.0180000e-02   7.7131400e-01   4.7826000e-02   6.3266800e-01   1.6241900e-01  -3.4024500e-01   2.3124100e-01
  -6.0743000e-02   7.7059800e-01   3.1099000e-02   6.3365700e-01   1.5838400e-01  -3.2882200e-01   2.3578500e-01
  -6.9070000e-02   7.6935200e-01   1.2648000e-02   6.3495400e-01   1.5383600e-01  -3.1723800e-01   2.3963600e-01
  -7.6178000e-02   7.6849500e-01   7.4200000e-03   6.3526200e-01   1.5141600e-01  -3.1141900e-01   2.4130100e-01
  -8.6855000e-02   7.6662000e-01  -6.3560000e-03   6.3616800e-01   1.4639600e-01  -2.9982000e-01   2.4411000e-01
  -9.6092000e-02   7.6448600e-01  -2.0490000e-02   6.3710800e-01   1.4124200e-01  -2.8837200e-01   2.4624500e-01
  -1.0446500e-01   7.6215200e-01  -3.4136000e-02   6.3800200e-01   1.3606500e-01  -2.7719600e-01   2.4773600e-01
  -1.1128500e-01   7.5965200e-01  -4.8013000e-02   6.3893600e-01   1.3087200e-01  -2.6628700e-01   2.4863400e-01
  -1.1465600e-01   7.5835300e-01  -5.4416000e-02   6.3937000e-01   1.2830200e-01  -2.6098200e-01   2.4886700e-01
  -1.2100100e-01   7.5563100e-01  -6.6509000e-02   6.4027900e-01   1.2325700e-01  -2.5076700e-01   2.4892000e-01
  -1.2761000e-01   7.5273600e-01  -7.7176000e-02   6.4120900e-01   1.1823700e-01  -2.4092300e-01   2.4844300e-01
  -1.3238800e-01   7.4955900e-01  -8.8510000e-02   6.4249600e-01   1.1336800e-01  -2.3165100e-01   2.4751000e-01
  -1.3592000e-01   7.4618500e-01  -9.9906000e-02   6.4401300e-01   1.0864700e-01  -2.2289300e-01   2.4619100e-01
  -1.3761400e-01   7.4249400e-01  -1.1199700e-01   6.4592700e-01   1.0405000e-01  -2.1465700e-01   2.4452400e-01
  -1.4174900e-01   7.4123500e-01  -1.1371700e-01   6.4617800e-01   1.0180000e-01  -2.1074600e-01   2.4357500e-01
  -1.4601600e-01   7.3810400e-01  -1.2077200e-01   6.4753100e-01   9.7402000e-02  -2.0330700e-01   2.4147900e-01
  -1.4990500e-01   7.3500500e-01  -1.2707400e-01   6.4895900e-01   9.3173000e-02  -1.9639000e-01   2.3917000e-01
  -1.5219200e-01   7.3171700e-01  -1.3420600e-01   6.5070400e-01   8.9151000e-02  -1.8993400e-01   2.3671600e-01
  -1.5343700e-01   7.2832300e-01  -1.4165800e-01   6.5263800e-01   8.5333000e-02  -1.8388500e-01   2.3415500e-01
  -1.5520200e-01   7.2519200e-01  -1.4765000e-01   6.5437700e-01   8.1725000e-02  -1.7824900e-01   2.3152700e-01
  -1.5755200e-01   7.2242000e-01  -1.5207900e-01   6.5586500e-01   7.8333000e-02  -1.7301800e-01   2.2887900e-01
  -1.5869500e-01   7.2113700e-01  -1.5400400e-01   6.5655200e-01   7.6738000e-02  -1.7055500e-01   2.2757300e-01
  -1.6067000e-01   7.1872200e-01  -1.5756200e-01   6.5787400e-01   7.3759000e-02  -1.6596200e-01   2.2502600e-01
  -1.6153200e-01   7.1629800e-01  -1.6162800e-01   6.5931800e-01   7.1088000e-02  -1.6184000e-01   2.2261200e-01
  -1.6261700e-01   7.1417400e-01  -1.6488200e-01   6.6054900e-01   6.8729000e-02  -1.5816700e-01   2.2036800e-01
  -1.6404000e-01   7.1237700e-01  -1.6724100e-01   6.6154300e-01   6.6667000e-02  -1.5493700e-01   2.1831700e-01
  -1.6529000e-01   7.1083500e-01  -1.6927500e-01   6.6237400e-01   6.4897000e-02  -1.5208500e-01   2.1648200e-01
  -1.6512300e-01   7.0921200e-01  -1.7236500e-01   6.6335800e-01   6.3408000e-02  -1.4960200e-01   2.1487900e-01
  -1.6710700e-01   7.0903400e-01  -1.7151300e-01   6.6327100e-01   6.2757000e-02  -1.4850300e-01   2.1416200e-01
  -1.6889700e-01   7.0830200e-01  -1.7180600e-01   6.6352400e-01   6.1629000e-02  -1.4657100e-01   2.1289300e-01
  -1.7076900e-01   7.0781900e-01  -1.7162400e-01   6.6360800e-01   6.0707000e-02  -1.4495100e-01   2.1183100e-01
  -1.7183700e-01   7.0729600e-01  -1.7195700e-01   6.6380400e-01   5.9949000e-02  -1.4362400e-01   2.1094200e-01
  -1.7220700e-01   7.0706300e-01  -1.7215700e-01   6.6390400e-01   5.9631000e-02  -1.4306800e-01   2.1056600e-01
  -1.7258800e-01   7.0687000e-01  -1.7225900e-01   6.6398500e-01   5.9347000e-02  -1.4258300e-01   2.1023100e-01
  -1.7364200e-01   7.0674500e-01  -1.7183400e-01   6.6395300e-01   5.8880000e-02  -1.4174600e-01   2.0968000e-01
  -1.7398800e-01   7.0672200e-01  -1.7175200e-01   6.6390700e-01   5.8544000e-02  -1.4101400e-01   2.0928300e-01
  -1.7393900e-01   7.0671800e-01  -1.7178500e-01   6.6391600e-01   5.8289000e-02  -1.4046500e-01   2.0899200e-01
  -1.7429600e-01   7.0689400e-01  -1.7114700e-01   6.6380000e-01   5.8097000e-02  -1.4009600e-01   2.0879200e-01
  -1.7486500e-01   7.0715000e-01  -1.7012300e-01   6.6364100e-01   5.7946000e-02  -1.3987800e-01   2.0865300e-01
  -1.7495700e-01   7.0724500e-01  -1.6956400e-01   6.6365800e-01   5.7817000e-02  -1.3979600e-01   2.0855000e-01
  -1.7517300e-01   7.0731000e-01  -1.6910300e-01   6.6364900e-01   5.7768000e-02  -1.3982900e-01   2.0852000e-01
  -1.7476500e-01   7.0723200e-01  -1.6902100e-01   6.6386200e-01   5.7691000e-02  -1.3997000e-01   2.0849100e-01
  -1.7407900e-01   7.0711100e-01  -1.6918700e-01   6.6412800e-01   5.7634000e-02  -1.4014200e-01   2.0848600e-01
  -1.7345700e-01   7.0704600e-01  -1.6925100e-01   6.6434400e-01   5.7592000e-02  -1.4030800e-01   2.0849800e-01
  -1.7319900e-01   7.0711200e-01  -1.6884600e-01   6.6444400e-01   5.7550000e-02  -1.4046700e-01   2.0851400e-01
  -1.7290400e-01   7.0720300e-01  -1.6841500e-01   6.6453400e-01   5.7507000e-02  -1.4061300e-01   2.0853100e-01
  -1.7199700e-01   7.0715100e-01  -1.6869300e-01   6.6475300e-01   5.7469000e-02  -1.4070800e-01   2.0854500e-01
  -1.7103100e-01   7.0711400e-01  -1.6905900e-01   6.6494900e-01   5.7430000e-02  -1.4073700e-01   2.0855000e-01
  -1.7021400e-01   7.0717900e-01  -1.6928000e-01   6.6503400e-01   5.7405000e-02  -1.4068500e-01   2.0856100e-01
  -1.6985600e-01   7.0724200e-01  -1.6934000e-01   6.6504300e-01   5.7399000e-02  -1.4064200e-01   2.0857100e-01
  -1.6942400e-01   7.0746400e-01  -1.6916500e-01   6.6496100e-01   5.7407000e-02  -1.4055300e-01   2.0860800e-01
