   1.4387700e-01   1.6010400e-01   2.1928000e-02   9.7631200e-01  -1.6728100e-01  -2.3215500e-01  -5.0960000e-03
   1.4492500e-01   1.5974000e-01   2.2601000e-02   9.7620100e-01  -1.6746400e-01  -2.3240000e-01  -4.8210000e-03
   1.4550600e-01   1.5969100e-01   2.2948000e-02   9.7611500e-01  -1.6752200e-01  -2.3256000e-01  -4.6660000e-03
   1.4883300e-01   1.5986000e-01   2.3318000e-02   9.7557700e-01  -1.6756700e-01  -2.3296400e-01  -4.3750000e-03
   1.5299700e-01   1.6030600e-01   2.3674000e-02   9.7485000e-01  -1.6752500e-01  -2.3348900e-01  -4.1400000e-03
   1.5450900e-01   1.6058300e-01   2.4004000e-02   9.7455800e-01  -1.6747700e-01  -2.3378600e-01  -4.0550000e-03
   1.5768000e-01   1.6096200e-01   2.4111000e-02   9.7398500e-01  -1.6740700e-01  -2.3410800e-01  -4.0010000e-03
   1.6052900e-01   1.6141200e-01   2.4383000e-02   9.7343800e-01  -1.6730700e-01  -2.3446900e-01  -4.0050000e-03
   1.6306800e-01   1.6195600e-01   2.4897000e-02   9.7291300e-01  -1.6716400e-01  -2.3490200e-01  -4.0940000e-03
   1.6701000e-01   1.6267200e-01   2.5401000e-02   9.7211100e-01  -1.6696100e-01  -2.3543000e-01  -4.2930000e-03
   1.6887600e-01   1.6347400e-01   2.6466000e-02   9.7162600e-01  -1.6668500e-01  -2.3607100e-01  -4.6290000e-03
   1.7407200e-01   1.6455000e-01   2.7226000e-02   9.7050500e-01  -1.6631900e-01  -2.3685200e-01  -5.1100000e-03
   1.7906700e-01   1.6468800e-01   2.6379000e-02   9.6959600e-01  -1.6631900e-01  -2.3685200e-01  -5.1100000e-03
   1.9113700e-01   1.6622700e-01   2.6257000e-02   9.6702900e-01  -1.6583800e-01  -2.3778500e-01  -5.7610000e-03
   2.0575000e-01   1.6816000e-01   2.6027000e-02   9.6369700e-01  -1.6522900e-01  -2.3886300e-01  -6.6030000e-03
   2.1925100e-01   1.7044600e-01   2.6316000e-02   9.6030500e-01  -1.6446900e-01  -2.4008300e-01  -7.6560000e-03
   2.3008000e-01   1.7308700e-01   2.7431000e-02   9.5726300e-01  -1.6353800e-01  -2.4146000e-01  -8.9180000e-03
   2.4314200e-01   1.7622600e-01   2.8508000e-02   9.5342200e-01  -1.6241900e-01  -2.4302700e-01  -1.0393000e-02
   2.5413800e-01   1.7977100e-01   3.0345000e-02   9.4982900e-01  -1.6109400e-01  -2.4479400e-01  -1.2068000e-02
   2.6577000e-01   1.8372000e-01   3.2428000e-02   9.4581300e-01  -1.5956800e-01  -2.4676500e-01  -1.3944000e-02
   2.7016500e-01   1.8775200e-01   3.6359000e-02   9.4363000e-01  -1.5784300e-01  -2.4895700e-01  -1.5997000e-02
   2.8131400e-01   1.9236200e-01   3.9365000e-02   9.3931400e-01  -1.5591400e-01  -2.5140300e-01  -1.8183000e-02
   2.8568500e-01   1.9695800e-01   4.4178000e-02   9.3682400e-01  -1.5378100e-01  -2.5414800e-01  -2.0471000e-02
   2.8920700e-01   2.0176900e-01   4.9662000e-02   9.3444200e-01  -1.5143400e-01  -2.5720900e-01  -2.2838000e-02
   2.9336900e-01   2.0688400e-01   5.5525000e-02   9.3169200e-01  -1.4886700e-01  -2.6061100e-01  -2.5245000e-02
   2.9758400e-01   2.1233700e-01   6.1868000e-02   9.2872400e-01  -1.4605800e-01  -2.6435500e-01  -2.7658000e-02
   3.0071500e-01   2.1809300e-01   6.8929000e-02   9.2588100e-01  -1.4299400e-01  -2.6843100e-01  -3.0037000e-02
   3.0284900e-01   2.2417900e-01   7.6701000e-02   9.2311600e-01  -1.3967200e-01  -2.7281600e-01  -3.2339000e-02
   3.0590400e-01   2.3082200e-01   8.4682000e-02   9.1976800e-01  -1.3606700e-01  -2.7750000e-01  -3.4525000e-02
   3.0551600e-01   2.3078600e-01   8.4779000e-02   9.1989700e-01  -1.3606700e-01  -2.7750000e-01  -3.4525000e-02
   3.0905200e-01   2.3802100e-01   9.3105000e-02   9.1605900e-01  -1.3215500e-01  -2.8250200e-01  -3.6570000e-02
   3.1222600e-01   2.4586400e-01   1.0170200e-01   9.1198800e-01  -1.2793800e-01  -2.8766400e-01  -3.8402000e-02
   3.1290900e-01   2.5407900e-01   1.1118800e-01   9.0838800e-01  -1.2339800e-01  -2.9299700e-01  -4.0011000e-02
   3.1193200e-01   2.6269000e-01   1.2139700e-01   9.0496100e-01  -1.1851500e-01  -2.9851200e-01  -4.1403000e-02
   3.1111100e-01   2.7195300e-01   1.3172600e-01   9.0105500e-01  -1.1327200e-01  -3.0413800e-01  -4.2571000e-02
   3.1083300e-01   2.8193900e-01   1.4196500e-01   8.9651500e-01  -1.0766900e-01  -3.0983400e-01  -4.3494000e-02
   3.0975700e-01   2.9244500e-01   1.5248000e-01   8.9178200e-01  -1.0171000e-01  -3.1557900e-01  -4.4154000e-02
   3.0712200e-01   3.0330300e-01   1.6343100e-01   8.8711500e-01  -9.5398000e-02  -3.2132900e-01  -4.4536000e-02
   3.0338700e-01   3.1449400e-01   1.7471300e-01   8.8234100e-01  -8.8751000e-02  -3.2707400e-01  -4.4645000e-02
   3.0064100e-01   3.2638500e-01   1.8545200e-01   8.7675300e-01  -8.1787000e-02  -3.3278400e-01  -4.4473000e-02
   3.0175500e-01   3.3964300e-01   1.9436200e-01   8.6937300e-01  -7.4539000e-02  -3.3842700e-01  -4.3995000e-02
   3.0240700e-01   3.6763000e-01   2.1102900e-01   8.5373600e-01  -5.9280000e-02  -3.4928700e-01  -4.2062000e-02
   3.0070500e-01   3.9534900e-01   2.2598900e-01   8.3797700e-01  -4.3944000e-02  -3.5896300e-01  -3.9364000e-02
   2.9855900e-01   4.2188300e-01   2.3825800e-01   8.2225900e-01  -2.9260000e-02  -3.6717500e-01  -3.6244000e-02
   2.9061400e-01   4.4561000e-01   2.5084300e-01   8.0873500e-01  -1.5305000e-02  -3.7402200e-01  -3.2781000e-02
   2.8960000e-01   4.5801800e-01   2.5455200e-01   8.0097100e-01  -8.5910000e-03  -3.7698400e-01  -3.0933000e-02
   2.8294100e-01   4.7754900e-01   2.6340800e-01   7.8899200e-01   2.9620000e-03  -3.8295500e-01  -2.7232000e-02
   2.7880600e-01   4.8971700e-01   2.7056600e-01   7.8053700e-01   1.0685000e-02  -3.9025400e-01  -2.3640000e-02
   2.7603800e-01   5.0044900e-01   2.7573400e-01   7.7286800e-01   1.7331000e-02  -3.9747600e-01  -1.9699000e-02
   2.7182300e-01   5.1068200e-01   2.8040900e-01   7.6595500e-01   2.3740000e-02  -4.0423400e-01  -1.5249000e-02
   2.6442500e-01   5.1975100e-01   2.8592300e-01   7.6038500e-01   2.9973000e-02  -4.1048400e-01  -1.0386000e-02
   2.5565500e-01   5.2843600e-01   2.9117200e-01   7.5539100e-01   3.6111000e-02  -4.1621500e-01  -5.1130000e-03
   2.5212500e-01   5.3347100e-01   2.9262000e-01   7.5247300e-01   3.9255000e-02  -4.1886000e-01  -2.2460000e-03
   2.4514200e-01   5.4336400e-01   2.9443100e-01   7.4697500e-01   4.5432000e-02  -4.2387600e-01   3.6930000e-03
   2.3722400e-01   5.5340900e-01   2.9545900e-01   7.4173300e-01   5.1660000e-02  -4.2836900e-01   1.0134000e-02
   2.2899400e-01   5.6384900e-01   2.9543400e-01   7.3644700e-01   5.7914000e-02  -4.3231900e-01   1.7081000e-02
   2.2084100e-01   5.7448200e-01   2.9428100e-01   7.3116200e-01   6.4036000e-02  -4.3573700e-01   2.4453000e-02
   2.1201500e-01   5.8517400e-01   2.9246100e-01   7.2600800e-01   7.0058000e-02  -4.3856200e-01   3.2304000e-02
   2.0244000e-01   5.9580700e-01   2.9016200e-01   7.2099800e-01   7.5922000e-02  -4.4075300e-01   4.0588000e-02
   1.9237800e-01   6.0638500e-01   2.8728800e-01   7.1606800e-01   8.1596000e-02  -4.4229200e-01   4.9232000e-02
   1.8294100e-01   6.1730500e-01   2.8273500e-01   7.1100500e-01   8.7050000e-02  -4.4314400e-01   5.8212000e-02
   1.7332700e-01   6.2818500e-01   2.7716300e-01   7.0606100e-01   9.2273000e-02  -4.4330000e-01   6.7482000e-02
   1.6999400e-01   6.3420800e-01   2.7257500e-01   7.0326800e-01   9.4787000e-02  -4.4310200e-01   7.2229000e-02
   1.6018200e-01   6.4503300e-01   2.6519200e-01   6.9853200e-01   9.9629000e-02  -4.4214900e-01   8.1936000e-02
   1.4907100e-01   6.5531400e-01   2.5759700e-01   6.9425200e-01   1.0429300e-01  -4.4049900e-01   9.1837000e-02
   1.3825200e-01   6.6559600e-01   2.4841900e-01   6.9004100e-01   1.0872100e-01  -4.3811100e-01   1.0189700e-01
   1.2694300e-01   6.7551900e-01   2.3846300e-01   6.8607300e-01   1.1286400e-01  -4.3496000e-01   1.1206200e-01
   1.1508600e-01   6.8508400e-01   2.2775400e-01   6.8230800e-01   1.1670000e-01  -4.3100000e-01   1.2233800e-01
   1.0911900e-01   6.8976200e-01   2.2196300e-01   6.8048100e-01   1.1847700e-01  -4.2870100e-01   1.2749900e-01
   9.7055000e-02   6.9907500e-01   2.0948400e-01   6.7675100e-01   1.2182400e-01  -4.2342400e-01   1.3796500e-01
   8.4667000e-02   7.0801000e-01   1.9606400e-01   6.7313700e-01   1.2481900e-01  -4.1727300e-01   1.4842500e-01
   7.2073000e-02   7.1645400e-01   1.8159600e-01   6.6971800e-01   1.2746900e-01  -4.1029400e-01   1.5874500e-01
   6.4465000e-02   7.2009300e-01   1.7557600e-01   6.6819500e-01   1.2865900e-01  -4.0656000e-01   1.6376400e-01
   5.0679000e-02   7.2725600e-01   1.6185900e-01   6.6508000e-01   1.3075800e-01  -3.9866700e-01   1.7344900e-01
   3.7660000e-02   7.3388700e-01   1.4718700e-01   6.6206300e-01   1.3249300e-01  -3.9028300e-01   1.8260900e-01
   2.4366000e-02   7.3973100e-01   1.3253600e-01   6.5927100e-01   1.3392300e-01  -3.8146700e-01   1.9122900e-01
   1.1343000e-02   7.4489800e-01   1.1787600e-01   6.5658500e-01   1.3494800e-01  -3.7227600e-01   1.9925800e-01
  -9.0100000e-04   7.4950700e-01   1.0277200e-01   6.5397000e-01   1.3553000e-01  -3.6272200e-01   2.0670600e-01
  -1.2168000e-02   7.5352500e-01   8.7063000e-02   6.5151500e-01   1.3569500e-01  -3.5290400e-01   2.1352800e-01
  -1.7883000e-02   7.5524800e-01   7.9511000e-02   6.5035300e-01   1.3562700e-01  -3.4791600e-01   2.1670200e-01
  -2.9206000e-02   7.5819900e-01   6.4879000e-02   6.4813000e-01   1.3524700e-01  -3.3788400e-01   2.2255800e-01
  -4.1200000e-02   7.6049500e-01   5.1900000e-02   6.4595400e-01   1.3458300e-01  -3.2783200e-01   2.2778000e-01
  -5.2630000e-02   7.6230100e-01   3.9201000e-02   6.4388700e-01   1.3365200e-01  -3.1782600e-01   2.3237500e-01
  -6.2819000e-02   7.6368500e-01   2.5962000e-02   6.4200100e-01   1.3248400e-01  -3.0790200e-01   2.3637600e-01
  -7.1730000e-02   7.6458000e-01   1.2159000e-02   6.4041000e-01   1.3109200e-01  -2.9814600e-01   2.3977900e-01
  -8.1344000e-02   7.6512100e-01   4.5100000e-04   6.3872700e-01   1.2959800e-01  -2.8866000e-01   2.4265200e-01
  -8.5995000e-02   7.6529600e-01  -5.0660000e-03   6.3788800e-01   1.2881700e-01  -2.8403800e-01   2.4390100e-01
  -9.4029000e-02   7.6542400e-01  -1.6625000e-02   6.3640200e-01   1.2717300e-01  -2.7504100e-01   2.4603700e-01
  -1.0090300e-01   7.6523800e-01  -2.8427000e-02   6.3515400e-01   1.2543700e-01  -2.6636300e-01   2.4772900e-01
  -1.0446000e-01   7.6503900e-01  -3.3820000e-02   6.3455400e-01   1.2454100e-01  -2.6214600e-01   2.4841900e-01
  -1.1170300e-01   7.6456100e-01  -4.3654000e-02   6.3329500e-01   1.2268800e-01  -2.5387200e-01   2.4954200e-01
  -1.1947200e-01   7.6389800e-01  -5.2108000e-02   6.3203700e-01   1.2068500e-01  -2.4576500e-01   2.5029700e-01
  -1.2640100e-01   7.6299300e-01  -6.0460000e-02   6.3103800e-01   1.1860100e-01  -2.3804300e-01   2.5069200e-01
  -1.3320600e-01   7.6195800e-01  -6.7701000e-02   6.3015200e-01   1.1651600e-01  -2.3084500e-01   2.5077200e-01
  -1.4001500e-01   7.6085000e-01  -7.3677000e-02   6.2934500e-01   1.1442800e-01  -2.2416900e-01   2.5057900e-01
  -1.4537700e-01   7.5950700e-01  -8.0183000e-02   6.2895600e-01   1.1229600e-01  -2.1796000e-01   2.5013700e-01
  -1.4964800e-01   7.5787100e-01  -8.6922000e-02   6.2903200e-01   1.1011500e-01  -2.1226700e-01   2.4945400e-01
  -1.5258500e-01   7.5580600e-01  -9.4317000e-02   6.2974600e-01   1.0785600e-01  -2.0710700e-01   2.4853200e-01
  -1.5562400e-01   7.5493700e-01  -9.5785000e-02   6.2982300e-01   1.0670900e-01  -2.0472600e-01   2.4799600e-01
  -1.5966900e-01   7.5277700e-01  -1.0049000e-01   6.3066100e-01   1.0436400e-01  -2.0032200e-01   2.4678700e-01
  -1.6352800e-01   7.5049000e-01  -1.0458600e-01   6.3173200e-01   1.0194800e-01  -1.9630400e-01   2.4542000e-01
  -1.6717300e-01   7.4810100e-01  -1.0817300e-01   6.3300500e-01   9.9481000e-02  -1.9263800e-01   2.4392200e-01
  -1.7076300e-01   7.4569100e-01  -1.1107000e-01   6.3438800e-01   9.7006000e-02  -1.8932500e-01   2.4233200e-01
  -1.7355600e-01   7.4321500e-01  -1.1418500e-01   6.3598000e-01   9.4573000e-02  -1.8630800e-01   2.4070100e-01
  -1.7541000e-01   7.4070000e-01  -1.1773300e-01   6.3775600e-01   9.2252000e-02  -1.8359300e-01   2.3908400e-01
  -1.7656100e-01   7.3828800e-01  -1.2146000e-01   6.3953400e-01   9.0084000e-02  -1.8109000e-01   2.3752900e-01
  -1.7705800e-01   7.3716200e-01  -1.2319400e-01   6.4036400e-01   8.9068000e-02  -1.7991700e-01   2.3678500e-01
  -1.7799700e-01   7.3507600e-01  -1.2634000e-01   6.4188700e-01   8.7174000e-02  -1.7772400e-01   2.3537100e-01
  -1.7854700e-01   7.3313500e-01  -1.2949400e-01   6.4332400e-01   8.5480000e-02  -1.7574600e-01   2.3407100e-01
  -1.7915700e-01   7.3145500e-01  -1.3212900e-01   6.4453000e-01   8.3964000e-02  -1.7393200e-01   2.3288400e-01
  -1.8037200e-01   7.3019000e-01  -1.3358300e-01   6.4532500e-01   8.2626000e-02  -1.7226600e-01   2.3182200e-01
  -1.8232800e-01   7.2938100e-01  -1.3375300e-01   6.4565400e-01   8.1467000e-02  -1.7071700e-01   2.3089300e-01
  -1.8413600e-01   7.2880000e-01  -1.3369900e-01   6.4580900e-01   8.0465000e-02  -1.6928800e-01   2.3008300e-01
  -1.8422900e-01   7.2842100e-01  -1.3447200e-01   6.4604900e-01   8.0022000e-02  -1.6861800e-01   2.2972100e-01
  -1.8270400e-01   7.2750200e-01  -1.3764200e-01   6.4685000e-01   7.9231000e-02  -1.6732700e-01   2.2907700e-01
  -1.8136100e-01   7.2668300e-01  -1.4046400e-01   6.4754100e-01   7.8577000e-02  -1.6622900e-01   2.2853100e-01
  -1.8137800e-01   7.2620600e-01  -1.4161500e-01   6.4782100e-01   7.8019000e-02  -1.6529300e-01   2.2805500e-01
  -1.8151300e-01   7.2602700e-01  -1.4198300e-01   6.4790300e-01   7.7773000e-02  -1.6487000e-01   2.2784300e-01
  -1.8106800e-01   7.2559600e-01  -1.4338400e-01   6.4820300e-01   7.7346000e-02  -1.6409400e-01   2.2747400e-01
  -1.8046700e-01   7.2520400e-01  -1.4485100e-01   6.4848200e-01   7.6977000e-02  -1.6337100e-01   2.2715200e-01
  -1.8036600e-01   7.2499900e-01  -1.4565100e-01   6.4856000e-01   7.6659000e-02  -1.6268700e-01   2.2687300e-01
  -1.8061500e-01   7.2496300e-01  -1.4589900e-01   6.4847500e-01   7.6381000e-02  -1.6203700e-01   2.2663100e-01
  -1.8012300e-01   7.2486000e-01  -1.4678100e-01   6.4852900e-01   7.6130000e-02  -1.6140800e-01   2.2642000e-01
  -1.7987900e-01   7.2482200e-01  -1.4716100e-01   6.4855200e-01   7.6005000e-02  -1.6110700e-01   2.2631700e-01
  -1.7893600e-01   7.2467100e-01  -1.4833000e-01   6.4871600e-01   7.5752000e-02  -1.6052000e-01   2.2611300e-01
  -1.7804900e-01   7.2460900e-01  -1.4927800e-01   6.4881200e-01   7.5496000e-02  -1.5990800e-01   2.2591400e-01
  -1.7680400e-01   7.2446800e-01  -1.5053000e-01   6.4902100e-01   7.5244000e-02  -1.5934800e-01   2.2572100e-01
  -1.7497200e-01   7.2417300e-01  -1.5242400e-01   6.4940400e-01   7.4987000e-02  -1.5880400e-01   2.2552300e-01
  -1.7421500e-01   7.2406900e-01  -1.5315400e-01   6.4955200e-01   7.4841000e-02  -1.5851200e-01   2.2541100e-01
  -1.7270100e-01   7.2384200e-01  -1.5455100e-01   6.4987700e-01   7.4519000e-02  -1.5793400e-01   2.2516600e-01
  -1.7108600e-01   7.2354400e-01  -1.5605900e-01   6.5027600e-01   7.4145000e-02  -1.5732100e-01   2.2487500e-01
  -1.7017500e-01   7.2334200e-01  -1.5695300e-01   6.5052400e-01   7.3946000e-02  -1.5701200e-01   2.2471700e-01
  -1.6939600e-01   7.2315800e-01  -1.5771200e-01   6.5074900e-01   7.3738000e-02  -1.5670000e-01   2.2455000e-01
  -1.6857700e-01   7.2296100e-01  -1.5851300e-01   6.5098600e-01   7.3519000e-02  -1.5636700e-01   2.2437300e-01
  -1.6855700e-01   7.2294500e-01  -1.5845300e-01   6.5102400e-01   7.3280000e-02  -1.5600000e-01   2.2417800e-01
  -1.6858000e-01   7.2291900e-01  -1.5839000e-01   6.5106200e-01   7.3022000e-02  -1.5559800e-01   2.2396100e-01
  -1.6835200e-01   7.2280100e-01  -1.5865400e-01   6.5118800e-01   7.2744000e-02  -1.5517200e-01   2.2372500e-01
  -1.6825200e-01   7.2267700e-01  -1.5882900e-01   6.5130900e-01   7.2447000e-02  -1.5472900e-01   2.2346700e-01
  -1.6847500e-01   7.2259600e-01  -1.5868600e-01   6.5137500e-01   7.2142000e-02  -1.5429300e-01   2.2319900e-01
  -1.6890800e-01   7.2254200e-01  -1.5834800e-01   6.5140500e-01   7.1834000e-02  -1.5386500e-01   2.2292500e-01
  -1.6917600e-01   7.2243200e-01  -1.5820900e-01   6.5149100e-01   7.1532000e-02  -1.5345600e-01   2.2265300e-01
  -1.6899700e-01   7.2221700e-01  -1.5857100e-01   6.5168800e-01   7.1242000e-02  -1.5306100e-01   2.2239000e-01
  -1.6899700e-01   7.2221700e-01  -1.5857100e-01   6.5168800e-01   7.1242000e-02  -1.5306100e-01   2.2239000e-01
  -1.6898600e-01   7.2205900e-01  -1.5874200e-01   6.5182400e-01   7.0978000e-02  -1.5269300e-01   2.2215000e-01
