   1.1135600e-01   1.7712400e-01  -7.1000000e-05   9.7786900e-01  -1.6816900e-01  -2.1986200e-01   1.6632000e-02
   1.1052000e-01   1.7793600e-01   1.0820000e-03   9.7781500e-01  -1.6808600e-01  -2.2034600e-01   1.7168000e-02
   1.0895200e-01   1.7876300e-01   2.4090000e-03   9.7783800e-01  -1.6799400e-01  -2.2084700e-01   1.7688000e-02
   1.0757600e-01   1.7964200e-01   3.7550000e-03   9.7782500e-01  -1.6788500e-01  -2.2137000e-01   1.8188000e-02
   1.0529400e-01   1.8052700e-01   5.3070000e-03   9.7790300e-01  -1.6776400e-01  -2.2190500e-01   1.8648000e-02
   1.0154800e-01   1.8136800e-01   7.1600000e-03   9.7813200e-01  -1.6763900e-01  -2.2244800e-01   1.9059000e-02
   9.9378000e-02   1.8214300e-01   8.7700000e-03   9.7819800e-01  -1.6751700e-01  -2.2300500e-01   1.9406000e-02
   9.8915000e-02   1.8285800e-01   1.0094000e-02   9.7809900e-01  -1.6739500e-01  -2.2356800e-01   1.9671000e-02
   1.0080200e-01   1.8350900e-01   1.0998000e-02   9.7777400e-01  -1.6727700e-01  -2.2413200e-01   1.9846000e-02
   1.0484300e-01   1.8412900e-01   1.1516000e-02   9.7722700e-01  -1.6715400e-01  -2.2469900e-01   1.9922000e-02
   1.0748300e-01   1.8468900e-01   1.2340000e-02   9.7682400e-01  -1.6702100e-01  -2.2527600e-01   1.9880000e-02
   1.0823900e-01   1.8523000e-01   1.3578000e-02   9.7662200e-01  -1.6686300e-01  -2.2587200e-01   1.9713000e-02
   1.0758400e-01   1.8575700e-01   1.5190000e-02   9.7657000e-01  -1.6667300e-01  -2.2651000e-01   1.9399000e-02
   1.0934000e-01   1.8632000e-01   1.6344000e-02   9.7624900e-01  -1.6642000e-01  -2.2727400e-01   1.8910000e-02
   1.0576900e-01   1.8625900e-01   1.7025000e-02   9.7664300e-01  -1.6642000e-01  -2.2727400e-01   1.8910000e-02
   1.0292300e-01   1.8674500e-01   1.9151000e-02   9.7681400e-01  -1.6610300e-01  -2.2815400e-01   1.8218000e-02
   1.0111300e-01   1.8726000e-01   2.1276000e-02   9.7686100e-01  -1.6571100e-01  -2.2918500e-01   1.7297000e-02
   1.0042300e-01   1.8783000e-01   2.3423000e-02   9.7677300e-01  -1.6523100e-01  -2.3038700e-01   1.6121000e-02
   1.0001300e-01   1.8841900e-01   2.5769000e-02   9.7664300e-01  -1.6464800e-01  -2.3180400e-01   1.4670000e-02
   1.0107500e-01   1.8907900e-01   2.8092000e-02   9.7634200e-01  -1.6394200e-01  -2.3345700e-01   1.2930000e-02
   1.0427100e-01   1.8986400e-01   3.0350000e-02   9.7578600e-01  -1.6311000e-01  -2.3532900e-01   1.0915000e-02
   1.0842900e-01   1.9077600e-01   3.2783000e-02   9.7507600e-01  -1.6212400e-01  -2.3746400e-01   8.6150000e-03
   1.1252100e-01   1.9181300e-01   3.5602000e-02   9.7431000e-01  -1.6096200e-01  -2.3989100e-01   6.0530000e-03
   1.1773500e-01   1.9305200e-01   3.8604000e-02   9.7333400e-01  -1.5960300e-01  -2.4262500e-01   3.2500000e-03
   1.2421100e-01   1.9454200e-01   4.1817000e-02   9.7209900e-01  -1.5803300e-01  -2.4568000e-01   2.4000000e-04
   1.3077500e-01   1.9626100e-01   4.5514000e-02   9.7072500e-01  -1.5624400e-01  -2.4906100e-01  -2.9340000e-03
   1.3620500e-01   1.9821000e-01   5.0020000e-02   9.6936000e-01  -1.5422100e-01  -2.5275200e-01  -6.2380000e-03
   1.4006300e-01   2.0038400e-01   5.5393000e-02   9.6807000e-01  -1.5193200e-01  -2.5678400e-01  -9.6420000e-03
   1.4306900e-01   2.0283900e-01   6.1572000e-02   9.6674500e-01  -1.4938200e-01  -2.6111300e-01  -1.3093000e-02
   1.4710500e-01   2.0573500e-01   6.8251000e-02   9.6507800e-01  -1.4657300e-01  -2.6571000e-01  -1.6545000e-02
   1.5224100e-01   2.0916400e-01   7.5428000e-02   9.6300800e-01  -1.4349400e-01  -2.7055600e-01  -1.9937000e-02
   1.5560500e-01   2.1294800e-01   8.3758000e-02   9.6095000e-01  -1.4014300e-01  -2.7563200e-01  -2.3224000e-02
   1.5712200e-01   2.1308000e-01   8.3421000e-02   9.6070300e-01  -1.4014300e-01  -2.7563200e-01  -2.3224000e-02
   1.6698000e-01   2.2264800e-01   1.0141200e-01   9.5512400e-01  -1.3252900e-01  -2.8640600e-01  -2.9371000e-02
   1.7374800e-01   2.3404800e-01   1.2204900e-01   9.4875600e-01  -1.2382000e-01  -2.9771800e-01  -3.4624000e-02
   1.8185100e-01   2.4640200e-01   1.4209200e-01   9.4129000e-01  -1.1471600e-01  -3.0858200e-01  -3.8939000e-02
   1.9016200e-01   2.5931000e-01   1.6094200e-01   9.3311000e-01  -1.0546700e-01  -3.1867900e-01  -4.2399000e-02
   1.9792500e-01   2.7262700e-01   1.7889400e-01   9.2439000e-01  -9.6193000e-02  -3.2804500e-01  -4.5037000e-02
   2.0498600e-01   2.8637700e-01   1.9577400e-01   9.1522800e-01  -8.6835000e-02  -3.3675000e-01  -4.6998000e-02
   2.0907600e-01   2.9360500e-01   2.0350400e-01   9.1031300e-01  -8.2099000e-02  -3.4089100e-01  -4.7767000e-02
   2.2418100e-01   3.1034700e-01   2.1560200e-01   8.9830000e-01  -7.2562000e-02  -3.4872800e-01  -4.8818000e-02
   2.4338300e-01   3.2932400e-01   2.2441800e-01   8.8427800e-01  -6.2901000e-02  -3.5595800e-01  -4.9252000e-02
   2.5934900e-01   3.4877700e-01   2.3262300e-01   8.7004500e-01  -5.3062000e-02  -3.6261100e-01  -4.9169000e-02
   2.6730300e-01   3.6727300e-01   2.4251400e-01   8.5723200e-01  -4.2963000e-02  -3.6879600e-01  -4.8625000e-02
   2.6645200e-01   3.8411200e-01   2.5465700e-01   8.4652800e-01  -3.2546000e-02  -3.7454400e-01  -4.7737000e-02
   2.6256100e-01   4.0053400e-01   2.6694000e-01   8.3628700e-01  -2.1860000e-02  -3.7992000e-01  -4.6546000e-02
   2.5714000e-01   4.1696600e-01   2.7853500e-01   8.2609700e-01  -1.1056000e-02  -3.8470200e-01  -4.4976000e-02
   2.5808200e-01   4.2663400e-01   2.8195500e-01   8.1968200e-01  -5.6120000e-03  -3.8686600e-01  -4.4060000e-02
   2.5667100e-01   4.4530700e-01   2.8923900e-01   8.0756500e-01   5.4010000e-03  -3.9078600e-01  -4.2031000e-02
   2.5515500e-01   4.6056600e-01   2.9589700e-01   7.9700700e-01   1.4921000e-02  -3.9527300e-01  -4.0078000e-02
   2.5415400e-01   4.6958200e-01   3.0275700e-01   7.8945300e-01   2.1694000e-02  -4.0140400e-01  -3.8386000e-02
   2.5314200e-01   4.7774500e-01   3.0902600e-01   7.8242000e-01   2.7989000e-02  -4.0778500e-01  -3.6368000e-02
   2.5160100e-01   4.8514200e-01   3.1513100e-01   7.7590400e-01   3.4019000e-02  -4.1414700e-01  -3.4186000e-02
   2.4876300e-01   4.9305600e-01   3.2096800e-01   7.6941100e-01   4.0334000e-02  -4.2028900e-01  -3.1440000e-02
   2.4283900e-01   5.0002500e-01   3.2795000e-01   7.6384100e-01   4.6703000e-02  -4.2618800e-01  -2.8333000e-02
   2.4069900e-01   5.0405600e-01   3.3056600e-01   7.6073500e-01   4.9936000e-02  -4.2904300e-01  -2.6624000e-02
   2.3522900e-01   5.1183000e-01   3.3602200e-01   7.5484200e-01   5.6400000e-02  -4.3455700e-01  -2.2919000e-02
   2.3028400e-01   5.2072400e-01   3.4003300e-01   7.4846000e-01   6.3038000e-02  -4.3972300e-01  -1.8666000e-02
   2.2480500e-01   5.2974600e-01   3.4341600e-01   7.4222400e-01   6.9694000e-02  -4.4459400e-01  -1.4001000e-02
   2.1778100e-01   5.3857300e-01   3.4691000e-01   7.3631800e-01   7.6393000e-02  -4.4912300e-01  -8.8710000e-03
   2.1016400e-01   5.4766400e-01   3.4987200e-01   7.3040100e-01   8.3110000e-02  -4.5328400e-01  -3.2420000e-03
   2.0299300e-01   5.5749400e-01   3.5151900e-01   7.2417400e-01   8.9793000e-02  -4.5702800e-01   2.8980000e-03
   1.9496100e-01   5.6741300e-01   3.5283800e-01   7.1801000e-01   9.6399000e-02  -4.6031700e-01   9.5520000e-03
   1.9268800e-01   5.7341600e-01   3.5173300e-01   7.1438700e-01   9.9675000e-02  -4.6178800e-01   1.3068000e-02
   1.8485500e-01   5.8413400e-01   3.5128600e-01   7.0796400e-01   1.0613100e-01  -4.6434500e-01   2.0466000e-02
   1.7689300e-01   5.9516100e-01   3.4982600e-01   7.0150900e-01   1.1242400e-01  -4.6636000e-01   2.8327000e-02
   1.7079900e-01   6.0751800e-01   3.4537400e-01   6.9459800e-01   1.1855200e-01  -4.6780000e-01   3.6683000e-02
   1.6781900e-01   6.1405900e-01   3.4234900e-01   6.9106100e-01   1.2158300e-01  -4.6828200e-01   4.1170000e-02
   1.5912000e-01   6.2636600e-01   3.3715800e-01   6.8459600e-01   1.2755400e-01  -4.6871300e-01   5.0737000e-02
   1.4597500e-01   6.3705700e-01   3.3412100e-01   6.7912700e-01   1.3334700e-01  -4.6838700e-01   6.0964000e-02
   1.3168100e-01   6.4732400e-01   3.3060800e-01   6.7404000e-01   1.3885500e-01  -4.6728600e-01   7.1561000e-02
   1.1695100e-01   6.5746800e-01   3.2604200e-01   6.6914500e-01   1.4393300e-01  -4.6531900e-01   8.2519000e-02
   1.0203100e-01   6.6758000e-01   3.2006200e-01   6.6444500e-01   1.4862900e-01  -4.6248600e-01   9.3772000e-02
   8.7097000e-02   6.7766500e-01   3.1249700e-01   6.5994700e-01   1.5293900e-01  -4.5877900e-01   1.0522700e-01
   7.3752000e-02   6.8837800e-01   3.0163100e-01   6.5552600e-01   1.5683900e-01  -4.5418200e-01   1.1680000e-01
   6.6201000e-02   6.9326000e-01   2.9649900e-01   6.5352600e-01   1.5861000e-01  -4.5153500e-01   1.2261800e-01
   5.4265000e-02   7.0425800e-01   2.8147700e-01   6.4949700e-01   1.6194100e-01  -4.4561500e-01   1.3422100e-01
   4.1782000e-02   7.1460200e-01   2.6522600e-01   6.4595200e-01   1.6488600e-01  -4.3881900e-01   1.4572900e-01
   2.7447000e-02   7.2364700e-01   2.4945500e-01   6.4292600e-01   1.6746000e-01  -4.3121600e-01   1.5700300e-01
   1.2057000e-02   7.3166300e-01   2.3373600e-01   6.4022700e-01   1.6955900e-01  -4.2282900e-01   1.6794200e-01
  -2.5130000e-03   7.3919800e-01   2.1637400e-01   6.3778000e-01   1.7100700e-01  -4.1367300e-01   1.7845000e-01
  -1.6557000e-02   7.4606200e-01   1.9798200e-01   6.3554700e-01   1.7186100e-01  -4.0385700e-01   1.8843600e-01
  -3.0788000e-02   7.5187800e-01   1.7987100e-01   6.3354400e-01   1.7207200e-01  -3.9351600e-01   1.9776700e-01
  -3.8000000e-02   7.5440000e-01   1.7103200e-01   6.3260200e-01   1.7193000e-01  -3.8816600e-01   2.0218100e-01
  -5.1941000e-02   7.5884000e-01   1.5337800e-01   6.3082500e-01   1.7116500e-01  -3.7722500e-01   2.1043800e-01
  -6.3859000e-02   7.6278600e-01   1.3419400e-01   6.2934200e-01   1.6983300e-01  -3.6606400e-01   2.1791600e-01
  -7.4846000e-02   7.6594700e-01   1.1487000e-01   6.2811500e-01   1.6794600e-01  -3.5473700e-01   2.2462600e-01
  -8.5175000e-02   7.6831000e-01   9.5811000e-02   6.2710800e-01   1.6553900e-01  -3.4329500e-01   2.3058300e-01
  -9.0855000e-02   7.6909000e-01   8.7249000e-02   6.2660500e-01   1.6414500e-01  -3.3752900e-01   2.3328700e-01
  -1.0266900e-01   7.7002300e-01   7.1573000e-02   6.2562100e-01   1.6099600e-01  -3.2598600e-01   2.3812500e-01
  -1.1345200e-01   7.7057700e-01   5.6023000e-02   6.2466100e-01   1.5752400e-01  -3.1446600e-01   2.4228000e-01
  -1.2234800e-01   7.7092800e-01   3.9563000e-02   6.2380700e-01   1.5386400e-01  -3.0300700e-01   2.4581100e-01
  -1.3090100e-01   7.7090900e-01   2.4161000e-02   6.2288000e-01   1.5021300e-01  -2.9185700e-01   2.4870400e-01
  -1.3925700e-01   7.7059100e-01   9.9920000e-03   6.2185000e-01   1.4662100e-01  -2.8107300e-01   2.5100700e-01
  -1.4709700e-01   7.7001400e-01  -3.3610000e-03   6.2083000e-01   1.4312500e-01  -2.7073200e-01   2.5276300e-01
  -1.5078700e-01   7.6964000e-01  -9.7830000e-03   6.2034000e-01   1.4142200e-01  -2.6574000e-01   2.5345300e-01
  -1.5772100e-01   7.6865200e-01  -2.2493000e-02   6.1950900e-01   1.3807000e-01  -2.5604800e-01   2.5448200e-01
  -1.6445500e-01   7.6735700e-01  -3.4554000e-02   6.1880900e-01   1.3473000e-01  -2.4670800e-01   2.5506600e-01
  -1.7063600e-01   7.6583500e-01  -4.6063000e-02   6.1827000e-01   1.3145900e-01  -2.3785200e-01   2.5524800e-01
  -1.7553600e-01   7.6398100e-01  -5.7793000e-02   6.1820800e-01   1.2832200e-01  -2.2968500e-01   2.5505900e-01
  -1.7921600e-01   7.6310000e-01  -6.1595000e-02   6.1787200e-01   1.2680400e-01  -2.2588000e-01   2.5484400e-01
  -1.8358000e-01   7.6097100e-01  -7.1853000e-02   6.1810900e-01   1.2381900e-01  -2.1872000e-01   2.5420700e-01
  -1.8674200e-01   7.5864100e-01  -8.2189000e-02   6.1873800e-01   1.2091100e-01  -2.1213700e-01   2.5334400e-01
  -1.8850000e-01   7.5609300e-01  -9.2876000e-02   6.1981000e-01   1.1804800e-01  -2.0606300e-01   2.5229100e-01
  -1.8876700e-01   7.5327300e-01  -1.0414900e-01   6.2137000e-01   1.1519100e-01  -2.0040800e-01   2.5106300e-01
  -1.8880100e-01   7.5033400e-01  -1.1458500e-01   6.2307500e-01   1.1232700e-01  -1.9515500e-01   2.4967400e-01
  -1.9002900e-01   7.4907900e-01  -1.1799000e-01   6.2357600e-01   1.1090300e-01  -1.9266000e-01   2.4893100e-01
  -1.9297000e-01   7.4672200e-01  -1.2351500e-01   6.2443000e-01   1.0808400e-01  -1.8792900e-01   2.4736900e-01
  -1.9459400e-01   7.4424100e-01  -1.2971700e-01   6.2562900e-01   1.0530800e-01  -1.8347100e-01   2.4572700e-01
  -1.9504100e-01   7.4297000e-01  -1.3297000e-01   6.2631800e-01   1.0395400e-01  -1.8134300e-01   2.4488800e-01
  -1.9666700e-01   7.4065900e-01  -1.3821400e-01   6.2741000e-01   1.0130600e-01  -1.7721800e-01   2.4317700e-01
  -1.9956000e-01   7.3880100e-01  -1.4141500e-01   6.2797300e-01   9.8752000e-02  -1.7324200e-01   2.4144200e-01
  -2.0200800e-01   7.3704100e-01  -1.4450800e-01   6.2855500e-01   9.6386000e-02  -1.6957700e-01   2.3975200e-01
  -2.0421700e-01   7.3542400e-01  -1.4727900e-01   6.2909100e-01   9.4237000e-02  -1.6625500e-01   2.3814300e-01
  -2.0514900e-01   7.3463600e-01  -1.4867800e-01   6.2938000e-01   9.3254000e-02  -1.6473700e-01   2.3738000e-01
  -2.0683100e-01   7.3315100e-01  -1.5130800e-01   6.2993400e-01   9.1475000e-02  -1.6198400e-01   2.3595300e-01
  -2.0749300e-01   7.3155600e-01  -1.5466000e-01   6.3075600e-01   8.9951000e-02  -1.5965500e-01   2.3467900e-01
  -2.0962300e-01   7.3126600e-01  -1.5403300e-01   6.3054100e-01   8.9275000e-02  -1.5864300e-01   2.3410000e-01
  -2.1182400e-01   7.3037200e-01  -1.5474500e-01   6.3066800e-01   8.8083000e-02  -1.5685400e-01   2.3306100e-01
  -2.1331400e-01   7.2958600e-01  -1.5573100e-01   6.3083200e-01   8.7103000e-02  -1.5532300e-01   2.3218800e-01
  -2.1457000e-01   7.2888100e-01  -1.5658700e-01   6.3100900e-01   8.6277000e-02  -1.5406700e-01   2.3143700e-01
  -2.1588600e-01   7.2833300e-01  -1.5693700e-01   6.3110700e-01   8.5582000e-02  -1.5307600e-01   2.3080200e-01
  -2.1669000e-01   7.2815400e-01  -1.5679000e-01   6.3107400e-01   8.5283000e-02  -1.5266400e-01   2.3052700e-01
  -2.1800900e-01   7.2782600e-01  -1.5654800e-01   6.3105800e-01   8.4767000e-02  -1.5199800e-01   2.3005600e-01
  -2.1936800e-01   7.2759700e-01  -1.5592500e-01   6.3100500e-01   8.4315000e-02  -1.5150600e-01   2.2965300e-01
  -2.1986800e-01   7.2724800e-01  -1.5598300e-01   6.3121900e-01   8.3920000e-02  -1.5116100e-01   2.2931100e-01
  -2.2045400e-01   7.2720200e-01  -1.5550600e-01   6.3118600e-01   8.3747000e-02  -1.5103500e-01   2.2916600e-01
  -2.2037400e-01   7.2688500e-01  -1.5581400e-01   6.3150300e-01   8.3445000e-02  -1.5084600e-01   2.2892000e-01
  -2.2061600e-01   7.2674000e-01  -1.5557600e-01   6.3164400e-01   8.3192000e-02  -1.5071000e-01   2.2872100e-01
  -2.2104200e-01   7.2671900e-01  -1.5496300e-01   6.3167000e-01   8.2978000e-02  -1.5062800e-01   2.2856400e-01
  -2.2081300e-01   7.2665400e-01  -1.5495900e-01   6.3182600e-01   8.2826000e-02  -1.5057000e-01   2.2846100e-01
  -2.1997600e-01   7.2643700e-01  -1.5567400e-01   6.3219100e-01   8.2684000e-02  -1.5051600e-01   2.2836500e-01
  -2.1970500e-01   7.2637800e-01  -1.5583100e-01   6.3231500e-01   8.2612000e-02  -1.5048900e-01   2.2831800e-01
  -2.1899800e-01   7.2627700e-01  -1.5623000e-01   6.3257700e-01   8.2491000e-02  -1.5045400e-01   2.2824700e-01
  -2.1825600e-01   7.2621000e-01  -1.5658600e-01   6.3282200e-01   8.2377000e-02  -1.5042400e-01   2.2818700e-01
  -2.1764000e-01   7.2620200e-01  -1.5679800e-01   6.3299200e-01   8.2266000e-02  -1.5036000e-01   2.2812700e-01
  -2.1764500e-01   7.2620300e-01  -1.5679200e-01   6.3299000e-01   8.2266000e-02  -1.5036000e-01   2.2812700e-01
  -2.1627800e-01   7.2605800e-01  -1.5786400e-01   6.3335900e-01   8.2154000e-02  -1.5023000e-01   2.2806500e-01
  -2.1523100e-01   7.2607100e-01  -1.5844400e-01   6.3355600e-01   8.2017000e-02  -1.5003000e-01   2.2798800e-01
  -2.1463700e-01   7.2621700e-01  -1.5849400e-01   6.3357700e-01   8.1864000e-02  -1.4978300e-01   2.2789700e-01
  -2.1395200e-01   7.2632000e-01  -1.5865800e-01   6.3364900e-01   8.1706000e-02  -1.4954800e-01   2.2780200e-01
  -2.1294500e-01   7.2632400e-01  -1.5920200e-01   6.3384700e-01   8.1562000e-02  -1.4935000e-01   2.2771800e-01
  -2.1215300e-01   7.2636900e-01  -1.5949300e-01   6.3398900e-01   8.1431000e-02  -1.4919200e-01   2.2764500e-01
  -2.1235200e-01   7.2654800e-01  -1.5896100e-01   6.3385000e-01   8.1381000e-02  -1.4912500e-01   2.2762200e-01
