  -1.6952900e-01   1.5874900e-01   2.6880000e-02   9.7228400e-01  -1.6753600e-01  -2.3516100e-01   3.8314000e-02
  -1.6878000e-01   1.5890700e-01   2.6822000e-02   9.7239000e-01  -1.6753000e-01  -2.3509800e-01   3.8191000e-02
  -1.6852700e-01   1.5907900e-01   2.6826000e-02   9.7240600e-01  -1.6751300e-01  -2.3504100e-01   3.8054000e-02
  -1.6841700e-01   1.5927300e-01   2.6857000e-02   9.7239200e-01  -1.6748400e-01  -2.3500100e-01   3.7897000e-02
  -1.6797800e-01   1.5948900e-01   2.6848000e-02   9.7243300e-01  -1.6744400e-01  -2.3498400e-01   3.7718000e-02
  -1.6721300e-01   1.5972100e-01   2.6803000e-02   9.7252800e-01  -1.6739300e-01  -2.3499900e-01   3.7515000e-02
  -1.6623200e-01   1.5997300e-01   2.6770000e-02   9.7265600e-01  -1.6732800e-01  -2.3505500e-01   3.7279000e-02
  -1.6538100e-01   1.6027000e-01   2.6790000e-02   9.7275100e-01  -1.6724900e-01  -2.3513000e-01   3.7020000e-02
  -1.6538100e-01   1.6027000e-01   2.6790000e-02   9.7275100e-01  -1.6724900e-01  -2.3513000e-01   3.7020000e-02
  -1.6465000e-01   1.6062700e-01   2.6877000e-02   9.7281400e-01  -1.6714400e-01  -2.3524800e-01   3.6716000e-02
  -1.6350000e-01   1.6106100e-01   2.6945000e-02   9.7293400e-01  -1.6700600e-01  -2.3542500e-01   3.6344000e-02
  -1.6190900e-01   1.6158800e-01   2.7005000e-02   9.7311100e-01  -1.6682600e-01  -2.3567400e-01   3.5890000e-02
  -1.5892400e-01   1.6226900e-01   2.6908000e-02   9.7349300e-01  -1.6659300e-01  -2.3600900e-01   3.5338000e-02
  -1.5512900e-01   1.6307800e-01   2.6742000e-02   9.7397400e-01  -1.6629500e-01  -2.3644900e-01   3.4659000e-02
  -1.4730800e-01   1.6510400e-01   2.6551000e-02   9.7485200e-01  -1.6546600e-01  -2.3766300e-01   3.2885000e-02
  -1.4497500e-01   1.6702600e-01   2.7617000e-02   9.7484400e-01  -1.6440900e-01  -2.3933500e-01   3.0587000e-02
  -1.4211200e-01   1.6886000e-01   2.8767000e-02   9.7491700e-01  -1.6322900e-01  -2.4122900e-01   2.8059000e-02
  -1.3989700e-01   1.6975100e-01   2.9274000e-02   9.7506700e-01  -1.6260300e-01  -2.4223500e-01   2.6728000e-02
  -1.3301800e-01   1.7150900e-01   2.9978000e-02   9.7570100e-01  -1.6128100e-01  -2.4434800e-01   2.3938000e-02
  -1.2618900e-01   1.7317100e-01   3.0901000e-02   9.7628500e-01  -1.5985400e-01  -2.4660500e-01   2.0988000e-02
  -1.1888200e-01   1.7487100e-01   3.2023000e-02   9.7686300e-01  -1.5831000e-01  -2.4898500e-01   1.7919000e-02
  -1.1201100e-01   1.7659800e-01   3.3568000e-02   9.7731300e-01  -1.5665100e-01  -2.5146400e-01   1.4735000e-02
  -1.0380200e-01   1.7854400e-01   3.5181000e-02   9.7780800e-01  -1.5484700e-01  -2.5402500e-01   1.1477000e-02
  -9.3812000e-02   1.8079700e-01   3.6826000e-02   9.7834300e-01  -1.5288200e-01  -2.5666100e-01   8.1660000e-03
  -8.6053000e-02   1.8329600e-01   3.9219000e-02   9.7849900e-01  -1.5074100e-01  -2.5934400e-01   4.8390000e-03
  -7.8002000e-02   1.8485000e-01   3.9769000e-02   9.7885900e-01  -1.4960100e-01  -2.6070100e-01   3.1790000e-03
  -6.9247000e-02   1.8790500e-01   4.2654000e-02   9.7881400e-01  -1.4724000e-01  -2.6342000e-01  -7.2000000e-05
  -6.0163000e-02   1.9141800e-01   4.5939000e-02   9.7858500e-01  -1.4471200e-01  -2.6614900e-01  -3.2350000e-03
  -5.1156000e-02   1.9544800e-01   4.9636000e-02   9.7812000e-01  -1.4196100e-01  -2.6891100e-01  -6.3140000e-03
  -4.2153000e-02   1.9996900e-01   5.3715000e-02   9.7742000e-01  -1.3898700e-01  -2.7169900e-01  -9.3030000e-03
  -3.3924000e-02   2.0497600e-01   5.8257000e-02   9.7644300e-01  -1.3577800e-01  -2.7448400e-01  -1.2174000e-02
  -2.7120000e-02   2.1041300e-01   6.3505000e-02   9.7517100e-01  -1.3237100e-01  -2.7723500e-01  -1.4879000e-02
  -2.4038000e-02   2.1331000e-01   6.6337000e-02   9.7443300e-01  -1.3057500e-01  -2.7861100e-01  -1.6173000e-02
  -1.7426000e-02   2.1952300e-01   7.2124000e-02   9.7278200e-01  -1.2676100e-01  -2.8140500e-01  -1.8663000e-02
  -1.0538000e-02   2.2628000e-01   7.8074000e-02   9.7087100e-01  -1.2261200e-01  -2.8429800e-01  -2.1009000e-02
  -5.5960000e-03   2.3335700e-01   8.4673000e-02   9.6868100e-01  -1.1808400e-01  -2.8733600e-01  -2.3239000e-02
  -3.6040000e-03   2.4048400e-01   9.2129000e-02   9.6626400e-01  -1.1320600e-01  -2.9055400e-01  -2.5332000e-02
  -2.2840000e-03   2.4771000e-01   1.0011400e-01   9.6364500e-01  -1.0809400e-01  -2.9393600e-01  -2.7229000e-02
   5.3400000e-04   2.5524600e-01   1.0798500e-01   9.6082700e-01  -1.0269100e-01  -2.9755900e-01  -2.8950000e-02
   5.3000000e-04   2.5895600e-01   1.1239500e-01   9.5932700e-01  -9.9834000e-02  -2.9945600e-01  -2.9782000e-02
   4.2000000e-03   2.6706000e-01   1.2060600e-01   9.5609400e-01  -9.3860000e-02  -3.0339900e-01  -3.1320000e-02
   8.9620000e-03   2.7569900e-01   1.2895000e-01   9.5251300e-01  -8.7605000e-02  -3.0750600e-01  -3.2591000e-02
   1.3678000e-02   2.8502600e-01   1.3802300e-01   9.4843200e-01  -8.0980000e-02  -3.1184400e-01  -3.3503000e-02
   1.7298000e-02   2.9464200e-01   1.4795500e-01   9.4392600e-01  -7.4119000e-02  -3.1632700e-01  -3.4085000e-02
   2.0051000e-02   2.9973500e-01   1.5277600e-01   9.4149700e-01  -7.0628000e-02  -3.1859400e-01  -3.4256000e-02
   2.3467000e-02   3.0984800e-01   1.6330400e-01   9.3636300e-01  -6.3530000e-02  -3.2314400e-01  -3.4380000e-02
   2.5870000e-02   3.2015300e-01   1.7442300e-01   9.3081100e-01  -5.6253000e-02  -3.2771900e-01  -3.4215000e-02
   2.9286000e-02   3.3104500e-01   1.8512500e-01   9.2481400e-01  -4.8805000e-02  -3.3226500e-01  -3.3751000e-02
   3.3305000e-02   3.4270000e-01   1.9556800e-01   9.1826000e-01  -4.1181000e-02  -3.3670700e-01  -3.2911000e-02
   3.6342000e-02   3.5469100e-01   2.0625800e-01   9.1122500e-01  -3.3437000e-02  -3.4102000e-01  -3.1733000e-02
   3.7021000e-02   3.6653200e-01   2.1744900e-01   9.0388000e-01  -2.5503000e-02  -3.4524400e-01  -3.0323000e-02
   3.6190000e-02   3.7844100e-01   2.2859700e-01   8.9622300e-01  -1.7368000e-02  -3.4936000e-01  -2.8627000e-02
   3.7438000e-02   3.8500500e-01   2.3322800e-01   8.9217400e-01  -1.3251000e-02  -3.5136300e-01  -2.7655000e-02
   3.8848000e-02   3.9590200e-01   2.4254100e-01   8.8483100e-01  -6.0750000e-03  -3.5587200e-01  -2.5600000e-02
   4.1111000e-02   4.0229600e-01   2.5124500e-01   8.7940000e-01  -1.3280000e-03  -3.6175500e-01  -2.3495000e-02
   4.1294000e-02   4.0778200e-01   2.6033400e-01   8.7420500e-01   3.0870000e-03  -3.6792700e-01  -2.0955000e-02
   4.0745000e-02   4.1296200e-01   2.6923100e-01   8.6909000e-01   7.4300000e-03  -3.7418800e-01  -1.8143000e-02
   4.0732000e-02   4.1900800e-01   2.7708400e-01   8.6371200e-01   1.2041000e-02  -3.8038500e-01  -1.4915000e-02
   4.0493000e-02   4.2221900e-01   2.8083400e-01   8.6094400e-01   1.4435000e-02  -3.8343900e-01  -1.3145000e-02
   3.8593000e-02   4.2872100e-01   2.8845100e-01   8.5528000e-01   1.9411000e-02  -3.8945000e-01  -9.2680000e-03
   3.6237000e-02   4.3572800e-01   2.9548600e-01   8.4942100e-01   2.4623000e-02  -3.9529400e-01  -4.9750000e-03
   3.3995000e-02   4.4346500e-01   3.0172000e-01   8.4329600e-01   3.0006000e-02  -4.0088700e-01  -2.3800000e-04
   3.1250000e-02   4.5170300e-01   3.0739000e-01   8.3695800e-01   3.5562000e-02  -4.0620400e-01   4.9400000e-03
   2.7420000e-02   4.6042100e-01   3.1240100e-01   8.3046200e-01   4.1435000e-02  -4.1130900e-01   1.0692000e-02
   2.3137000e-02   4.6962000e-01   3.1679200e-01   8.2375000e-01   4.7474000e-02  -4.1606900e-01   1.6884000e-02
   2.0693000e-02   4.7993200e-01   3.1933800e-01   8.1686000e-01   5.3573000e-02  -4.2040400e-01   2.3355000e-02
   1.4392000e-02   4.8922800e-01   3.2312600e-01   8.0996200e-01   5.9759000e-02  -4.2430100e-01   3.0177000e-02
   1.6042000e-02   4.9600300e-01   3.2170300e-01   8.0636900e-01   6.2882000e-02  -4.2607600e-01   3.3737000e-02
   1.1206000e-02   5.0670900e-01   3.2295300e-01   7.9926300e-01   6.9174000e-02  -4.2925700e-01   4.1140000e-02
   5.3470000e-03   5.1755500e-01   3.2373200e-01   7.9202600e-01   7.5549000e-02  -4.3193900e-01   4.8938000e-02
  -1.3280000e-03   5.2860600e-01   3.2383400e-01   7.8466900e-01   8.2054000e-02  -4.3412300e-01   5.7124000e-02
  -8.7970000e-03   5.3975500e-01   3.2321000e-01   7.7725300e-01   8.8633000e-02  -4.3575400e-01   6.5634000e-02
  -1.6296000e-02   5.5130100e-01   3.2154400e-01   7.6968200e-01   9.5151000e-02  -4.3673700e-01   7.4454000e-02
  -2.3403000e-02   5.6335100e-01   3.1842900e-01   7.6203100e-01   1.0159600e-01  -4.3705500e-01   8.3537000e-02
  -3.2256000e-02   5.7523200e-01   3.1527900e-01   7.5410000e-01   1.0797800e-01  -4.3663100e-01   9.3016000e-02
  -3.6276000e-02   5.8135900e-01   3.1303000e-01   7.5014600e-01   1.1110000e-01  -4.3616000e-01   9.7777000e-02
  -4.4312000e-02   5.9371600e-01   3.0767100e-01   7.4221000e-01   1.1720700e-01  -4.3467800e-01   1.0738600e-01
  -5.2536000e-02   6.0626100e-01   3.0118300e-01   7.3415000e-01   1.2313900e-01  -4.3241900e-01   1.1718700e-01
  -6.1228000e-02   6.1902700e-01   2.9363000e-01   7.2583600e-01   1.2896000e-01  -4.2933300e-01   1.2725500e-01
  -7.0026000e-02   6.3173600e-01   2.8502200e-01   7.1747400e-01   1.3454700e-01  -4.2548500e-01   1.3731300e-01
  -7.8059000e-02   6.4444600e-01   2.7462300e-01   7.0935100e-01   1.3987400e-01  -4.2095700e-01   1.4719000e-01
  -8.6357000e-02   6.5624900e-01   2.6381700e-01   7.0162700e-01   1.4475200e-01  -4.1590000e-01   1.5658600e-01
  -9.5355000e-02   6.6726200e-01   2.5306500e-01   6.9399400e-01   1.4919600e-01  -4.1026400e-01   1.6565100e-01
  -1.0014800e-01   6.7250300e-01   2.4770500e-01   6.9018300e-01   1.5127600e-01  -4.0722700e-01   1.7008000e-01
  -1.0980300e-01   6.8269700e-01   2.3656300e-01   6.8257300e-01   1.5515300e-01  -4.0070700e-01   1.7875400e-01
  -1.1936300e-01   6.9284100e-01   2.2454600e-01   6.7476200e-01   1.5871200e-01  -3.9348700e-01   1.8732200e-01
  -1.2849400e-01   7.0265000e-01   2.1164100e-01   6.6706800e-01   1.6188400e-01  -3.8575000e-01   1.9555400e-01
  -1.3316000e-01   7.0729500e-01   2.0525200e-01   6.6323000e-01   1.6330300e-01  -3.8172200e-01   1.9951100e-01
  -1.4127600e-01   7.1649900e-01   1.9090500e-01   6.5591600e-01   1.6578100e-01  -3.7331500e-01   2.0713400e-01
  -1.5015400e-01   7.2481300e-01   1.7714000e-01   6.4863000e-01   1.6778900e-01  -3.6450000e-01   2.1433200e-01
  -1.5947200e-01   7.3224600e-01   1.6434200e-01   6.4138600e-01   1.6938100e-01  -3.5552400e-01   2.2098700e-01
  -1.6765000e-01   7.3923600e-01   1.5093000e-01   6.3454200e-01   1.7061000e-01  -3.4648400e-01   2.2709800e-01
  -1.7442300e-01   7.4585700e-01   1.3657500e-01   6.2818900e-01   1.7147200e-01  -3.3738600e-01   2.3270400e-01
  -1.7991100e-01   7.5195600e-01   1.2100700e-01   6.2253600e-01   1.7212100e-01  -3.2833700e-01   2.3779600e-01
  -1.8512300e-01   7.5742300e-01   1.0564700e-01   6.1715300e-01   1.7254100e-01  -3.1932800e-01   2.4242900e-01
  -1.9036800e-01   7.6225700e-01   9.1001000e-02   6.1191800e-01   1.7272700e-01  -3.1038400e-01   2.4662100e-01
  -1.9107800e-01   7.6473300e-01   8.1501000e-02   6.0994200e-01   1.7273400e-01  -3.0591700e-01   2.4856900e-01
  -1.9277300e-01   7.6913700e-01   6.3359000e-02   6.0601400e-01   1.7256100e-01  -2.9703000e-01   2.5216800e-01
  -1.9168300e-01   7.7318600e-01   4.2409000e-02   6.0302800e-01   1.7219200e-01  -2.8820600e-01   2.5540600e-01
  -1.8957900e-01   7.7662500e-01   2.0789000e-02   6.0040100e-01   1.7168200e-01  -2.7944700e-01   2.5831100e-01
  -1.8956600e-01   7.7938200e-01   2.5740000e-03   5.9717800e-01   1.7103700e-01  -2.7078900e-01   2.6088600e-01
  -1.9233200e-01   7.8172700e-01  -1.1240000e-02   5.9311500e-01   1.7027500e-01  -2.6224300e-01   2.6314500e-01
  -1.9493700e-01   7.8375700e-01  -2.4398000e-02   5.8917700e-01   1.6943300e-01  -2.5388700e-01   2.6509200e-01
  -1.9600600e-01   7.8464900e-01  -3.0966000e-02   5.8732300e-01   1.6898500e-01  -2.4978800e-01   2.6595100e-01
  -1.9751900e-01   7.8616400e-01  -4.4357000e-02   5.8392200e-01   1.6803000e-01  -2.4174500e-01   2.6745300e-01
  -1.9779700e-01   7.8727300e-01  -5.8695000e-02   5.8106200e-01   1.6696800e-01  -2.3385800e-01   2.6868100e-01
  -1.9665800e-01   7.8797200e-01  -7.4100000e-02   5.7873600e-01   1.6579800e-01  -2.2612400e-01   2.6965900e-01
  -1.9544000e-01   7.8822500e-01  -8.2308000e-02   5.7769400e-01   1.6517200e-01  -2.2224200e-01   2.7007800e-01
  -1.9093100e-01   7.8819100e-01  -1.0094600e-01   5.7629000e-01   1.6387200e-01  -2.1457100e-01   2.7075100e-01
  -1.8910100e-01   7.8809600e-01  -1.1550100e-01   5.7428600e-01   1.6245900e-01  -2.0708200e-01   2.7115900e-01
  -1.8853200e-01   7.8748700e-01  -1.2710800e-01   5.7285600e-01   1.6082500e-01  -2.0001400e-01   2.7183500e-01
  -1.8798300e-01   7.8445100e-01  -1.3559400e-01   5.7525100e-01   1.5817600e-01  -1.9346400e-01   2.7487400e-01
  -1.8782100e-01   7.8250900e-01  -1.3909900e-01   5.7710800e-01   1.5668600e-01  -1.9031900e-01   2.7672100e-01
  -1.8654700e-01   7.7804100e-01  -1.4668500e-01   5.8166700e-01   1.5361400e-01  -1.8426200e-01   2.8048300e-01
  -1.8522500e-01   7.7329500e-01  -1.5365000e-01   5.8659900e-01   1.5051400e-01  -1.7848800e-01   2.8411400e-01
  -1.8506500e-01   7.6870800e-01  -1.5861100e-01   5.9133800e-01   1.4744600e-01  -1.7299200e-01   2.8751900e-01
  -1.8541000e-01   7.6423800e-01  -1.6251100e-01   5.9594800e-01   1.4445800e-01  -1.6779200e-01   2.9065600e-01
  -1.8544200e-01   7.6193500e-01  -1.6456300e-01   5.9831900e-01   1.4299500e-01  -1.6530300e-01   2.9212400e-01
  -1.8576600e-01   7.5736600e-01  -1.6818800e-01   6.0299300e-01   1.4013400e-01  -1.6051300e-01   2.9489200e-01
  -1.8439100e-01   7.5453100e-01  -1.7194400e-01   6.0590300e-01   1.3867000e-01  -1.5808700e-01   2.9626100e-01
  -1.8487700e-01   7.4970800e-01  -1.7533600e-01   6.1075000e-01   1.3579600e-01  -1.5334200e-01   2.9887000e-01
  -1.8582500e-01   7.4508200e-01  -1.7804600e-01   6.1532200e-01   1.3307800e-01  -1.4888200e-01   3.0122900e-01
  -1.8695300e-01   7.4076100e-01  -1.8002300e-01   6.1960700e-01   1.3048400e-01  -1.4461100e-01   3.0345300e-01
  -1.8813700e-01   7.3662200e-01  -1.8159400e-01   6.2371200e-01   1.2799900e-01  -1.4053000e-01   3.0553700e-01
  -1.8850100e-01   7.3236300e-01  -1.8387500e-01   6.2793400e-01   1.2561200e-01  -1.3666200e-01   3.0747000e-01
  -1.8861800e-01   7.2816300e-01  -1.8616800e-01   6.3209400e-01   1.2330600e-01  -1.3301200e-01   3.0924000e-01
  -1.8929100e-01   7.2422200e-01  -1.8757000e-01   6.3599500e-01   1.2105400e-01  -1.2956100e-01   3.1087100e-01
  -1.9027000e-01   7.2044700e-01  -1.8836100e-01   6.3974500e-01   1.1883000e-01  -1.2629800e-01   3.1238300e-01
  -1.9071000e-01   7.1856900e-01  -1.8872600e-01   6.4161600e-01   1.1773000e-01  -1.2473900e-01   3.1310000e-01
  -1.9112700e-01   7.1474600e-01  -1.8983300e-01   6.4542400e-01   1.1557300e-01  -1.2174900e-01   3.1445400e-01
  -1.9140800e-01   7.1096700e-01  -1.9096100e-01   6.4917100e-01   1.1346600e-01  -1.1890400e-01   3.1569400e-01
  -1.9157100e-01   7.0725900e-01  -1.9207400e-01   6.5283400e-01   1.1141500e-01  -1.1621800e-01   3.1682200e-01
  -1.9246500e-01   7.0386600e-01  -1.9229400e-01   6.5616500e-01   1.0942100e-01  -1.1370000e-01   3.1783600e-01
  -1.9385700e-01   7.0074000e-01  -1.9191000e-01   6.5920700e-01   1.0749500e-01  -1.1135200e-01   3.1873200e-01
  -1.9494100e-01   6.9767800e-01  -1.9178800e-01   6.6216300e-01   1.0566900e-01  -1.0919100e-01   3.1952500e-01
  -1.9554600e-01   6.9463200e-01  -1.9213800e-01   6.6507900e-01   1.0396400e-01  -1.0721400e-01   3.2023200e-01
  -1.9638700e-01   6.9183300e-01  -1.9221000e-01   6.6772400e-01   1.0238900e-01  -1.0540700e-01   3.2086400e-01
  -1.9733300e-01   6.9065700e-01  -1.9169600e-01   6.6880900e-01   1.0165100e-01  -1.0456800e-01   3.2114800e-01
  -1.9907300e-01   6.8840400e-01  -1.9082300e-01   6.7086200e-01   1.0028300e-01  -1.0300900e-01   3.2167300e-01
  -2.0052500e-01   6.8625100e-01  -1.9026300e-01   6.7279200e-01   9.9050000e-02  -1.0159400e-01   3.2213800e-01
  -2.0152500e-01   6.8415200e-01  -1.9023200e-01   6.7463700e-01   9.7968000e-02  -1.0028900e-01   3.2255400e-01
  -2.0255000e-01   6.8228600e-01  -1.9019400e-01   6.7622900e-01   9.7031000e-02  -9.9092000e-02   3.2291400e-01
  -2.0384100e-01   6.8072900e-01  -1.8982700e-01   6.7751200e-01   9.6218000e-02  -9.8026000e-02   3.2322400e-01
  -2.0495500e-01   6.7936100e-01  -1.8958400e-01   6.7861600e-01   9.5523000e-02  -9.7049000e-02   3.2349200e-01
  -2.0588800e-01   6.7819500e-01  -1.8948400e-01   6.7952800e-01   9.4956000e-02  -9.6140000e-02   3.2372200e-01
  -2.0640000e-01   6.7771200e-01  -1.8937800e-01   6.7988300e-01   9.4717000e-02  -9.5707000e-02   3.2382400e-01
  -2.0755400e-01   6.7696600e-01  -1.8897200e-01   6.8038800e-01   9.4319000e-02  -9.4910000e-02   3.2400100e-01
  -2.0857800e-01   6.7638100e-01  -1.8866100e-01   6.8074300e-01   9.4030000e-02  -9.4182000e-02   3.2415900e-01
  -2.0945000e-01   6.7591200e-01  -1.8848600e-01   6.8099000e-01   9.3836000e-02  -9.3514000e-02   3.2430200e-01
  -2.1033200e-01   6.7559300e-01  -1.8825100e-01   6.8109900e-01   9.3725000e-02  -9.2914000e-02   3.2444000e-01
  -2.1060200e-01   6.7523700e-01  -1.8853300e-01   6.8129100e-01   9.3678000e-02  -9.2383000e-02   3.2457800e-01
  -2.1045700e-01   6.7501600e-01  -1.8893100e-01   6.8144400e-01   9.3670000e-02  -9.2141000e-02   3.2464300e-01
  -2.1017500e-01   6.7462400e-01  -1.8969600e-01   6.8170700e-01   9.3682000e-02  -9.1695000e-02   3.2477100e-01
  -2.1062300e-01   6.7449000e-01  -1.8972500e-01   6.8169300e-01   9.3727000e-02  -9.1290000e-02   3.2489100e-01
  -2.1161400e-01   6.7456800e-01  -1.8920000e-01   6.8145500e-01   9.3796000e-02  -9.0929000e-02   3.2499300e-01
  -2.1198900e-01   6.7459700e-01  -1.8903400e-01   6.8135500e-01   9.3836000e-02  -9.0762000e-02   3.2504000e-01
  -2.1168500e-01   6.7443400e-01  -1.8970500e-01   6.8142500e-01   9.3943000e-02  -9.0433000e-02   3.2513500e-01
  -2.1115800e-01   6.7431700e-01  -1.9058300e-01   6.8146000e-01   9.4091000e-02  -9.0097000e-02   3.2521400e-01
  -2.1104700e-01   6.7438800e-01  -1.9101500e-01   6.8130300e-01   9.4257000e-02  -8.9777000e-02   3.2527700e-01
  -2.1144100e-01   6.7466100e-01  -1.9089700e-01   6.8094300e-01   9.4436000e-02  -8.9477000e-02   3.2533200e-01
  -2.1176300e-01   6.7496400e-01  -1.9081100e-01   6.8056700e-01   9.4625000e-02  -8.9196000e-02   3.2537800e-01
  -2.1172700e-01   6.7522200e-01  -1.9103100e-01   6.8026000e-01   9.4827000e-02  -8.8919000e-02   3.2542400e-01
  -2.1124900e-01   6.7539300e-01  -1.9170700e-01   6.8004900e-01   9.5046000e-02  -8.8645000e-02   3.2545500e-01
  -2.1111700e-01   6.7551700e-01  -1.9194100e-01   6.7990100e-01   9.5158000e-02  -8.8510000e-02   3.2546600e-01
  -2.1119500e-01   6.7588000e-01  -1.9208400e-01   6.7947500e-01   9.5391000e-02  -8.8231000e-02   3.2548300e-01
  -2.1125000e-01   6.7626100e-01  -1.9228900e-01   6.7902100e-01   9.5644000e-02  -8.7948000e-02   3.2549000e-01
  -2.1113600e-01   6.7660300e-01  -1.9264600e-01   6.7861400e-01   9.5888000e-02  -8.7693000e-02   3.2548000e-01
