  -7.3490000e-02   1.9673900e-01   9.2430000e-03   9.7765400e-01  -1.6391800e-01  -2.2373900e-01   4.3424000e-02
  -7.3824000e-02   1.9733700e-01   9.3650000e-03   9.7750700e-01  -1.6378000e-01  -2.2385600e-01   4.3660000e-02
  -7.4056000e-02   1.9793600e-01   9.5230000e-03   9.7736700e-01  -1.6363700e-01  -2.2400400e-01   4.3881000e-02
  -7.4235000e-02   1.9850800e-01   9.7220000e-03   9.7723500e-01  -1.6349800e-01  -2.2417000e-01   4.4086000e-02
  -7.4111000e-02   1.9851000e-01   9.6970000e-03   9.7724500e-01  -1.6349800e-01  -2.2417000e-01   4.4086000e-02
  -7.3636000e-02   1.9906900e-01   9.7870000e-03   9.7716600e-01  -1.6335800e-01  -2.2435600e-01   4.4262000e-02
  -7.3547000e-02   1.9960200e-01   9.9730000e-03   9.7706200e-01  -1.6321700e-01  -2.2455700e-01   4.4406000e-02
  -7.4305000e-02   2.0010000e-01   1.0358000e-02   9.7689900e-01  -1.6307400e-01  -2.2477500e-01   4.4511000e-02
  -7.5285000e-02   2.0058700e-01   1.0815000e-02   9.7671900e-01  -1.6292800e-01  -2.2500500e-01   4.4569000e-02
  -7.5828000e-02   2.0107400e-01   1.1210000e-02   9.7657200e-01  -1.6277300e-01  -2.2525200e-01   4.4570000e-02
  -7.5456000e-02   2.0156300e-01   1.1464000e-02   9.7649700e-01  -1.6260800e-01  -2.2552600e-01   4.4496000e-02
  -7.4334000e-02   2.0207800e-01   1.1615000e-02   9.7647500e-01  -1.6242700e-01  -2.2582800e-01   4.4340000e-02
  -7.2639000e-02   2.0265700e-01   1.1701000e-02   9.7648200e-01  -1.6221400e-01  -2.2617400e-01   4.4091000e-02
  -6.9459000e-02   2.0332900e-01   1.1517000e-02   9.7657600e-01  -1.6195300e-01  -2.2658200e-01   4.3728000e-02
  -6.5282000e-02   2.0410000e-01   1.1197000e-02   9.7670700e-01  -1.6164500e-01  -2.2705000e-01   4.3241000e-02
  -5.9495000e-02   2.0500200e-01   1.0604000e-02   9.7689400e-01  -1.6127100e-01  -2.2760100e-01   4.2615000e-02
  -5.3749000e-02   2.0603600e-01   1.0135000e-02   9.7701500e-01  -1.6082400e-01  -2.2825500e-01   4.1852000e-02
  -4.9111000e-02   2.0720300e-01   1.0025000e-02   9.7701300e-01  -1.6028900e-01  -2.2904400e-01   4.0950000e-02
  -4.5057000e-02   2.0854000e-01   1.0207000e-02   9.7692200e-01  -1.5965600e-01  -2.2998100e-01   3.9919000e-02
  -4.1505000e-02   2.1007700e-01   1.0712000e-02   9.7674500e-01  -1.5890700e-01  -2.3109900e-01   3.8762000e-02
  -4.0678000e-02   2.1183000e-01   1.2056000e-02   9.7638500e-01  -1.5802400e-01  -2.3241800e-01   3.7490000e-02
  -3.6688000e-02   2.1187700e-01   1.1190000e-02   9.7654300e-01  -1.5802400e-01  -2.3241800e-01   3.7490000e-02
  -3.0382000e-02   2.1396300e-01   1.1619000e-02   9.7630000e-01  -1.5699400e-01  -2.3395400e-01   3.6110000e-02
  -2.3505000e-02   2.1637500e-01   1.2216000e-02   9.7595100e-01  -1.5579500e-01  -2.3572300e-01   3.4633000e-02
  -7.9390000e-03   2.2221500e-01   1.3903000e-02   9.7486600e-01  -1.5283800e-01  -2.3995100e-01   3.1382000e-02
  -9.2300000e-04   2.2887600e-01   1.8816000e-02   9.7327300e-01  -1.4925500e-01  -2.4496300e-01   2.7926000e-02
   3.0310000e-03   2.3577300e-01   2.5058000e-02   9.7148000e-01  -1.4534300e-01  -2.5015600e-01   2.4526000e-02
   6.7720000e-03   2.4283900e-01   3.1772000e-02   9.6952200e-01  -1.4117700e-01  -2.5534900e-01   2.1249000e-02
   1.3858000e-02   2.5027600e-01   3.7960000e-02   9.6733100e-01  -1.3673700e-01  -2.6051400e-01   1.8099000e-02
   2.1277000e-02   2.5802500e-01   4.4461000e-02   9.6488000e-01  -1.3201700e-01  -2.6567400e-01   1.5059000e-02
   3.0511000e-02   2.6236100e-01   4.6381000e-02   9.6337100e-01  -1.2953100e-01  -2.6825400e-01   1.3600000e-02
   4.7378000e-02   2.7162700e-01   5.0975000e-02   9.5988300e-01  -1.2425200e-01  -2.7345100e-01   1.0866000e-02
   7.0199000e-02   2.8233000e-01   5.4401000e-02   9.5519800e-01  -1.1853300e-01  -2.7868600e-01   8.4370000e-03
   9.4867000e-02   2.9455400e-01   5.7633000e-02   9.4916600e-01  -1.1233800e-01  -2.8389100e-01   6.4290000e-03
   1.1468100e-01   3.0801200e-01   6.2811000e-02   9.4235400e-01  -1.0564300e-01  -2.8908000e-01   4.8850000e-03
   1.2717100e-01   3.2229700e-01   7.0842000e-02   9.3537900e-01  -9.8468000e-02  -2.9432600e-01   3.8320000e-03
   1.2934200e-01   3.2950900e-01   7.6441000e-02   9.3212200e-01  -9.4700000e-02  -2.9698100e-01   3.4600000e-03
   1.3259100e-01   3.4439700e-01   8.8415000e-02   9.2519900e-01  -8.6832000e-02  -3.0234800e-01   3.0220000e-03
   1.3518000e-01   3.5979500e-01   1.0094000e-01   9.1765200e-01  -7.8551000e-02  -3.0780500e-01   2.9800000e-03
   1.4046000e-01   3.7614400e-01   1.1259100e-01   9.0890600e-01  -6.9847000e-02  -3.1331700e-01   3.3300000e-03
   1.4773900e-01   3.9315900e-01   1.2295000e-01   8.9915700e-01  -6.0827000e-02  -3.1878600e-01   3.9970000e-03
   1.5387000e-01   4.1025000e-01   1.3303000e-01   8.8900100e-01  -5.1588000e-02  -3.2414700e-01   4.9190000e-03
   1.5795300e-01   4.2703300e-01   1.4304300e-01   8.7876800e-01  -4.2173000e-02  -3.2938100e-01   5.9820000e-03
   1.6009200e-01   4.4351200e-01   1.5287700e-01   8.6850200e-01  -3.2551000e-02  -3.3445700e-01   7.1510000e-03
   1.6211300e-01   4.5192500e-01   1.5687300e-01   8.6306100e-01  -2.7675000e-02  -3.3691000e-01   7.7680000e-03
   1.6080300e-01   4.6766000e-01   1.6683300e-01   8.5299700e-01  -1.7846000e-02  -3.4165000e-01   9.0420000e-03
   1.5858600e-01   4.7697100e-01   1.7741200e-01   8.4609300e-01  -1.1033000e-02  -3.4773600e-01   1.0398000e-02
   1.5539000e-01   4.8238600e-01   1.8798000e-01   8.4132100e-01  -5.8100000e-03  -3.5476200e-01   1.1857000e-02
   1.5222400e-01   4.8706800e-01   1.9814400e-01   8.3685800e-01  -7.7600000e-04  -3.6196700e-01   1.3464000e-02
   1.5074900e-01   4.8948500e-01   2.0296800e-01   8.3455600e-01   1.8250000e-03  -3.6556200e-01   1.4344000e-02
   1.4718100e-01   4.9412300e-01   2.1279300e-01   8.3000000e-01   7.1150000e-03  -3.7269700e-01   1.6190000e-02
   1.4479100e-01   4.9961400e-01   2.2181300e-01   8.2475500e-01   1.2765000e-02  -3.7981600e-01   1.8345000e-02
   1.4141300e-01   5.0530300e-01   2.3105700e-01   8.1931900e-01   1.8693000e-02  -3.8677800e-01   2.0786000e-02
   1.3759900e-01   5.1130800e-01   2.3994700e-01   8.1366900e-01   2.4823000e-02  -3.9346400e-01   2.3538000e-02
   1.3268900e-01   5.1744300e-01   2.4887200e-01   8.0790400e-01   3.1178000e-02  -3.9988600e-01   2.6619000e-02
   1.2631600e-01   5.2362200e-01   2.5811800e-01   8.0202200e-01   3.7816000e-02  -4.0608700e-01   3.0056000e-02
   1.2429100e-01   5.2726900e-01   2.6172200e-01   7.9877400e-01   4.1247000e-02  -4.0910200e-01   3.1904000e-02
   1.1874900e-01   5.3448400e-01   2.6932900e-01   7.9226700e-01   4.8326000e-02  -4.1493400e-01   3.5883000e-02
   1.1360900e-01   5.4247200e-01   2.7581000e-01   7.8533200e-01   5.5719000e-02  -4.2048700e-01   4.0296000e-02
   1.0861500e-01   5.5114400e-01   2.8133000e-01   7.7800800e-01   6.3414000e-02  -4.2572300e-01   4.5130000e-02
   1.0326500e-01   5.6034100e-01   2.8613000e-01   7.7037900e-01   7.1423000e-02  -4.3061500e-01   5.0396000e-02
   9.7756000e-02   5.7027300e-01   2.8996700e-01   7.6233300e-01   7.9819000e-02  -4.3515300e-01   5.6169000e-02
   9.4654000e-02   5.7537400e-01   2.9171500e-01   7.5821400e-01   8.4142000e-02  -4.3726300e-01   5.9231000e-02
   8.7496000e-02   5.8573700e-01   2.9495600e-01   7.4983800e-01   9.3009000e-02  -4.4110800e-01   6.5723000e-02
   7.8816000e-02   5.9611800e-01   2.9819800e-01   7.4128900e-01   1.0210000e-01  -4.4439500e-01   7.2659000e-02
   6.9698000e-02   6.0702300e-01   3.0047700e-01   7.3237900e-01   1.1146400e-01  -4.4709000e-01   8.0087000e-02
   5.9876000e-02   6.1846600e-01   3.0173400e-01   7.2309900e-01   1.2115600e-01  -4.4913000e-01   8.8083000e-02
   5.4430000e-02   6.2435900e-01   3.0204300e-01   7.1832000e-01   1.2616900e-01  -4.4987500e-01   9.2348000e-02
   4.1854000e-02   6.3612400e-01   3.0273900e-01   7.0848000e-01   1.3644700e-01  -4.5074700e-01   1.0134500e-01
   2.9279000e-02   6.4861800e-01   3.0161500e-01   6.9818700e-01   1.4692100e-01  -4.5070700e-01   1.1085300e-01
   1.6272000e-02   6.6129100e-01   2.9928300e-01   6.8764800e-01   1.5739900e-01  -4.4972600e-01   1.2063500e-01
   2.4950000e-03   6.7377900e-01   2.9611300e-01   6.7700200e-01   1.6771700e-01  -4.4776300e-01   1.3057000e-01
  -1.1386000e-02   6.8632600e-01   2.9164800e-01   6.6615900e-01   1.7779800e-01  -4.4481100e-01   1.4059600e-01
  -1.8489000e-02   6.9255900e-01   2.8899500e-01   6.6068300e-01   1.8276200e-01  -4.4296700e-01   1.4562900e-01
  -3.3586000e-02   7.0456900e-01   2.8342700e-01   6.4971100e-01   1.9248300e-01  -4.3855100e-01   1.5566000e-01
  -4.9626000e-02   7.1599600e-01   2.7727800e-01   6.3875200e-01   2.0201500e-01  -4.3323500e-01   1.6554800e-01
  -6.6569000e-02   7.2682300e-01   2.7066800e-01   6.2772300e-01   2.1129600e-01  -4.2702300e-01   1.7524100e-01
  -8.4203000e-02   7.3695600e-01   2.6366500e-01   6.1667400e-01   2.2019500e-01  -4.1998400e-01   1.8461400e-01
  -9.3183000e-02   7.4175400e-01   2.6001500e-01   6.1115500e-01   2.2447600e-01  -4.1618700e-01   1.8914500e-01
  -1.0946300e-01   7.5192800e-01   2.4943100e-01   6.0033900e-01   2.3274300e-01  -4.0789100e-01   1.9805000e-01
  -1.2509900e-01   7.6175100e-01   2.3715200e-01   5.8978300e-01   2.4039600e-01  -3.9888800e-01   2.0651200e-01
  -1.4050900e-01   7.7058300e-01   2.2463900e-01   5.7965300e-01   2.4727100e-01  -3.8952600e-01   2.1428900e-01
  -1.5450000e-01   7.7899300e-01   2.1014300e-01   5.7021000e-01   2.5341700e-01  -3.7981500e-01   2.2147600e-01
  -1.6127100e-01   7.8300900e-01   2.0245300e-01   5.6559900e-01   2.5621400e-01  -3.7478100e-01   2.2491000e-01
  -1.7471800e-01   7.9049500e-01   1.8666300e-01   5.5654900e-01   2.6115900e-01  -3.6435300e-01   2.3149800e-01
  -1.8856100e-01   7.9689900e-01   1.7193000e-01   5.4757400e-01   2.6518500e-01  -3.5370300e-01   2.3760600e-01
  -2.0152600e-01   8.0256800e-01   1.5735800e-01   5.3899000e-01   2.6826100e-01  -3.4307800e-01   2.4319500e-01
  -2.1310400e-01   8.0772900e-01   1.4241200e-01   5.3092300e-01   2.7041000e-01  -3.3253300e-01   2.4833400e-01
  -2.2358300e-01   8.1241000e-01   1.2739200e-01   5.2323200e-01   2.7169900e-01  -3.2202900e-01   2.5311000e-01
  -2.3262500e-01   8.1670800e-01   1.1191400e-01   5.1609000e-01   2.7218300e-01  -3.1162200e-01   2.5754300e-01
  -2.3711700e-01   8.1860400e-01   1.0478000e-01   5.1252700e-01   2.7215400e-01  -3.0646500e-01   2.5963300e-01
  -2.4482000e-01   8.2219400e-01   8.9695000e-02   5.0597900e-01   2.7158400e-01  -2.9621600e-01   2.6358300e-01
  -2.4831100e-01   8.2383500e-01   8.2182000e-02   5.0287500e-01   2.7108600e-01  -2.9114000e-01   2.6543700e-01
  -2.5289000e-01   8.2704000e-01   6.4447000e-02   4.9789300e-01   2.6969100e-01  -2.8110600e-01   2.6890000e-01
  -2.5894500e-01   8.2958500e-01   4.9265000e-02   4.9224900e-01   2.6748700e-01  -2.7058900e-01   2.7224100e-01
  -2.6394500e-01   8.3167100e-01   3.3571000e-02   4.8737000e-01   2.6481300e-01  -2.6017100e-01   2.7521800e-01
  -2.6873700e-01   8.3314900e-01   1.9093000e-02   4.8299000e-01   2.6185500e-01  -2.5014500e-01   2.7774100e-01
  -2.7190400e-01   8.3405200e-01   3.1800000e-03   4.8001600e-01   2.5870500e-01  -2.4058600e-01   2.7981400e-01
  -2.7516300e-01   8.3427100e-01  -1.3850000e-03   4.7778200e-01   2.5707700e-01  -2.3600000e-01   2.8068600e-01
  -2.7942000e-01   8.3431900e-01  -1.3621000e-02   4.7502700e-01   2.5373300e-01  -2.2722100e-01   2.8212600e-01
  -2.8363200e-01   8.3388600e-01  -2.4885000e-02   4.7282900e-01   2.5028500e-01  -2.1895800e-01   2.8319600e-01
  -2.8767300e-01   8.3304300e-01  -3.5391000e-02   4.7120200e-01   2.4671900e-01  -2.1119700e-01   2.8393900e-01
  -2.9129800e-01   8.3177100e-01  -4.5841000e-02   4.7032000e-01   2.4303300e-01  -2.0388300e-01   2.8438800e-01
  -2.9520000e-01   8.3018700e-01  -5.5046000e-02   4.6969800e-01   2.3924500e-01  -1.9699900e-01   2.8457400e-01
  -2.9843800e-01   8.2826900e-01  -6.4552000e-02   4.6982800e-01   2.3538500e-01  -1.9055800e-01   2.8452700e-01
  -3.0145300e-01   8.2614800e-01  -7.3542000e-02   4.7031700e-01   2.3148400e-01  -1.8452400e-01   2.8428300e-01
  -3.0352100e-01   8.2377000e-01  -8.3270000e-02   4.7153500e-01   2.2757000e-01  -1.7886500e-01   2.8386900e-01
  -3.0553100e-01   8.2274700e-01  -8.6032000e-02   4.7152600e-01   2.2561800e-01  -1.7618000e-01   2.8360800e-01
  -3.0778700e-01   8.2038600e-01  -9.3890000e-02   4.7267200e-01   2.2170400e-01  -1.7106700e-01   2.8298600e-01
  -3.0964700e-01   8.1730000e-01  -1.0068300e-01   4.7539800e-01   2.1761300e-01  -1.6617700e-01   2.8327500e-01
  -3.1045900e-01   8.1269400e-01  -1.0687300e-01   4.8137500e-01   2.1316000e-01  -1.6136700e-01   2.8543100e-01
  -3.1094900e-01   8.0768100e-01  -1.1253700e-01   4.8815700e-01   2.0859000e-01  -1.5671300e-01   2.8790200e-01
  -3.1133300e-01   8.0253700e-01  -1.1773500e-01   4.9512000e-01   2.0399200e-01  -1.5225000e-01   2.9030800e-01
  -3.1154000e-01   7.9995000e-01  -1.2011700e-01   4.9859300e-01   2.0169800e-01  -1.5009600e-01   2.9145600e-01
  -3.1211700e-01   7.9480500e-01  -1.2430000e-01   5.0538800e-01   1.9713800e-01  -1.4593800e-01   2.9362700e-01
  -3.1303800e-01   7.8978500e-01  -1.2748600e-01   5.1185300e-01   1.9264000e-01  -1.4195200e-01   2.9566900e-01
  -3.1466300e-01   7.8490500e-01  -1.2938300e-01   5.1785300e-01   1.8824000e-01  -1.3817800e-01   2.9756800e-01
  -3.1586700e-01   7.7991300e-01  -1.3176100e-01   5.2402600e-01   1.8398200e-01  -1.3465200e-01   2.9931300e-01
  -3.1665700e-01   7.7485400e-01  -1.3456500e-01   5.3030400e-01   1.7986700e-01  -1.3135300e-01   3.0090700e-01
  -3.1745900e-01   7.6987300e-01  -1.3719100e-01   5.3637200e-01   1.7594700e-01  -1.2827400e-01   3.0236700e-01
  -3.1902600e-01   7.6514800e-01  -1.3863100e-01   5.4180500e-01   1.7221400e-01  -1.2539700e-01   3.0370700e-01
  -3.2013300e-01   7.6289400e-01  -1.3886100e-01   5.4426600e-01   1.7041500e-01  -1.2403400e-01   3.0433700e-01
  -3.2178300e-01   7.5836800e-01  -1.3993600e-01   5.4931900e-01   1.6696400e-01  -1.2139600e-01   3.0556800e-01
  -3.2291600e-01   7.5392200e-01  -1.4142600e-01   5.5436900e-01   1.6369600e-01  -1.1893400e-01   3.0671500e-01
  -3.2414400e-01   7.4975600e-01  -1.4252500e-01   5.5900200e-01   1.6062700e-01  -1.1665000e-01   3.0775100e-01
  -3.2416000e-01   7.4757000e-01  -1.4380400e-01   5.6158700e-01   1.5914000e-01  -1.1556400e-01   3.0823800e-01
  -3.2557900e-01   7.4373000e-01  -1.4429200e-01   5.6572500e-01   1.5629100e-01  -1.1353200e-01   3.0914700e-01
  -3.2712700e-01   7.4026100e-01  -1.4424400e-01   5.6938100e-01   1.5363500e-01  -1.1171100e-01   3.0995200e-01
  -3.2809900e-01   7.3700700e-01  -1.4457500e-01   5.7294900e-01   1.5118400e-01  -1.1007800e-01   3.1067800e-01
  -3.2855800e-01   7.3389300e-01  -1.4531000e-01   5.7648500e-01   1.4896400e-01  -1.0861800e-01   3.1137600e-01
  -3.2885400e-01   7.3101200e-01  -1.4598000e-01   5.7979800e-01   1.4696100e-01  -1.0733500e-01   3.1204600e-01
  -3.2914100e-01   7.2839800e-01  -1.4636500e-01   5.8282100e-01   1.4514600e-01  -1.0625000e-01   3.1267800e-01
  -3.2924200e-01   7.2598000e-01  -1.4671800e-01   5.8568400e-01   1.4349300e-01  -1.0533900e-01   3.1327600e-01
  -3.2952000e-01   7.2384000e-01  -1.4662400e-01   5.8819500e-01   1.4200000e-01  -1.0458600e-01   3.1384600e-01
  -3.2911100e-01   7.2272200e-01  -1.4716500e-01   5.8966300e-01   1.4131500e-01  -1.0426600e-01   3.1412400e-01
  -3.2884000e-01   7.2081900e-01  -1.4735600e-01   5.9209000e-01   1.4003300e-01  -1.0373400e-01   3.1464700e-01
  -3.2877500e-01   7.1915500e-01  -1.4717600e-01   5.9419000e-01   1.3888200e-01  -1.0331400e-01   3.1513800e-01
  -3.2840300e-01   7.1761900e-01  -1.4721500e-01   5.9624100e-01   1.3785800e-01  -1.0300100e-01   3.1560100e-01
  -3.2762900e-01   7.1616000e-01  -1.4763400e-01   5.9831200e-01   1.3693900e-01  -1.0277600e-01   3.1602600e-01
  -3.2711200e-01   7.1492000e-01  -1.4772700e-01   6.0005300e-01   1.3614800e-01  -1.0261400e-01   3.1642300e-01
  -3.2685500e-01   7.1388800e-01  -1.4752100e-01   6.0147100e-01   1.3549100e-01  -1.0249300e-01   3.1680600e-01
  -3.2690100e-01   7.1306600e-01  -1.4697900e-01   6.0255200e-01   1.3493400e-01  -1.0241000e-01   3.1714800e-01
  -3.2687700e-01   7.1269000e-01  -1.4676300e-01   6.0306300e-01   1.3468600e-01  -1.0238300e-01   3.1730800e-01
  -3.2673500e-01   7.1200600e-01  -1.4644200e-01   6.0402500e-01   1.3425400e-01  -1.0236300e-01   3.1760100e-01
  -3.2614600e-01   7.1133200e-01  -1.4664100e-01   6.0508900e-01   1.3388900e-01  -1.0237800e-01   3.1785700e-01
  -3.2557000e-01   7.1076300e-01  -1.4685700e-01   6.0601400e-01   1.3359000e-01  -1.0243500e-01   3.1806500e-01
  -3.2545900e-01   7.1039600e-01  -1.4654900e-01   6.0657800e-01   1.3334900e-01  -1.0251200e-01   3.1824300e-01
  -3.2553800e-01   7.1017200e-01  -1.4602700e-01   6.0692400e-01   1.3315900e-01  -1.0259000e-01   3.1839600e-01
  -3.2541600e-01   7.0996800e-01  -1.4578000e-01   6.0728700e-01   1.3301400e-01  -1.0265400e-01   3.1853000e-01
  -3.2504500e-01   7.0980200e-01  -1.4603500e-01   6.0761900e-01   1.3295500e-01  -1.0268000e-01   3.1859700e-01
  -3.2460700e-01   7.0957100e-01  -1.4620500e-01   6.0808100e-01   1.3285600e-01  -1.0272500e-01   3.1872500e-01
  -3.2445000e-01   7.0946100e-01  -1.4606700e-01   6.0832600e-01   1.3277600e-01  -1.0276500e-01   3.1882800e-01
  -3.2427800e-01   7.0938800e-01  -1.4593200e-01   6.0853600e-01   1.3269700e-01  -1.0281200e-01   3.1891000e-01
  -3.2385200e-01   7.0928900e-01  -1.4609200e-01   6.0884000e-01   1.3261900e-01  -1.0285900e-01   3.1897100e-01
  -3.2349300e-01   7.0922200e-01  -1.4619800e-01   6.0908300e-01   1.3254600e-01  -1.0290800e-01   3.1901300e-01
  -3.2324500e-01   7.0919000e-01  -1.4618700e-01   6.0925500e-01   1.3246600e-01  -1.0294800e-01   3.1904300e-01
  -3.2310800e-01   7.0917700e-01  -1.4619900e-01   6.0933900e-01   1.3242200e-01  -1.0296100e-01   3.1905300e-01
  -3.2285700e-01   7.0914900e-01  -1.4621000e-01   6.0950300e-01   1.3232400e-01  -1.0298700e-01   3.1906400e-01
  -3.2264700e-01   7.0911800e-01  -1.4617700e-01   6.0965800e-01   1.3220400e-01  -1.0301000e-01   3.1906600e-01
  -3.2237500e-01   7.0908400e-01  -1.4617900e-01   6.0984100e-01   1.3205600e-01  -1.0302100e-01   3.1905800e-01
  -3.2216700e-01   7.0904600e-01  -1.4626800e-01   6.0997300e-01   1.3197600e-01  -1.0301900e-01   3.1905300e-01
  -3.2170800e-01   7.0894100e-01  -1.4665200e-01   6.1024500e-01   1.3189200e-01  -1.0301200e-01   3.1904900e-01
  -3.2091200e-01   7.0874500e-01  -1.4727100e-01   6.1074300e-01   1.3169400e-01  -1.0298600e-01   3.1903700e-01
  -3.2067000e-01   7.0870600e-01  -1.4717400e-01   6.1093900e-01   1.3145600e-01  -1.0293500e-01   3.1902000e-01
  -3.2022500e-01   7.0861100e-01  -1.4729900e-01   6.1125200e-01   1.3118700e-01  -1.0286200e-01   3.1899700e-01
  -3.1975900e-01   7.0851200e-01  -1.4740000e-01   6.1158600e-01   1.3089300e-01  -1.0277500e-01   3.1898100e-01
  -3.1899600e-01   7.0835300e-01  -1.4781500e-01   6.1206900e-01   1.3056900e-01  -1.0266500e-01   3.1895500e-01
  -3.1877200e-01   7.0831100e-01  -1.4785000e-01   6.1222600e-01   1.3040300e-01  -1.0259700e-01   3.1894000e-01
  -3.1807000e-01   7.0816100e-01  -1.4823000e-01   6.1267200e-01   1.3006800e-01  -1.0244800e-01   3.1890900e-01
  -3.1742700e-01   7.0800500e-01  -1.4856700e-01   6.1310400e-01   1.2971700e-01  -1.0229500e-01   3.1886800e-01
  -3.1702300e-01   7.0788300e-01  -1.4862900e-01   6.1343900e-01   1.2934500e-01  -1.0214600e-01   3.1882000e-01
  -3.1649100e-01   7.0771500e-01  -1.4881500e-01   6.1386300e-01   1.2896200e-01  -1.0200400e-01   3.1877800e-01
  -3.1580000e-01   7.0749100e-01  -1.4919800e-01   6.1438400e-01   1.2856800e-01  -1.0184500e-01   3.1873900e-01
  -3.1517600e-01   7.0727000e-01  -1.4950800e-01   6.1488300e-01   1.2815400e-01  -1.0166400e-01   3.1869800e-01
  -3.1436700e-01   7.0700500e-01  -1.4998600e-01   6.1548500e-01   1.2772700e-01  -1.0147300e-01   3.1866800e-01
  -3.1393000e-01   7.0688100e-01  -1.5023800e-01   6.1578800e-01   1.2751500e-01  -1.0137100e-01   3.1865600e-01
  -3.1288400e-01   7.0660600e-01  -1.5087700e-01   6.1648000e-01   1.2709000e-01  -1.0115800e-01   3.1865200e-01
  -3.1201100e-01   7.0637900e-01  -1.5123100e-01   6.1709600e-01   1.2665600e-01  -1.0093700e-01   3.1867700e-01
  -3.1120200e-01   7.0615000e-01  -1.5146100e-01   6.1770900e-01   1.2620600e-01  -1.0069700e-01   3.1872800e-01
  -3.1061100e-01   7.0595900e-01  -1.5140000e-01   6.1824100e-01   1.2574700e-01  -1.0044000e-01   3.1880400e-01
  -3.0982100e-01   7.0569700e-01  -1.5157300e-01   6.1889300e-01   1.2528700e-01  -1.0017800e-01   3.1889100e-01
  -3.0981300e-01   7.0565400e-01  -1.5120800e-01   6.1903500e-01   1.2505900e-01  -1.0005200e-01   3.1894200e-01
  -3.0927300e-01   7.0544500e-01  -1.5106000e-01   6.1958000e-01   1.2460700e-01  -9.9801000e-02   3.1904800e-01
  -3.0899500e-01   7.0526600e-01  -1.5069200e-01   6.2001100e-01   1.2415900e-01  -9.9562000e-02   3.1913700e-01
  -3.0854400e-01   7.0501500e-01  -1.5056900e-01   6.2055100e-01   1.2372200e-01  -9.9368000e-02   3.1921300e-01
  -3.0855100e-01   7.0494200e-01  -1.5026200e-01   6.2070400e-01   1.2351100e-01  -9.9293000e-02   3.1924100e-01
