  -3.6460000e-03   1.8492500e-01   5.8350000e-03   9.8272900e-01  -1.6027200e-01  -2.2678500e-01   5.8760000e-03
  -3.3330000e-03   1.8498400e-01   5.2960000e-03   9.8272200e-01  -1.6027900e-01  -2.2640600e-01   5.7690000e-03
  -3.0780000e-03   1.8508300e-01   4.9440000e-03   9.8270600e-01  -1.6025700e-01  -2.2612400e-01   5.6200000e-03
  -2.6810000e-03   1.8513900e-01   4.7950000e-03   9.8269700e-01  -1.6023600e-01  -2.2602600e-01   5.5220000e-03
  -1.3320000e-03   1.8529600e-01   4.5120000e-03   9.8267200e-01  -1.6015300e-01  -2.2590800e-01   5.2560000e-03
  -5.3200000e-04   1.8546500e-01   4.5050000e-03   9.8264000e-01  -1.6003300e-01  -2.2590800e-01   4.9180000e-03
  -3.0300000e-04   1.8566600e-01   4.7630000e-03   9.8260100e-01  -1.5987100e-01  -2.2601200e-01   4.5040000e-03
   5.7000000e-05   1.8593000e-01   5.1850000e-03   9.8254900e-01  -1.5965300e-01  -2.2623200e-01   3.9930000e-03
   1.6200000e-04   1.8627700e-01   5.7380000e-03   9.8248000e-01  -1.5934800e-01  -2.2659300e-01   3.3680000e-03
   1.5200000e-04   1.8674100e-01   6.4350000e-03   9.8238800e-01  -1.5893900e-01  -2.2710700e-01   2.6140000e-03
  -4.0700000e-04   1.8701000e-01   6.9330000e-03   9.8233300e-01  -1.5869600e-01  -2.2742400e-01   2.1910000e-03
  -2.6060000e-03   1.8759100e-01   8.2450000e-03   9.8220900e-01  -1.5813200e-01  -2.2818100e-01   1.2320000e-03
  -9.3060000e-03   1.8825500e-01   1.0605000e-02   9.8201900e-01  -1.5743000e-01  -2.2914600e-01   1.0200000e-04
  -2.1523000e-02   1.8900000e-01   1.4293000e-02   9.8163700e-01  -1.5654000e-01  -2.3039000e-01  -1.2370000e-03
  -3.3775000e-02   1.8987100e-01   1.8316000e-02   9.8105700e-01  -1.5545900e-01  -2.3191900e-01  -2.7660000e-03
  -4.2979000e-02   1.9081000e-01   2.2153000e-02   9.8043500e-01  -1.5422600e-01  -2.3372700e-01  -4.4600000e-03
  -5.3627000e-02   1.9161900e-01   2.6712000e-02   9.7963900e-01  -1.5286400e-01  -2.3580500e-01  -6.3370000e-03
  -6.3462000e-02   1.9232200e-01   3.1636000e-02   9.7876700e-01  -1.5135500e-01  -2.3818400e-01  -8.4160000e-03
  -6.7023000e-02   1.9305900e-01   3.5829000e-02   9.7823900e-01  -1.4968100e-01  -2.4089800e-01  -1.0731000e-02
  -7.2068000e-02   1.9326900e-01   3.8731000e-02   9.7772900e-01  -1.4877200e-01  -2.4237800e-01  -1.1962000e-02
  -7.4301000e-02   1.9393100e-01   4.3262000e-02   9.7724000e-01  -1.4680000e-01  -2.4558000e-01  -1.4557000e-02
  -7.0676000e-02   1.9486400e-01   4.6982000e-02   9.7715200e-01  -1.4460300e-01  -2.4910700e-01  -1.7282000e-02
  -6.3203000e-02   1.9612800e-01   5.0321000e-02   9.7724500e-01  -1.4215600e-01  -2.5296100e-01  -2.0086000e-02
  -5.6830000e-02   1.9760300e-01   5.4294000e-02   9.7712600e-01  -1.3945000e-01  -2.5709500e-01  -2.2897000e-02
  -5.3375000e-02   1.9927700e-01   5.9164000e-02   9.7669800e-01  -1.3645800e-01  -2.6141500e-01  -2.5698000e-02
  -5.2571000e-02   2.0115700e-01   6.4800000e-02   9.7599800e-01  -1.3314600e-01  -2.6588500e-01  -2.8503000e-02
  -5.2780000e-02   2.0334700e-01   7.0938000e-02   9.7510600e-01  -1.2953200e-01  -2.7046600e-01  -3.1251000e-02
  -5.1604000e-02   2.0469100e-01   7.3840000e-02   9.7467200e-01  -1.2761000e-01  -2.7278800e-01  -3.2592000e-02
  -4.8141000e-02   2.0780700e-01   7.9626000e-02   9.7373400e-01  -1.2353900e-01  -2.7746400e-01  -3.5207000e-02
  -4.2874000e-02   2.1158600e-01   8.5398000e-02   9.7267700e-01  -1.1916100e-01  -2.8218300e-01  -3.7699000e-02
  -3.5991000e-02   2.1607800e-01   9.1253000e-02   9.7143600e-01  -1.1449200e-01  -2.8690000e-01  -4.0049000e-02
  -2.9079000e-02   2.2115300e-01   9.7511000e-02   9.6991600e-01  -1.0951300e-01  -2.9161300e-01  -4.2261000e-02
  -2.3555000e-02   2.2669300e-01   1.0455400e-01   9.6805200e-01  -1.0425100e-01  -2.9628600e-01  -4.4296000e-02
  -2.0473000e-02   2.3251900e-01   1.1260600e-01   9.6583400e-01  -9.8736000e-02  -3.0084800e-01  -4.6159000e-02
  -1.7318000e-02   2.3891100e-01   1.2112700e-01   9.6330200e-01  -9.2949000e-02  -3.0529600e-01  -4.7854000e-02
  -1.6726000e-02   2.4216800e-01   1.2581700e-01   9.6189700e-01  -8.9949000e-02  -3.0749500e-01  -4.8638000e-02
  -1.5654000e-02   2.4899000e-01   1.3534500e-01   9.5887500e-01  -8.3649000e-02  -3.1188300e-01  -5.0123000e-02
  -1.4148000e-02   2.5626800e-01   1.4515000e-01   9.5554100e-01  -7.7054000e-02  -3.1625300e-01  -5.1423000e-02
  -1.1528000e-02   2.6415500e-01   1.5510200e-01   9.5185700e-01  -7.0164000e-02  -3.2063000e-01  -5.2504000e-02
  -6.8810000e-03   2.7277800e-01   1.6466100e-01   9.4785600e-01  -6.3025000e-02  -3.2495200e-01  -5.3368000e-02
  -4.3970000e-03   2.7734200e-01   1.6964900e-01   9.4566500e-01  -5.9441000e-02  -3.2704600e-01  -5.3660000e-02
  -8.3100000e-04   2.8656000e-01   1.8029900e-01   9.4094400e-01  -5.2188000e-02  -3.3120000e-01  -5.3995000e-02
   4.2430000e-03   2.9658200e-01   1.9041300e-01   9.3582300e-01  -4.4463000e-02  -3.3536400e-01  -5.4217000e-02
   4.2430000e-03   2.9658200e-01   1.9041300e-01   9.3582300e-01  -4.4463000e-02  -3.3536400e-01  -5.4217000e-02
   4.2430000e-03   2.9658200e-01   1.9041300e-01   9.3582300e-01  -4.4463000e-02  -3.3536400e-01  -5.4217000e-02
   4.2430000e-03   2.9658200e-01   1.9041300e-01   9.3582300e-01  -4.4463000e-02  -3.3536400e-01  -5.4217000e-02
   4.2430000e-03   2.9658200e-01   1.9041300e-01   9.3582300e-01  -4.4463000e-02  -3.3536400e-01  -5.4217000e-02
   4.2430000e-03   2.9658200e-01   1.9041300e-01   9.3582300e-01  -4.4463000e-02  -3.3536400e-01  -5.4217000e-02
   4.2430000e-03   2.9658200e-01   1.9041300e-01   9.3582300e-01  -4.4463000e-02  -3.3536400e-01  -5.4217000e-02
   4.2430000e-03   2.9658200e-01   1.9041300e-01   9.3582300e-01  -4.4463000e-02  -3.3536400e-01  -5.4217000e-02
   4.2430000e-03   2.9658200e-01   1.9041300e-01   9.3582300e-01  -4.4463000e-02  -3.3536400e-01  -5.4217000e-02
   4.2430000e-03   2.9658200e-01   1.9041300e-01   9.3582300e-01  -4.4463000e-02  -3.3536400e-01  -5.4217000e-02
   4.2430000e-03   2.9658200e-01   1.9041300e-01   9.3582300e-01  -4.4463000e-02  -3.3536400e-01  -5.4217000e-02
   4.2430000e-03   2.9658200e-01   1.9041300e-01   9.3582300e-01  -4.4463000e-02  -3.3536400e-01  -5.4217000e-02
   4.2430000e-03   2.9658200e-01   1.9041300e-01   9.3582300e-01  -4.4463000e-02  -3.3536400e-01  -5.4217000e-02
   4.2430000e-03   2.9658200e-01   1.9041300e-01   9.3582300e-01  -4.4463000e-02  -3.3536400e-01  -5.4217000e-02
   4.2430000e-03   2.9658200e-01   1.9041300e-01   9.3582300e-01  -4.4463000e-02  -3.3536400e-01  -5.4217000e-02
   4.2430000e-03   2.9658200e-01   1.9041300e-01   9.3582300e-01  -4.4463000e-02  -3.3536400e-01  -5.4217000e-02
   4.2430000e-03   2.9658200e-01   1.9041300e-01   9.3582300e-01  -4.4463000e-02  -3.3536400e-01  -5.4217000e-02
   4.2430000e-03   2.9658200e-01   1.9041300e-01   9.3582300e-01  -4.4463000e-02  -3.3536400e-01  -5.4217000e-02
   4.2430000e-03   2.9658200e-01   1.9041300e-01   9.3582300e-01  -4.4463000e-02  -3.3536400e-01  -5.4217000e-02
   4.2430000e-03   2.9658200e-01   1.9041300e-01   9.3582300e-01  -4.4463000e-02  -3.3536400e-01  -5.4217000e-02
   4.2430000e-03   2.9658200e-01   1.9041300e-01   9.3582300e-01  -4.4463000e-02  -3.3536400e-01  -5.4217000e-02
   4.2430000e-03   2.9658200e-01   1.9041300e-01   9.3582300e-01  -4.4463000e-02  -3.3536400e-01  -5.4217000e-02
   4.2430000e-03   2.9658200e-01   1.9041300e-01   9.3582300e-01  -4.4463000e-02  -3.3536400e-01  -5.4217000e-02
   4.2430000e-03   2.9658200e-01   1.9041300e-01   9.3582300e-01  -4.4463000e-02  -3.3536400e-01  -5.4217000e-02
   4.2430000e-03   2.9658200e-01   1.9041300e-01   9.3582300e-01  -4.4463000e-02  -3.3536400e-01  -5.4217000e-02
   4.2430000e-03   2.9658200e-01   1.9041300e-01   9.3582300e-01  -4.4463000e-02  -3.3536400e-01  -5.4217000e-02
   4.2430000e-03   2.9658200e-01   1.9041300e-01   9.3582300e-01  -4.4463000e-02  -3.3536400e-01  -5.4217000e-02
   4.2430000e-03   2.9658200e-01   1.9041300e-01   9.3582300e-01  -4.4463000e-02  -3.3536400e-01  -5.4217000e-02
   4.2430000e-03   2.9658200e-01   1.9041300e-01   9.3582300e-01  -4.4463000e-02  -3.3536400e-01  -5.4217000e-02
   4.2430000e-03   2.9658200e-01   1.9041300e-01   9.3582300e-01  -4.4463000e-02  -3.3536400e-01  -5.4217000e-02
   4.2430000e-03   2.9658200e-01   1.9041300e-01   9.3582300e-01  -4.4463000e-02  -3.3536400e-01  -5.4217000e-02
   4.2430000e-03   2.9658200e-01   1.9041300e-01   9.3582300e-01  -4.4463000e-02  -3.3536400e-01  -5.4217000e-02
  -3.5086000e-02   5.3735800e-01   4.5598700e-01   7.0858400e-01   2.1049500e-01  -4.9411600e-01   4.8486000e-02
  -4.0687000e-02   5.5079500e-01   4.5534200e-01   6.9830800e-01   2.1969500e-01  -4.9380700e-01   5.6591000e-02
  -4.3831000e-02   5.5743200e-01   4.5471800e-01   6.9323900e-01   2.2413800e-01  -4.9341100e-01   6.0743000e-02
  -5.0451000e-02   5.7075500e-01   4.5256600e-01   6.8328400e-01   2.3270400e-01  -4.9213700e-01   6.9243000e-02
  -5.6281000e-02   5.8493800e-01   4.4810400e-01   6.7370900e-01   2.4080700e-01  -4.9021500e-01   7.8002000e-02
  -6.3092000e-02   5.9887400e-01   4.4274200e-01   6.6434100e-01   2.4840700e-01  -4.8761700e-01   8.7053000e-02
  -6.9585000e-02   6.1330100e-01   4.3531000e-01   6.5538200e-01   2.5548900e-01  -4.8434900e-01   9.6335000e-02
  -7.8385000e-02   6.2642000e-01   4.2824300e-01   6.4657700e-01   2.6205800e-01  -4.8040300e-01   1.0581500e-01
  -8.6863000e-02   6.3997200e-01   4.1900900e-01   6.3821800e-01   2.6812300e-01  -4.7575400e-01   1.1547400e-01
  -9.5177000e-02   6.5374000e-01   4.0777400e-01   6.3030700e-01   2.7366600e-01  -4.7040700e-01   1.2522900e-01
  -1.0362900e-01   6.6746400e-01   3.9487700e-01   6.2275600e-01   2.7871900e-01  -4.6436400e-01   1.3500600e-01
  -1.1443400e-01   6.7957800e-01   3.8286300e-01   6.1521900e-01   2.8335600e-01  -4.5766800e-01   1.4467600e-01
  -1.1858100e-01   6.8634000e-01   3.7488500e-01   6.1183100e-01   2.8553700e-01  -4.5408400e-01   1.4944300e-01
  -1.2973000e-01   6.9783800e-01   3.6107600e-01   6.0482800e-01   2.8964700e-01  -4.4649200e-01   1.5875800e-01
  -1.4039300e-01   7.0905800e-01   3.4544100e-01   5.9849500e-01   2.9350200e-01  -4.3841000e-01   1.6767300e-01
  -1.5140600e-01   7.1940100e-01   3.2908500e-01   5.9265600e-01   2.9709600e-01  -4.2989900e-01   1.7612600e-01
  -1.6165600e-01   7.2944800e-01   3.1123900e-01   5.8728400e-01   3.0020100e-01  -4.2106400e-01   1.8406800e-01
  -1.7185200e-01   7.3865300e-01   2.9305800e-01   5.8221600e-01   3.0279900e-01  -4.1202500e-01   1.9145900e-01
  -1.8201200e-01   7.4693900e-01   2.7504700e-01   5.7732400e-01   3.0486600e-01  -4.0291900e-01   1.9827900e-01
  -1.9383500e-01   7.5356200e-01   2.5992700e-01   5.7184800e-01   3.0633500e-01  -3.9386300e-01   2.0456600e-01
  -1.9781300e-01   7.5745900e-01   2.5015800e-01   5.6969100e-01   3.0683200e-01  -3.8936600e-01   2.0754300e-01
  -2.0692200e-01   7.6414000e-01   2.3288100e-01   5.6483600e-01   3.0735500e-01  -3.8045700e-01   2.1321500e-01
  -2.1479900e-01   7.7061700e-01   2.1496500e-01   5.6017900e-01   3.0722400e-01  -3.7165300e-01   2.1860800e-01
  -2.2241200e-01   7.7655600e-01   1.9771900e-01   5.5533900e-01   3.0648400e-01  -3.6293500e-01   2.2380200e-01
  -2.2891100e-01   7.8233700e-01   1.8017800e-01   5.5053100e-01   3.0512800e-01  -3.5430700e-01   2.2886300e-01
  -2.3495700e-01   7.8814600e-01   1.6330300e-01   5.4493400e-01   3.0311300e-01  -3.4558100e-01   2.3397700e-01
  -2.3726900e-01   7.9116700e-01   1.5434600e-01   5.4215900e-01   3.0188500e-01  -3.4118800e-01   2.3653900e-01
  -2.4112000e-01   7.9711000e-01   1.3632700e-01   5.3655500e-01   2.9906800e-01  -3.3236200e-01   2.4162100e-01
  -2.4285800e-01   8.0306300e-01   1.1639500e-01   5.3156500e-01   2.9581100e-01  -3.2346100e-01   2.4661300e-01
  -2.4606000e-01   8.0806900e-01   9.9487000e-02   5.2591100e-01   2.9214400e-01  -3.1441500e-01   2.5147400e-01
  -2.4697600e-01   8.1287900e-01   8.0366000e-02   5.2131700e-01   2.8825700e-01  -3.0539100e-01   2.5606900e-01
  -2.4928400e-01   8.1477300e-01   7.4223000e-02   5.1816400e-01   2.8626700e-01  -3.0091800e-01   2.5824300e-01
  -2.5069000e-01   8.1864100e-01   5.7992000e-02   5.1343800e-01   2.8223300e-01  -2.9207000e-01   2.6232700e-01
  -2.5193100e-01   8.2200900e-01   4.3052000e-02   5.0889900e-01   2.7814500e-01  -2.8342400e-01   2.6603900e-01
  -2.5169100e-01   8.2499500e-01   2.7055000e-02   5.0527500e-01   2.7403300e-01  -2.7497700e-01   2.6938300e-01
  -2.5122300e-01   8.2746000e-01   1.1752000e-02   5.0205400e-01   2.6990200e-01  -2.6671600e-01   2.7236800e-01
  -2.5030100e-01   8.2951000e-01  -3.0300000e-03   4.9925300e-01   2.6574100e-01  -2.5868200e-01   2.7501000e-01
  -2.4897200e-01   8.3118400e-01  -1.7264000e-02   4.9683800e-01   2.6157700e-01  -2.5088700e-01   2.7732400e-01
  -2.4764900e-01   8.3253200e-01  -3.0332000e-02   4.9461100e-01   2.5740500e-01  -2.4332600e-01   2.7933000e-01
  -2.4456200e-01   8.3346100e-01  -4.5238000e-02   4.9344200e-01   2.5325700e-01  -2.3602400e-01   2.8104000e-01
  -2.4497300e-01   8.3400200e-01  -4.9001000e-02   4.9196400e-01   2.5118500e-01  -2.3246300e-01   2.8179100e-01
  -2.4295600e-01   8.3464300e-01  -6.0635000e-02   4.9057900e-01   2.4705700e-01  -2.2551800e-01   2.8309600e-01
  -2.4035900e-01   8.3400900e-01  -7.0330000e-02   4.9164000e-01   2.4279700e-01  -2.1899400e-01   2.8577700e-01
  -2.3758000e-01   8.3253300e-01  -7.8747000e-02   4.9421100e-01   2.3839900e-01  -2.1272800e-01   2.8905300e-01
  -2.3424700e-01   8.3054500e-01  -8.7351000e-02   4.9768700e-01   2.3390800e-01  -2.0667300e-01   2.9225300e-01
  -2.3093200e-01   8.2818400e-01  -9.5524000e-02   5.0165400e-01   2.2931800e-01  -2.0079500e-01   2.9523900e-01
  -2.2740500e-01   8.2547700e-01  -1.0370100e-01   5.0608300e-01   2.2466700e-01  -1.9508700e-01   2.9798800e-01
  -2.2373900e-01   8.2246000e-01  -1.1181000e-01   5.1088100e-01   2.1999200e-01  -1.8956400e-01   3.0050100e-01
  -2.1967200e-01   8.1905500e-01  -1.2035200e-01   5.1614800e-01   2.1529600e-01  -1.8421300e-01   3.0279600e-01
  -2.1889400e-01   8.1753600e-01  -1.2257900e-01   5.1835800e-01   2.1293700e-01  -1.8159900e-01   3.0386200e-01
  -2.1598700e-01   8.1397800e-01  -1.2907500e-01   5.2357300e-01   2.0819100e-01  -1.7649300e-01   3.0584700e-01
  -2.1505800e-01   8.1222100e-01  -1.3148000e-01   5.2608000e-01   2.0580200e-01  -1.7399900e-01   3.0676700e-01
  -2.1332600e-01   8.0850600e-01  -1.3612400e-01   5.3130100e-01   2.0096700e-01  -1.6912200e-01   3.0846200e-01
  -2.0941600e-01   8.0397400e-01  -1.4373600e-01   5.3769000e-01   1.9588900e-01  -1.6423300e-01   3.1001700e-01
  -2.0701900e-01   7.9922500e-01  -1.4928700e-01   5.4414700e-01   1.9051200e-01  -1.5931900e-01   3.1145200e-01
  -2.0475400e-01   7.9427800e-01  -1.5451700e-01   5.5074800e-01   1.8513800e-01  -1.5458200e-01   3.1272200e-01
  -2.0213500e-01   7.8910100e-01  -1.6004100e-01   5.5753700e-01   1.7980300e-01  -1.5004700e-01   3.1380300e-01
  -2.0229900e-01   7.8685900e-01  -1.6070300e-01   5.6044900e-01   1.7716500e-01  -1.4784800e-01   3.1430100e-01
  -2.0137700e-01   7.8186500e-01  -1.6382500e-01   5.6683000e-01   1.7194800e-01  -1.4358700e-01   3.1521000e-01
  -2.0038900e-01   7.7669100e-01  -1.6704900e-01   5.7331500e-01   1.6681200e-01  -1.3951200e-01   3.1599200e-01
  -1.9944600e-01   7.7143000e-01  -1.7014900e-01   5.7979800e-01   1.6178800e-01  -1.3564700e-01   3.1666200e-01
  -1.9920300e-01   7.6632400e-01  -1.7223700e-01   5.8600300e-01   1.5687400e-01  -1.3196900e-01   3.1722100e-01
  -1.9960800e-01   7.6132900e-01  -1.7350200e-01   5.9197300e-01   1.5206300e-01  -1.2846700e-01   3.1767600e-01
  -1.9913600e-01   7.5615700e-01  -1.7566700e-01   5.9809000e-01   1.4738100e-01  -1.2510100e-01   3.1806200e-01
  -2.0072800e-01   7.5410100e-01  -1.7441600e-01   6.0051500e-01   1.4509300e-01  -1.2348300e-01   3.1823800e-01
  -2.0208500e-01   7.4936400e-01  -1.7429500e-01   6.0600000e-01   1.4060300e-01  -1.2037600e-01   3.1856200e-01
  -2.0376100e-01   7.4464500e-01  -1.7384400e-01   6.1136200e-01   1.3624400e-01  -1.1744900e-01   3.1885200e-01
  -2.0494000e-01   7.3991300e-01  -1.7395200e-01   6.1666000e-01   1.3212100e-01  -1.1477100e-01   3.1908300e-01
  -2.0508300e-01   7.3508400e-01  -1.7529800e-01   6.2198300e-01   1.2828000e-01  -1.1232500e-01   3.1925200e-01
  -2.0535000e-01   7.3281300e-01  -1.7570800e-01   6.2445400e-01   1.2646800e-01  -1.1119600e-01   3.1931700e-01
  -2.0578500e-01   7.2843300e-01  -1.7657900e-01   6.2917200e-01   1.2305500e-01  -1.0911800e-01   3.1941800e-01
  -2.0703100e-01   7.2454700e-01  -1.7642900e-01   6.3327900e-01   1.1991500e-01  -1.0727600e-01   3.1947700e-01
  -2.0846200e-01   7.2097200e-01  -1.7609400e-01   6.3697200e-01   1.1705800e-01  -1.0563200e-01   3.1949700e-01
  -2.0992000e-01   7.1767500e-01  -1.7573100e-01   6.4030900e-01   1.1445600e-01  -1.0417400e-01   3.1947200e-01
  -2.1115600e-01   7.1463300e-01  -1.7558100e-01   6.4333900e-01   1.1212400e-01  -1.0289500e-01   3.1941500e-01
  -2.1255700e-01   7.1192800e-01  -1.7524400e-01   6.4596300e-01   1.1004800e-01  -1.0176800e-01   3.1933600e-01
  -2.1327200e-01   7.1069100e-01  -1.7506100e-01   6.4713800e-01   1.0910100e-01  -1.0125400e-01   3.1928600e-01
  -2.1470600e-01   7.0841800e-01  -1.7468200e-01   6.4925500e-01   1.0735800e-01  -1.0032300e-01   3.1915700e-01
  -2.1583400e-01   7.0633900e-01  -1.7465200e-01   6.5115100e-01   1.0583000e-01  -9.9494000e-02   3.1900200e-01
  -2.1684700e-01   7.0449300e-01  -1.7474600e-01   6.5278700e-01   1.0450700e-01  -9.8757000e-02   3.1883600e-01
  -2.1787600e-01   7.0289700e-01  -1.7476400e-01   6.5415900e-01   1.0335400e-01  -9.8108000e-02   3.1866200e-01
  -2.1842800e-01   7.0138900e-01  -1.7526500e-01   6.5545700e-01   1.0235400e-01  -9.7521000e-02   3.1848500e-01
  -2.1799600e-01   6.9982600e-01  -1.7675100e-01   6.5687200e-01   1.0149000e-01  -9.6986000e-02   3.1831100e-01
  -2.1758400e-01   6.9848500e-01  -1.7807700e-01   6.5807700e-01   1.0074200e-01  -9.6501000e-02   3.1814300e-01
  -2.1792600e-01   6.9748000e-01  -1.7854100e-01   6.5890300e-01   1.0007400e-01  -9.6043000e-02   3.1798100e-01
  -2.1841100e-01   6.9711600e-01  -1.7841100e-01   6.5916200e-01   9.9768000e-02  -9.5828000e-02   3.1790100e-01
  -2.1903900e-01   6.9636800e-01  -1.7844600e-01   6.5973500e-01   9.9190000e-02  -9.5421000e-02   3.1774500e-01
  -2.1932900e-01   6.9558400e-01  -1.7875000e-01   6.6038400e-01   9.8638000e-02  -9.5039000e-02   3.1760800e-01
  -2.1931800e-01   6.9478100e-01  -1.7924600e-01   6.6109700e-01   9.8113000e-02  -9.4698000e-02   3.1749500e-01
  -2.1949800e-01   6.9408800e-01  -1.7940300e-01   6.6172300e-01   9.7605000e-02  -9.4411000e-02   3.1740000e-01
  -2.1962600e-01   6.9377100e-01  -1.7940100e-01   6.6201300e-01   9.7359000e-02  -9.4290000e-02   3.1735700e-01
  -2.1977800e-01   6.9312100e-01  -1.7945900e-01   6.6262800e-01   9.6881000e-02  -9.4075000e-02   3.1729100e-01
  -2.2019500e-01   6.9254200e-01  -1.7921200e-01   6.6316100e-01   9.6428000e-02  -9.3896000e-02   3.1725200e-01
  -2.2057000e-01   6.9197700e-01  -1.7894400e-01   6.6369800e-01   9.5999000e-02  -9.3762000e-02   3.1723400e-01
  -2.2089400e-01   6.9176300e-01  -1.7864400e-01   6.6389500e-01   9.5802000e-02  -9.3710000e-02   3.1722900e-01
  -2.2098800e-01   6.9126200e-01  -1.7858300e-01   6.6440200e-01   9.5463000e-02  -9.3622000e-02   3.1723400e-01
  -2.2105900e-01   6.9085900e-01  -1.7853500e-01   6.6481000e-01   9.5210000e-02  -9.3555000e-02   3.1726100e-01
  -2.2120600e-01   6.9059200e-01  -1.7836700e-01   6.6508400e-01   9.5045000e-02  -9.3514000e-02   3.1731300e-01
