   9.0990000e-03   1.9641000e-01   3.4224000e-02   9.7988200e-01  -1.6090200e-01  -2.3716500e-01   1.9733000e-02
   8.7040000e-03   1.9619200e-01   3.4282000e-02   9.7992700e-01  -1.6100600e-01  -2.3725000e-01   2.0081000e-02
   9.8030000e-03   1.9595300e-01   3.4109000e-02   9.7997100e-01  -1.6111800e-01  -2.3732700e-01   2.0337000e-02
   1.0197000e-02   1.9582400e-01   3.4082000e-02   9.7999400e-01  -1.6117000e-01  -2.3736200e-01   2.0432000e-02
   1.0716000e-02   1.9556700e-01   3.4139000e-02   9.8003700e-01  -1.6126500e-01  -2.3742800e-01   2.0560000e-02
   1.1418000e-02   1.9535800e-01   3.4230000e-02   9.8006800e-01  -1.6133900e-01  -2.3748300e-01   2.0600000e-02
   1.3108000e-02   1.9524900e-01   3.4251000e-02   9.8006800e-01  -1.6138300e-01  -2.3755800e-01   2.0550000e-02
   1.4120000e-02   1.9523000e-01   3.4299000e-02   9.8005600e-01  -1.6138900e-01  -2.3761600e-01   2.0481000e-02
   1.7246000e-02   1.9536300e-01   3.4327000e-02   9.7997800e-01  -1.6134500e-01  -2.3776900e-01   2.0231000e-02
   1.9797000e-02   1.9578100e-01   3.4687000e-02   9.7983400e-01  -1.6118100e-01  -2.3797000e-01   1.9764000e-02
   2.3199000e-02   1.9621300e-01   3.4509000e-02   9.7967900e-01  -1.6104300e-01  -2.3808600e-01   1.9445000e-02
   2.6877000e-02   1.9725900e-01   3.4952000e-02   9.7935900e-01  -1.6064700e-01  -2.3838300e-01   1.8631000e-02
   3.0496000e-02   1.9869600e-01   3.5610000e-02   9.7893900e-01  -1.6007700e-01  -2.3878500e-01   1.7589000e-02
   3.4543000e-02   2.0049200e-01   3.6388000e-02   9.7841000e-01  -1.5932300e-01  -2.3935400e-01   1.6330000e-02
   3.6749000e-02   2.0162300e-01   3.6855000e-02   9.7808000e-01  -1.5883600e-01  -2.3971200e-01   1.5571000e-02
   4.3132000e-02   2.0424300e-01   3.7709000e-02   9.7724200e-01  -1.5769200e-01  -2.4060400e-01   1.3854000e-02
   4.9313000e-02   2.0711900e-01   3.9261000e-02   9.7628300e-01  -1.5633400e-01  -2.4185100e-01   1.1902000e-02
   5.2640000e-02   2.0865600e-01   4.0157000e-02   9.7574500e-01  -1.5557300e-01  -2.4259300e-01   1.0847000e-02
   5.6640000e-02   2.1028700e-01   4.0997000e-02   9.7513600e-01  -1.5475500e-01  -2.4340900e-01   9.7460000e-03
   6.1662000e-02   2.1212700e-01   4.1723000e-02   9.7440200e-01  -1.5382700e-01  -2.4431500e-01   8.5450000e-03
   6.5488000e-02   2.1410700e-01   4.2887000e-02   9.7366800e-01  -1.5275500e-01  -2.4536800e-01   7.2000000e-03
   6.5719000e-02   2.1613600e-01   4.5128000e-02   9.7310300e-01  -1.5150800e-01  -2.4662900e-01   5.6850000e-03
   6.4715000e-02   2.1837300e-01   4.7980000e-02   9.7253400e-01  -1.5004700e-01  -2.4811700e-01   3.9940000e-03
   6.4428000e-02   2.2100100e-01   5.1019000e-02   9.7180500e-01  -1.4833200e-01  -2.4980700e-01   2.1190000e-03
   6.3872000e-02   2.2396500e-01   5.4430000e-02   9.7097800e-01  -1.4635800e-01  -2.5167700e-01   9.2000000e-05
   6.1569000e-02   2.2711800e-01   5.8589000e-02   9.7015200e-01  -1.4413100e-01  -2.5372600e-01  -2.0770000e-03
   5.8566000e-02   2.3047700e-01   6.3257000e-02   9.6925200e-01  -1.4165500e-01  -2.5593100e-01  -4.3610000e-03
   5.7234000e-02   2.3413300e-01   6.7882000e-02   9.6814200e-01  -1.3895100e-01  -2.5827500e-01  -6.7360000e-03
   5.8429000e-02   2.3815400e-01   7.2264000e-02   9.6677100e-01  -1.3603300e-01  -2.6072700e-01  -9.1670000e-03
   6.0344000e-02   2.4243400e-01   7.6846000e-02   9.6523500e-01  -1.3291000e-01  -2.6327400e-01  -1.1619000e-02
   6.2703000e-02   2.4262200e-01   7.6254000e-02   9.6508500e-01  -1.3291000e-01  -2.6327400e-01  -1.1619000e-02
   6.7945000e-02   2.4741800e-01   8.0359000e-02   9.6317700e-01  -1.2959400e-01  -2.6589600e-01  -1.4042000e-02
   7.1845000e-02   2.5235000e-01   8.5206000e-02   9.6119600e-01  -1.2609800e-01  -2.6859600e-01  -1.6402000e-02
   7.5399000e-02   2.5750200e-01   9.0584000e-02   9.5906300e-01  -1.2242400e-01  -2.7138900e-01  -1.8667000e-02
   8.0449000e-02   2.6307800e-01   9.5982000e-02   9.5661100e-01  -1.1857100e-01  -2.7427900e-01  -2.0811000e-02
   8.5979000e-02   2.6902200e-01   1.0165700e-01   9.5388700e-01  -1.1452600e-01  -2.7727000e-01  -2.2826000e-02
   9.0388000e-02   2.7520000e-01   1.0790900e-01   9.5102600e-01  -1.1025200e-01  -2.8039300e-01  -2.4700000e-02
   9.2682000e-02   2.8149000e-01   1.1506300e-01   9.4812100e-01  -1.0576800e-01  -2.8363800e-01  -2.6392000e-02
   9.5269000e-02   2.8818600e-01   1.2238800e-01   9.4493100e-01  -1.0106600e-01  -2.8699200e-01  -2.7887000e-02
   9.8792000e-02   2.9539400e-01   1.2962800e-01   9.4137100e-01  -9.6148000e-02  -2.9044900e-01  -2.9170000e-02
   1.0248900e-01   3.0306000e-01   1.3696100e-01   9.3749300e-01  -9.1010000e-02  -2.9399300e-01  -3.0226000e-02
   1.0583500e-01   3.1111800e-01   1.4448400e-01   9.3334300e-01  -8.5649000e-02  -2.9761600e-01  -3.1053000e-02
   1.0969600e-01   3.1972300e-01   1.5185500e-01   9.2880800e-01  -8.0073000e-02  -3.0130100e-01  -3.1630000e-02
   1.1359800e-01   3.2883300e-01   1.5913900e-01   9.2392600e-01  -7.4285000e-02  -3.0503200e-01  -3.1945000e-02
   1.1740100e-01   3.3843900e-01   1.6634400e-01   9.1869800e-01  -6.8276000e-02  -3.0880100e-01  -3.2000000e-02
   1.1996100e-01   3.4837300e-01   1.7383700e-01   9.1325100e-01  -6.2039000e-02  -3.1258800e-01  -3.1782000e-02
   1.2081800e-01   3.5851900e-01   1.8185700e-01   9.0763200e-01  -5.5610000e-02  -3.1634800e-01  -3.1268000e-02
   1.1913400e-01   3.6864400e-01   1.9072400e-01   9.0196100e-01  -4.8972000e-02  -3.2008600e-01  -3.0483000e-02
   1.2007300e-01   3.6884200e-01   1.9034000e-01   9.0183600e-01  -4.8972000e-02  -3.2008600e-01  -3.0483000e-02
   1.1825600e-01   3.7941300e-01   1.9892200e-01   8.9581900e-01  -4.2101000e-02  -3.2380500e-01  -2.9446000e-02
   1.1424600e-01   3.8992100e-01   2.0811100e-01   8.8971900e-01  -3.5022000e-02  -3.2748600e-01  -2.8153000e-02
   1.0853900e-01   4.0038200e-01   2.1769400e-01   8.8347200e-01  -2.7744000e-02  -3.3112100e-01  -2.6626000e-02
   1.0012700e-01   4.1215500e-01   2.3416700e-01   8.7479600e-01  -1.8094000e-02  -3.4083000e-01  -2.3532000e-02
   9.6749000e-02   4.2131200e-01   2.4720000e-01   8.6719500e-01  -1.0468000e-02  -3.5187400e-01  -1.9795000e-02
   9.3582000e-02   4.3003700e-01   2.5896200e-01   8.5979600e-01  -3.0760000e-03  -3.6267400e-01  -1.5631000e-02
   9.1977000e-02   4.3396100e-01   2.6449200e-01   8.5630800e-01   4.8900000e-04  -3.6787300e-01  -1.3575000e-02
   8.8589000e-02   4.4239300e-01   2.7471400e-01   8.4910100e-01   7.8650000e-03  -3.7770200e-01  -9.1280000e-03
   8.4862000e-02   4.5104900e-01   2.8408500e-01   8.4181300e-01   1.5388000e-02  -3.8683200e-01  -4.4170000e-03
   8.1286000e-02   4.6025500e-01   2.9240000e-01   8.3430200e-01   2.3104000e-02  -3.9529600e-01   6.0200000e-04
   7.6699000e-02   4.6927800e-01   3.0054400e-01   8.2678300e-01   3.0865000e-02  -4.0315000e-01   5.8390000e-03
   6.8901000e-02   4.7750500e-01   3.0977200e-01   8.1931900e-01   3.8765000e-02  -4.1043900e-01   1.1385000e-02
   6.9183000e-02   4.8334600e-01   3.1164800e-01   8.1514800e-01   4.2769000e-02  -4.1387800e-01   1.4269000e-02
   6.4914000e-02   4.9352600e-01   3.1761400e-01   8.0705600e-01   5.0897000e-02  -4.2036500e-01   2.0258000e-02
   6.0394000e-02   5.0405300e-01   3.2295600e-01   7.9873800e-01   5.9109000e-02  -4.2627500e-01   2.6559000e-02
   5.5587000e-02   5.1490300e-01   3.2773800e-01   7.9017300e-01   6.7416000e-02  -4.3162600e-01   3.3159000e-02
   5.0674000e-02   5.2607700e-01   3.3171200e-01   7.8143600e-01   7.5855000e-02  -4.3645100e-01   4.0001000e-02
   4.5137000e-02   5.3735600e-01   3.3517400e-01   7.7257400e-01   8.4399000e-02  -4.4072300e-01   4.7092000e-02
   3.9282000e-02   5.4886900e-01   3.3791000e-01   7.6355500e-01   9.3033000e-02  -4.4443000e-01   5.4433000e-02
   3.3077000e-02   5.6056900e-01   3.3994800e-01   7.5439000e-01   1.0168400e-01  -4.4752400e-01   6.2016000e-02
   2.4525000e-02   5.7168900e-01   3.4268700e-01   7.4507400e-01   1.1042200e-01  -4.5001000e-01   6.9922000e-02
   2.3414000e-02   5.7870400e-01   3.4132100e-01   7.4030600e-01   1.1474800e-01  -4.5101800e-01   7.3887000e-02
   1.6312000e-02   5.9054600e-01   3.4161800e-01   7.3094900e-01   1.2330000e-01  -4.5255100e-01   8.1879000e-02
   9.1290000e-03   6.0251100e-01   3.4100300e-01   7.2153600e-01   1.3175400e-01  -4.5345000e-01   8.9999000e-02
   2.6250000e-03   6.1497600e-01   3.3872000e-01   7.1208600e-01   1.4009000e-01  -4.5369700e-01   9.8258000e-02
  -4.2080000e-03   6.2744100e-01   3.3552000e-01   7.0265700e-01   1.4822900e-01  -4.5325400e-01   1.0665400e-01
  -1.1565000e-02   6.3991000e-01   3.3150200e-01   6.9317200e-01   1.5617900e-01  -4.5209300e-01   1.1524500e-01
  -2.0709000e-02   6.5189500e-01   3.2759700e-01   6.8358200e-01   1.6402200e-01  -4.5018200e-01   1.2409200e-01
  -2.1948000e-02   6.5948000e-01   3.2193500e-01   6.7894200e-01   1.6786900e-01  -4.4897100e-01   1.2852900e-01
  -2.9867000e-02   6.7201600e-01   3.1480400e-01   6.6962800e-01   1.7537500e-01  -4.4603100e-01   1.3740400e-01
  -3.8962000e-02   6.8376800e-01   3.0761700e-01   6.6054200e-01   1.8263700e-01  -4.4247500e-01   1.4616500e-01
  -4.8483000e-02   6.9535800e-01   2.9925800e-01   6.5159200e-01   1.8966000e-01  -4.3817800e-01   1.5498200e-01
  -5.3438000e-02   7.0099400e-01   2.9481900e-01   6.4717400e-01   1.9303700e-01  -4.3577100e-01   1.5936100e-01
  -6.3644000e-02   7.1185300e-01   2.8565900e-01   6.3844600e-01   1.9948000e-01  -4.3051800e-01   1.6796000e-01
  -7.4380000e-02   7.2203600e-01   2.7654500e-01   6.2980500e-01   2.0538400e-01  -4.2469500e-01   1.7631800e-01
  -8.5452000e-02   7.3153400e-01   2.6754400e-01   6.2127000e-01   2.1072900e-01  -4.1839500e-01   1.8436600e-01
  -9.5626000e-02   7.4088500e-01   2.5725400e-01   6.1299600e-01   2.1557900e-01  -4.1167800e-01   1.9209600e-01
  -1.0512400e-01   7.4997900e-01   2.4590800e-01   6.0498800e-01   2.1995900e-01  -4.0458200e-01   1.9950900e-01
  -1.1394800e-01   7.5879000e-01   2.3361200e-01   5.9722600e-01   2.2387000e-01  -3.9715000e-01   2.0660600e-01
  -1.2289200e-01   7.6702100e-01   2.2137800e-01   5.8955000e-01   2.2733100e-01  -3.8940000e-01   2.1340400e-01
  -1.2721100e-01   7.7098300e-01   2.1513200e-01   5.8576500e-01   2.2889700e-01  -3.8543200e-01   2.1668000e-01
  -1.3527800e-01   7.7873300e-01   2.0205400e-01   5.7831600e-01   2.3169000e-01  -3.7729600e-01   2.2302100e-01
  -1.4268500e-01   7.8618300e-01   1.8836700e-01   5.7103000e-01   2.3405800e-01  -3.6893000e-01   2.2907400e-01
  -1.4961200e-01   7.9326600e-01   1.7439800e-01   5.6385400e-01   2.3603900e-01  -3.6036900e-01   2.3483900e-01
  -1.5642000e-01   7.9987000e-01   1.6067600e-01   5.5670800e-01   2.3766500e-01  -3.5163700e-01   2.4031900e-01
  -1.6303200e-01   8.0603300e-01   1.4719500e-01   5.4960400e-01   2.3895500e-01  -3.4276200e-01   2.4551400e-01
  -1.6884600e-01   8.1191700e-01   1.3320800e-01   5.4271300e-01   2.3990600e-01  -3.3377000e-01   2.5042600e-01
  -1.7387300e-01   8.1748900e-01   1.1870600e-01   5.3608600e-01   2.4052200e-01  -3.2467000e-01   2.5505800e-01
  -1.7811900e-01   8.2268600e-01   1.0348200e-01   5.2986100e-01   2.4086500e-01  -3.1549800e-01   2.5938900e-01
  -1.8105400e-01   8.2493200e-01   9.7364000e-02   5.2652300e-01   2.4093000e-01  -3.1089400e-01   2.6144200e-01
  -1.8590100e-01   8.2924400e-01   8.4047000e-02   5.2031900e-01   2.4084100e-01  -3.0167000e-01   2.6531500e-01
  -1.9051600e-01   8.3309300e-01   7.1052000e-02   5.1440300e-01   2.4048400e-01  -2.9246400e-01   2.6886900e-01
  -1.9459200e-01   8.3652500e-01   5.7977000e-02   5.0891900e-01   2.3988100e-01  -2.8333700e-01   2.7209100e-01
  -1.9743300e-01   8.3962600e-01   4.3715000e-02   5.0412000e-01   2.3906400e-01  -2.7432100e-01   2.7498800e-01
  -2.0063900e-01   8.4219100e-01   3.0527000e-02   4.9952700e-01   2.3804300e-01  -2.6539300e-01   2.7756600e-01
  -2.0305900e-01   8.4427600e-01   1.6424000e-02   4.9567600e-01   2.3683800e-01  -2.5661600e-01   2.7981400e-01
  -2.0526700e-01   8.4513600e-01   1.1369000e-02   4.9343900e-01   2.3615700e-01  -2.5228300e-01   2.8082400e-01
  -2.0797300e-01   8.4666700e-01  -7.5600000e-04   4.8979800e-01   2.3466100e-01  -2.4380500e-01   2.8262000e-01
  -2.1065800e-01   8.4789200e-01  -1.1950000e-02   4.8637400e-01   2.3300900e-01  -2.3554600e-01   2.8413300e-01
  -2.1314200e-01   8.4886300e-01  -2.2515000e-02   4.8321400e-01   2.3124800e-01  -2.2753700e-01   2.8537700e-01
  -2.1541200e-01   8.4954100e-01  -3.2777000e-02   4.8041900e-01   2.2940800e-01  -2.1978700e-01   2.8636000e-01
  -2.1775000e-01   8.4993900e-01  -4.2411000e-02   4.7790100e-01   2.2750900e-01  -2.1230500e-01   2.8709500e-01
  -2.2024600e-01   8.5010900e-01  -5.1213000e-02   4.7558800e-01   2.2557100e-01  -2.0511900e-01   2.8760200e-01
  -2.2138200e-01   8.5009200e-01  -5.5631000e-02   4.7459300e-01   2.2459900e-01  -2.0165000e-01   2.8777500e-01
  -2.2303500e-01   8.4919900e-01  -6.4676000e-02   4.7427200e-01   2.2250800e-01  -1.9499100e-01   2.8878100e-01
  -2.2394700e-01   8.4699000e-01  -7.3363000e-02   4.7652200e-01   2.2010500e-01  -1.8855500e-01   2.9108700e-01
  -2.2502000e-01   8.4422100e-01  -8.1435000e-02   4.7961100e-01   2.1752200e-01  -1.8231200e-01   2.9352800e-01
  -2.2596600e-01   8.4268200e-01  -8.4864000e-02   4.8127400e-01   2.1614100e-01  -1.7924300e-01   2.9471100e-01
  -2.2831000e-01   8.3938600e-01  -9.0911000e-02   4.8481100e-01   2.1324200e-01  -1.7329800e-01   2.9693600e-01
  -2.3064300e-01   8.3580600e-01  -9.6698000e-02   4.8875600e-01   2.1019900e-01  -1.6765800e-01   2.9896100e-01
  -2.3254000e-01   8.3196600e-01  -1.0277000e-01   4.9314900e-01   2.0702900e-01  -1.6231000e-01   3.0078500e-01
  -2.3434400e-01   8.2795300e-01  -1.0846000e-01   4.9780800e-01   2.0371900e-01  -1.5725800e-01   3.0242600e-01
  -2.3631100e-01   8.2383700e-01  -1.1332600e-01   5.0260000e-01   2.0025100e-01  -1.5248900e-01   3.0389400e-01
  -2.3837200e-01   8.1967600e-01  -1.1742500e-01   5.0746600e-01   1.9665300e-01  -1.4798600e-01   3.0520600e-01
  -2.4011100e-01   8.1538300e-01  -1.2154400e-01   5.1256600e-01   1.9295600e-01  -1.4373000e-01   3.0636500e-01
  -2.4180800e-01   8.1342000e-01  -1.2208500e-01   5.1475400e-01   1.9107400e-01  -1.4169600e-01   3.0689700e-01
  -2.4345500e-01   8.0905700e-01  -1.2556700e-01   5.1999000e-01   1.8724800e-01  -1.3778500e-01   3.0787500e-01
  -2.4505300e-01   8.0451800e-01  -1.2877000e-01   5.2546900e-01   1.8329100e-01  -1.3402100e-01   3.0880600e-01
  -2.4679500e-01   7.9998100e-01  -1.3132000e-01   5.3092200e-01   1.7929400e-01  -1.3050000e-01   3.0963700e-01
  -2.4894300e-01   7.9556900e-01  -1.3282100e-01   5.3614900e-01   1.7528000e-01  -1.2722900e-01   3.1034800e-01
  -2.5050100e-01   7.9108100e-01  -1.3469700e-01   5.4156900e-01   1.7126100e-01  -1.2418100e-01   3.1096700e-01
  -2.5097900e-01   7.8637600e-01  -1.3763800e-01   5.4742900e-01   1.6723800e-01  -1.2131900e-01   3.1152600e-01
  -2.5079100e-01   7.8393200e-01  -1.3954600e-01   5.5052900e-01   1.6522700e-01  -1.1995200e-01   3.1178200e-01
  -2.5063200e-01   7.7921000e-01  -1.4259500e-01   5.5649000e-01   1.6123900e-01  -1.1734600e-01   3.1225300e-01
  -2.5070800e-01   7.7694000e-01  -1.4367000e-01   5.5934700e-01   1.5924900e-01  -1.1610600e-01   3.1246700e-01
  -2.5056700e-01   7.7239300e-01  -1.4585500e-01   5.6511200e-01   1.5531300e-01  -1.1378600e-01   3.1287200e-01
  -2.5070200e-01   7.6784900e-01  -1.4735400e-01   5.7082700e-01   1.5136800e-01  -1.1164900e-01   3.1326800e-01
  -2.5074000e-01   7.6559700e-01  -1.4800100e-01   5.7366000e-01   1.4942600e-01  -1.1066100e-01   3.1345800e-01
  -2.5081700e-01   7.6338800e-01  -1.4849500e-01   5.7643600e-01   1.4751300e-01  -1.0973800e-01   3.1363800e-01
  -2.5017300e-01   7.6107100e-01  -1.4978000e-01   5.7944000e-01   1.4562900e-01  -1.0886200e-01   3.1380500e-01
  -2.4934900e-01   7.5867100e-01  -1.5116000e-01   5.8257500e-01   1.4369500e-01  -1.0801900e-01   3.1396800e-01
  -2.4873300e-01   7.5625000e-01  -1.5213800e-01   5.8572400e-01   1.4168900e-01  -1.0719900e-01   3.1414000e-01
  -2.4834000e-01   7.5378500e-01  -1.5276500e-01   5.8889600e-01   1.3961300e-01  -1.0640600e-01   3.1431600e-01
  -2.4782100e-01   7.5120300e-01  -1.5351000e-01   5.9221000e-01   1.3749100e-01  -1.0564100e-01   3.1449200e-01
  -2.4761200e-01   7.4863700e-01  -1.5379400e-01   5.9546500e-01   1.3532600e-01  -1.0490100e-01   3.1466900e-01
  -2.4804000e-01   7.4619000e-01  -1.5323500e-01   5.9849400e-01   1.3314300e-01  -1.0418700e-01   3.1484600e-01
  -2.4877800e-01   7.4378700e-01  -1.5226900e-01   6.0141900e-01   1.3095600e-01  -1.0349900e-01   3.1502300e-01
  -2.4925900e-01   7.4129400e-01  -1.5163500e-01   6.0445000e-01   1.2877900e-01  -1.0283400e-01   3.1519200e-01
  -2.4934300e-01   7.3869400e-01  -1.5148900e-01   6.0762700e-01   1.2662700e-01  -1.0219900e-01   3.1535500e-01
  -2.4935500e-01   7.3609400e-01  -1.5143600e-01   6.1078200e-01   1.2451100e-01  -1.0159000e-01   3.1550200e-01
  -2.4965900e-01   7.3361100e-01  -1.5102200e-01   6.1374100e-01   1.2244200e-01  -1.0100800e-01   3.1563100e-01
  -2.4949800e-01   7.3108200e-01  -1.5116400e-01   6.1678100e-01   1.2043200e-01  -1.0044800e-01   3.1573600e-01
  -2.4969900e-01   7.3113100e-01  -1.5092500e-01   6.1670000e-01   1.2043200e-01  -1.0044800e-01   3.1573600e-01
  -2.4925400e-01   7.2862500e-01  -1.5137000e-01   6.1973000e-01   1.1848800e-01  -9.9911000e-02   3.1581800e-01
  -2.4852300e-01   7.2616000e-01  -1.5211900e-01   6.2272600e-01   1.1661900e-01  -9.9394000e-02   3.1587300e-01
  -2.4832500e-01   7.2394200e-01  -1.5222200e-01   6.2535700e-01   1.1483500e-01  -9.8897000e-02   3.1590700e-01
  -2.4822500e-01   7.2185500e-01  -1.5220600e-01   6.2780800e-01   1.1313500e-01  -9.8409000e-02   3.1592800e-01
  -2.4787300e-01   7.1982000e-01  -1.5246800e-01   6.3021500e-01   1.1152000e-01  -9.7933000e-02   3.1593700e-01
  -2.4749700e-01   7.1788000e-01  -1.5273300e-01   6.3250800e-01   1.0997900e-01  -9.7479000e-02   3.1593400e-01
  -2.4730800e-01   7.1606900e-01  -1.5278800e-01   6.3461800e-01   1.0851400e-01  -9.7034000e-02   3.1592900e-01
  -2.4704400e-01   7.1431900e-01  -1.5291900e-01   6.3665800e-01   1.0712000e-01  -9.6603000e-02   3.1592700e-01
  -2.4699400e-01   7.1269100e-01  -1.5280700e-01   6.3852600e-01   1.0579200e-01  -9.6187000e-02   3.1592900e-01
  -2.4680800e-01   7.1109600e-01  -1.5285000e-01   6.4036300e-01   1.0452400e-01  -9.5776000e-02   3.1593100e-01
  -2.4639300e-01   7.0951700e-01  -1.5312500e-01   6.4220600e-01   1.0330600e-01  -9.5379000e-02   3.1593100e-01
  -2.4598800e-01   7.0800800e-01  -1.5336100e-01   6.4396800e-01   1.0213600e-01  -9.4993000e-02   3.1592900e-01
  -2.4587400e-01   7.0662900e-01  -1.5323700e-01   6.4555400e-01   1.0100600e-01  -9.4622000e-02   3.1592900e-01
  -2.4581200e-01   7.0532100e-01  -1.5303800e-01   6.4705300e-01   9.9918000e-02  -9.4260000e-02   3.1592700e-01
  -2.4578200e-01   7.0407800e-01  -1.5281200e-01   6.4847100e-01   9.8873000e-02  -9.3908000e-02   3.1591800e-01
  -2.4532100e-01   7.0279400e-01  -1.5306000e-01   6.4997700e-01   9.7881000e-02  -9.3573000e-02   3.1590600e-01
  -2.4580400e-01   7.0290800e-01  -1.5253800e-01   6.4979500e-01   9.7881000e-02  -9.3573000e-02   3.1590600e-01
  -2.4591700e-01   7.0183600e-01  -1.5218500e-01   6.5099300e-01   9.6957000e-02  -9.3252000e-02   3.1589600e-01
  -2.4587600e-01   7.0079300e-01  -1.5203700e-01   6.5216400e-01   9.6103000e-02  -9.2949000e-02   3.1588700e-01
  -2.4558300e-01   6.9892400e-01  -1.5206300e-01   6.5427100e-01   9.4638000e-02  -9.2414000e-02   3.1587100e-01
  -2.4593700e-01   6.9753600e-01  -1.5147200e-01   6.5575500e-01   9.3480000e-02  -9.1974000e-02   3.1588400e-01
  -2.4631600e-01   6.9647100e-01  -1.5090400e-01   6.5687500e-01   9.2601000e-02  -9.1615000e-02   3.1592500e-01
  -2.4667000e-01   6.9570400e-01  -1.5034800e-01   6.5768200e-01   9.1955000e-02  -9.1337000e-02   3.1598100e-01
  -2.4674000e-01   6.9539200e-01  -1.5018700e-01   6.5802200e-01   9.1707000e-02  -9.1220000e-02   3.1601300e-01
  -2.4673900e-01   6.9490800e-01  -1.4999900e-01   6.5857600e-01   9.1343000e-02  -9.1022000e-02   3.1609700e-01
  -2.4662200e-01   6.9460200e-01  -1.4988100e-01   6.5897000e-01   9.1122000e-02  -9.0869000e-02   3.1619800e-01
  -2.4652700e-01   6.9448100e-01  -1.4966800e-01   6.5918100e-01   9.1012000e-02  -9.0747000e-02   3.1631200e-01
  -2.4637500e-01   6.9444500e-01  -1.4951000e-01   6.5931200e-01   9.0995000e-02  -9.0647000e-02   3.1645600e-01
