   5.2924000e-02   1.9221100e-01   7.7620000e-03   9.7989500e-01  -1.6340000e-01  -2.1820200e-01   1.1737000e-02
   5.2497000e-02   1.9280600e-01   8.8520000e-03   9.7979200e-01  -1.6335800e-01  -2.1867200e-01   1.2250000e-02
   5.2164000e-02   1.9339600e-01   9.9610000e-03   9.7968200e-01  -1.6331400e-01  -2.1915700e-01   1.2762000e-02
   5.1417000e-02   1.9398700e-01   1.1219000e-02   9.7959200e-01  -1.6326400e-01  -2.1967000e-01   1.3259000e-02
   5.0320000e-02   1.9458400e-01   1.2592000e-02   9.7951300e-01  -1.6320300e-01  -2.2019900e-01   1.3731000e-02
   4.8545000e-02   1.9516700e-01   1.4159000e-02   9.7946600e-01  -1.6312900e-01  -2.2074900e-01   1.4151000e-02
   4.5477000e-02   1.9574500e-01   1.6072000e-02   9.7946800e-01  -1.6303300e-01  -2.2133000e-01   1.4509000e-02
   4.0675000e-02   1.9632900e-01   1.8465000e-02   9.7952000e-01  -1.6290600e-01  -2.2195900e-01   1.4797000e-02
   3.3773000e-02   1.9690100e-01   2.1456000e-02   9.7960700e-01  -1.6274200e-01  -2.2265400e-01   1.5002000e-02
   2.3999000e-02   1.9742900e-01   2.4917000e-02   9.7970700e-01  -1.6248700e-01  -2.2353000e-01   1.5106000e-02
   1.1356000e-02   1.9785800e-01   2.8761000e-02   9.7974300e-01  -1.6212000e-01  -2.2469300e-01   1.5124000e-02
  -5.1220000e-03   1.9816700e-01   3.3373000e-02   9.7958700e-01  -1.6164100e-01  -2.2616200e-01   1.5066000e-02
  -2.1488000e-02   1.9853700e-01   3.8033000e-02   9.7911900e-01  -1.6102300e-01  -2.2796300e-01   1.4946000e-02
  -3.5585000e-02   1.9910600e-01   4.2397000e-02   9.7841400e-01  -1.6025300e-01  -2.3012800e-01   1.4796000e-02
  -4.6996000e-02   1.9995200e-01   4.6415000e-02   9.7757700e-01  -1.5931100e-01  -2.3267700e-01   1.4636000e-02
  -5.7856000e-02   2.0104000e-01   5.0581000e-02   9.7656400e-01  -1.5817700e-01  -2.3562600e-01   1.4488000e-02
  -6.7454000e-02   2.0250000e-01   5.4813000e-02   9.7541700e-01  -1.5680700e-01  -2.3898600e-01   1.4337000e-02
  -8.1537000e-02   2.0671000e-01   6.3487000e-02   9.7293000e-01  -1.5335100e-01  -2.4680600e-01   1.4124000e-02
  -8.0857000e-02   2.0964000e-01   6.6741000e-02   9.7214100e-01  -1.5138400e-01  -2.5098200e-01   1.4091000e-02
  -8.6494000e-02   2.1532000e-01   7.5238000e-02   9.6979100e-01  -1.4717200e-01  -2.5935100e-01   1.4095000e-02
  -9.0752000e-02   2.2132500e-01   8.3982000e-02   9.6732900e-01  -1.4266800e-01  -2.6757700e-01   1.4153000e-02
  -9.2918000e-02   2.2777700e-01   9.2757000e-02   9.6482100e-01  -1.3788500e-01  -2.7559300e-01   1.4243000e-02
  -9.6525000e-02   2.3434600e-01   1.0219900e-01   9.6193600e-01  -1.3279900e-01  -2.8343500e-01   1.4361000e-02
  -1.0256900e-01   2.4084400e-01   1.1271100e-01   9.5852500e-01  -1.2744100e-01  -2.9105700e-01   1.4495000e-02
  -1.0663100e-01   2.4764600e-01   1.2340600e-01   9.5502500e-01  -1.2191300e-01  -2.9840400e-01   1.4684000e-02
  -1.0999500e-01   2.5080400e-01   1.2941800e-01   9.5302100e-01  -1.1907500e-01  -3.0206100e-01   1.4767000e-02
  -1.1092500e-01   2.5787100e-01   1.4038600e-01   9.4946800e-01  -1.1322600e-01  -3.0932600e-01   1.4928000e-02
  -1.0998500e-01   2.6538900e-01   1.5119700e-01   9.4583900e-01  -1.0710600e-01  -3.1647500e-01   1.5137000e-02
  -1.0944400e-01   2.7308500e-01   1.6240300e-01   9.4184500e-01  -1.0071100e-01  -3.2348900e-01   1.5429000e-02
  -1.0975400e-01   2.8083100e-01   1.7413200e-01   9.3742500e-01  -9.4045000e-02  -3.3038100e-01   1.5809000e-02
  -1.0958000e-01   2.8887100e-01   1.8583800e-01   9.3274300e-01  -8.7073000e-02  -3.3716200e-01   1.6266000e-02
  -1.0947700e-01   2.9716600e-01   1.9758300e-01   9.2772200e-01  -7.9774000e-02  -3.4382200e-01   1.6830000e-02
  -1.0795700e-01   3.0174400e-01   2.0293600e-01   9.2526400e-01  -7.5991000e-02  -3.4711200e-01   1.7155000e-02
  -1.0719200e-01   3.1062200e-01   2.1427900e-01   9.1984100e-01  -6.8176000e-02  -3.5360500e-01   1.7896000e-02
  -1.0839700e-01   3.1916800e-01   2.2611400e-01   9.1392300e-01  -6.0112000e-02  -3.5993300e-01   1.8741000e-02
  -1.1085000e-01   3.2748000e-01   2.3810400e-01   9.0762100e-01  -5.1777000e-02  -3.6611000e-01   1.9677000e-02
  -1.1414200e-01   3.3567400e-01   2.5014000e-01   9.0095800e-01  -4.3133000e-02  -3.7212700e-01   2.0681000e-02
  -1.1762800e-01   3.4393100e-01   2.6201900e-01   8.9399200e-01  -3.4189000e-02  -3.7795500e-01   2.1765000e-02
  -1.1942700e-01   3.5278000e-01   2.7300500e-01   8.8699000e-01  -2.4992000e-02  -3.8357600e-01   2.2933000e-02
  -1.2359300e-01   3.6092300e-01   2.8459400e-01   8.7946900e-01  -1.5586000e-02  -3.8896000e-01   2.4155000e-02
  -1.2433500e-01   3.6544000e-01   2.8964000e-01   8.7584400e-01  -1.0804000e-02  -3.9155500e-01   2.4786000e-02
  -1.2960100e-01   3.7348400e-01   3.0101100e-01   8.6781700e-01  -9.5800000e-04  -3.9654600e-01   2.6135000e-02
  -1.3423800e-01   3.8226800e-01   3.1164800e-01   8.5949200e-01   9.5070000e-03  -4.0137500e-01   2.7627000e-02
  -1.4013700e-01   3.9094100e-01   3.2253500e-01   8.5058700e-01   2.0356000e-02  -4.0593000e-01   2.9288000e-02
  -1.3923400e-01   3.9681500e-01   3.2611300e-01   8.4664100e-01   2.5817000e-02  -4.0806300e-01   3.0186000e-02
  -1.4347200e-01   4.0630000e-01   3.3578000e-01   8.3760800e-01   3.6728000e-02  -4.1204600e-01   3.2107000e-02
  -1.4791100e-01   4.1571600e-01   3.4515400e-01   8.2835400e-01   4.7610000e-02  -4.1568600e-01   3.4209000e-02
  -1.5201400e-01   4.2434000e-01   3.5409900e-01   8.1941500e-01   5.8028000e-02  -4.1936900e-01   3.6589000e-02
  -1.5411700e-01   4.2969400e-01   3.6256100e-01   8.1250300e-01   6.6702000e-02  -4.2448600e-01   3.9523000e-02
  -1.5565000e-01   4.3435200e-01   3.7076800e-01   8.0600400e-01   7.4984000e-02  -4.2988000e-01   4.2848000e-02
  -1.5650300e-01   4.3938700e-01   3.7834200e-01   7.9956500e-01   8.3270000e-02  -4.3510500e-01   4.6451000e-02
  -1.5728300e-01   4.4480700e-01   3.8523100e-01   7.9309900e-01   9.1739000e-02  -4.4004200e-01   5.0287000e-02
  -1.5774500e-01   4.4754800e-01   3.8855500e-01   7.8983700e-01   9.6005000e-02  -4.4241200e-01   5.2278000e-02
  -1.5900000e-01   4.5368000e-01   3.9487200e-01   7.8292400e-01   1.0471000e-01  -4.4673600e-01   5.6567000e-02
  -1.6011900e-01   4.6052000e-01   4.0058900e-01   7.7576500e-01   1.1347900e-01  -4.5059500e-01   6.1147000e-02
  -1.6135100e-01   4.6808000e-01   4.0558700e-01   7.6835300e-01   1.2233000e-01  -4.5392400e-01   6.6035000e-02
  -1.6370000e-01   4.7547400e-01   4.1059100e-01   7.6061900e-01   1.3116600e-01  -4.5681100e-01   7.1146000e-02
  -1.6658400e-01   4.8316400e-01   4.1513400e-01   7.5263900e-01   1.4000100e-01  -4.5919100e-01   7.6518000e-02
  -1.6932400e-01   4.9149900e-01   4.1872000e-01   7.4460200e-01   1.4878000e-01  -4.6104000e-01   8.2135000e-02
  -1.7548300e-01   4.9835200e-01   4.2369900e-01   7.3575200e-01   1.5746900e-01  -4.6236300e-01   8.7945000e-02
  -1.7375100e-01   5.0466400e-01   4.2256400e-01   7.3250600e-01   1.6176600e-01  -4.6283300e-01   9.0893000e-02
  -1.7700500e-01   5.1369200e-01   4.2390400e-01   7.2463500e-01   1.7031900e-01  -4.6339300e-01   9.6901000e-02
  -1.8091000e-01   5.2293600e-01   4.2462800e-01   7.1658900e-01   1.7873100e-01  -4.6337700e-01   1.0316500e-01
  -1.8553300e-01   5.3223500e-01   4.2482600e-01   7.0839700e-01   1.8687600e-01  -4.6277200e-01   1.0961200e-01
  -1.9049100e-01   5.4176800e-01   4.2423400e-01   7.0016200e-01   1.9472700e-01  -4.6158700e-01   1.1621200e-01
  -1.9541200e-01   5.5177900e-01   4.2244100e-01   6.9202400e-01   2.0229500e-01  -4.5981300e-01   1.2297100e-01
  -2.0038700e-01   5.6217700e-01   4.1941000e-01   6.8403000e-01   2.0956900e-01  -4.5744700e-01   1.2987000e-01
  -2.0515800e-01   5.7310300e-01   4.1504700e-01   6.7616500e-01   2.1645400e-01  -4.5448800e-01   1.3686800e-01
  -2.1271700e-01   5.8260400e-01   4.1175900e-01   6.6766700e-01   2.2299800e-01  -4.5095800e-01   1.4391900e-01
  -2.1292300e-01   5.8965600e-01   4.0654900e-01   6.6459600e-01   2.2612200e-01  -4.4898200e-01   1.4745200e-01
  -2.1856000e-01   6.0073000e-01   3.9977500e-01   6.5691300e-01   2.3207600e-01  -4.4461300e-01   1.5451500e-01
  -2.2461700e-01   6.1172400e-01   3.9211800e-01   6.4929500e-01   2.3764500e-01  -4.3970400e-01   1.6154100e-01
  -2.3098500e-01   6.2261300e-01   3.8349300e-01   6.4182000e-01   2.4286100e-01  -4.3428500e-01   1.6848100e-01
  -2.3723000e-01   6.3360100e-01   3.7355200e-01   6.3461100e-01   2.4770400e-01  -4.2837900e-01   1.7529700e-01
  -2.4336100e-01   6.4461500e-01   3.6240300e-01   6.2762300e-01   2.5215200e-01  -4.2201900e-01   1.8194900e-01
  -2.5167900e-01   6.5435100e-01   3.5259100e-01   6.1980900e-01   2.5620100e-01  -4.1522500e-01   1.8842600e-01
  -2.5289100e-01   6.6087800e-01   3.4424700e-01   6.1707300e-01   2.5807100e-01  -4.1167000e-01   1.9159900e-01
  -2.5904600e-01   6.7177800e-01   3.3089600e-01   6.1001400e-01   2.6151000e-01  -4.0425900e-01   1.9781200e-01
  -2.6505600e-01   6.8264600e-01   3.1696400e-01   6.0272200e-01   2.6448400e-01  -3.9651900e-01   2.0382100e-01
  -2.7100100e-01   6.9326900e-01   3.0277700e-01   5.9520000e-01   2.6701900e-01  -3.8855000e-01   2.0959100e-01
  -2.7685800e-01   7.0350800e-01   2.8823000e-01   5.8766500e-01   2.6921000e-01  -3.8040300e-01   2.1510700e-01
  -2.8348200e-01   7.1300800e-01   2.7465300e-01   5.7950200e-01   2.7100300e-01  -3.7209800e-01   2.2041500e-01
  -2.8422600e-01   7.1898900e-01   2.6470200e-01   5.7637100e-01   2.7173000e-01  -3.6781500e-01   2.2306400e-01
  -2.8878800e-01   7.2932900e-01   2.4869900e-01   5.6818200e-01   2.7287000e-01  -3.5907100e-01   2.2830000e-01
  -2.9214200e-01   7.3972100e-01   2.3149100e-01   5.6024700e-01   2.7364600e-01  -3.5020500e-01   2.3338500e-01
  -2.9630700e-01   7.4934700e-01   2.1526800e-01   5.5167100e-01   2.7408800e-01  -3.4109600e-01   2.3837500e-01
  -2.9935400e-01   7.5888300e-01   1.9815800e-01   5.4333900e-01   2.7420000e-01  -3.3189500e-01   2.4320900e-01
  -3.0039300e-01   7.6360800e-01   1.8926400e-01   5.3930100e-01   2.7413700e-01  -3.2728300e-01   2.4555900e-01
  -3.0215000e-01   7.7259500e-01   1.7133600e-01   5.3145700e-01   2.7388200e-01  -3.1805100e-01   2.5007200e-01
  -3.0270200e-01   7.8130800e-01   1.5246500e-01   5.2410200e-01   2.7336800e-01  -3.0880500e-01   2.5437700e-01
  -3.0243600e-01   7.8960400e-01   1.3340100e-01   5.1697400e-01   2.7257200e-01  -2.9956600e-01   2.5847300e-01
  -3.0119800e-01   7.9749600e-01   1.1389400e-01   5.1020400e-01   2.7151700e-01  -2.9033500e-01   2.6234800e-01
  -2.9829300e-01   8.0510500e-01   9.2680000e-02   5.0422000e-01   2.7024000e-01  -2.8106700e-01   2.6600700e-01
  -2.9575200e-01   8.1175100e-01   7.3340000e-02   4.9820900e-01   2.6876000e-01  -2.7182200e-01   2.6978200e-01
  -2.9186000e-01   8.1645600e-01   5.5834000e-02   4.9507600e-01   2.6709000e-01  -2.6310700e-01   2.7535200e-01
  -2.8854400e-01   8.1844000e-01   4.5628000e-02   4.9478900e-01   2.6617700e-01  -2.5881200e-01   2.7838700e-01
  -2.8291100e-01   8.2155300e-01   2.7602000e-02   4.9421600e-01   2.6420500e-01  -2.5022100e-01   2.8445000e-01
  -2.7699000e-01   8.2384300e-01   9.8650000e-03   4.9443000e-01   2.6206600e-01  -2.4164000e-01   2.9030400e-01
  -2.7105100e-01   8.2533300e-01  -7.3690000e-03   4.9528000e-01   2.5978000e-01  -2.3309100e-01   2.9585600e-01
  -2.6546000e-01   8.2607000e-01  -2.3514000e-02   4.9657500e-01   2.5736100e-01  -2.2462300e-01   3.0109300e-01
  -2.6267300e-01   8.2616000e-01  -3.1416000e-02   4.9747000e-01   2.5610500e-01  -2.2042700e-01   3.0359400e-01
  -2.5393900e-01   8.2559500e-01  -5.1878000e-02   5.0121500e-01   2.5350500e-01  -2.1207200e-01   3.0843700e-01
  -2.5015300e-01   8.2457000e-01  -6.4549000e-02   5.0333000e-01   2.5062100e-01  -2.0340600e-01   3.1318900e-01
  -2.4842100e-01   8.2379600e-01  -7.0660000e-02   5.0463300e-01   2.4913300e-01  -1.9910400e-01   3.1544600e-01
  -2.4522500e-01   8.2186700e-01  -8.2126000e-02   5.0759700e-01   2.4610800e-01  -1.9073400e-01   3.1967800e-01
  -2.4205000e-01   8.1945500e-01  -9.3128000e-02   5.1110900e-01   2.4305400e-01  -1.8270600e-01   3.2354800e-01
  -2.3921400e-01   8.1664800e-01  -1.0325500e-01   5.1497700e-01   2.3998300e-01  -1.7502000e-01   3.2708500e-01
  -2.3671400e-01   8.1356000e-01  -1.1252200e-01   5.1906200e-01   2.3692200e-01  -1.6765800e-01   3.3030900e-01
  -2.3424400e-01   8.1022100e-01  -1.2136500e-01   5.2339500e-01   2.3388100e-01  -1.6061800e-01   3.3324200e-01
  -2.3213300e-01   8.0670500e-01  -1.2936400e-01   5.2783200e-01   2.3083500e-01  -1.5387100e-01   3.3591200e-01
  -2.3119100e-01   8.0487500e-01  -1.3311600e-01   5.3010100e-01   2.2930500e-01  -1.5058600e-01   3.3716200e-01
  -2.3015700e-01   8.0128500e-01  -1.3915000e-01   5.3442300e-01   2.2625000e-01  -1.4420800e-01   3.3950100e-01
  -2.2944500e-01   7.9765100e-01  -1.4441600e-01   5.3875100e-01   2.2323300e-01  -1.3811000e-01   3.4164200e-01
  -2.2890000e-01   7.9397700e-01  -1.4918200e-01   5.4309400e-01   2.2026300e-01  -1.3230000e-01   3.4358400e-01
  -2.2877100e-01   7.9035300e-01  -1.5309300e-01   5.4732800e-01   2.1732700e-01  -1.2677300e-01   3.4533800e-01
  -2.2900100e-01   7.8682100e-01  -1.5615500e-01   5.5144000e-01   2.1442600e-01  -1.2152500e-01   3.4693700e-01
  -2.2917000e-01   7.8327000e-01  -1.5896900e-01   5.5560700e-01   2.1155300e-01  -1.1655500e-01   3.4840000e-01
  -2.2910600e-01   7.8143400e-01  -1.6049000e-01   5.5777700e-01   2.1011300e-01  -1.1417700e-01   3.4907700e-01
  -2.2816400e-01   7.7751500e-01  -1.6449300e-01   5.6245400e-01   2.0724200e-01  -1.0960200e-01   3.5032900e-01
  -2.2697400e-01   7.7353300e-01  -1.6843500e-01   5.6723800e-01   2.0435700e-01  -1.0524700e-01   3.5148400e-01
  -2.2653500e-01   7.6978600e-01  -1.7086700e-01   5.7176600e-01   2.0141800e-01  -1.0112000e-01   3.5256500e-01
  -2.2625900e-01   7.6787900e-01  -1.7206000e-01   5.7407700e-01   1.9993300e-01  -9.9166000e-02   3.5306300e-01
  -2.2549200e-01   7.6390600e-01  -1.7460800e-01   5.7889000e-01   1.9690400e-01  -9.5470000e-02   3.5397500e-01
  -2.2597000e-01   7.6031200e-01  -1.7541100e-01   5.8317500e-01   1.9387200e-01  -9.2100000e-02   3.5472900e-01
  -2.2673000e-01   7.5686000e-01  -1.7568600e-01   5.8727400e-01   1.9090100e-01  -8.9064000e-02   3.5537600e-01
  -2.2770400e-01   7.5353900e-01  -1.7545900e-01   5.9122300e-01   1.8799500e-01  -8.6344000e-02   3.5595500e-01
  -2.2831100e-01   7.5018500e-01  -1.7547400e-01   5.9523600e-01   1.8515000e-01  -8.3928000e-02   3.5647500e-01
  -2.2863200e-01   7.4684000e-01  -1.7559500e-01   5.9927000e-01   1.8236400e-01  -8.1816000e-02   3.5694400e-01
  -2.2861100e-01   7.4349800e-01  -1.7585700e-01   6.0334200e-01   1.7964400e-01  -8.0000000e-02   3.5738000e-01
  -2.2829200e-01   7.4020400e-01  -1.7619600e-01   6.0740100e-01   1.7700900e-01  -7.8458000e-02   3.5779100e-01
  -2.2875200e-01   7.3877800e-01  -1.7552700e-01   6.0915500e-01   1.7572200e-01  -7.7780000e-02   3.5798900e-01
  -2.2906200e-01   7.3584200e-01  -1.7475700e-01   6.1280300e-01   1.7321300e-01  -7.6612000e-02   3.5837000e-01
  -2.2906000e-01   7.3295800e-01  -1.7406100e-01   6.1644800e-01   1.7078700e-01  -7.5695000e-02   3.5875300e-01
  -2.2847300e-01   7.3004600e-01  -1.7379100e-01   6.2018600e-01   1.6845100e-01  -7.4995000e-02   3.5913900e-01
  -2.2755800e-01   7.2718900e-01  -1.7363500e-01   6.2391100e-01   1.6619600e-01  -7.4501000e-02   3.5952500e-01
  -2.2677900e-01   7.2451100e-01  -1.7308400e-01   6.2745300e-01   1.6402600e-01  -7.4198000e-02   3.5991100e-01
  -2.2665900e-01   7.2329700e-01  -1.7241800e-01   6.2907800e-01   1.6297400e-01  -7.4106000e-02   3.6010600e-01
  -2.2563000e-01   7.2074800e-01  -1.7184200e-01   6.3252200e-01   1.6092600e-01  -7.4039000e-02   3.6049800e-01
  -2.2457800e-01   7.1828700e-01  -1.7115100e-01   6.3587400e-01   1.5893500e-01  -7.4095000e-02   3.6088500e-01
  -2.2314000e-01   7.1583000e-01  -1.7083400e-01   6.3922700e-01   1.5701200e-01  -7.4226000e-02   3.6124800e-01
  -2.2176400e-01   7.1348100e-01  -1.7029300e-01   6.4246900e-01   1.5511200e-01  -7.4447000e-02   3.6159700e-01
  -2.1994300e-01   7.1111400e-01  -1.7012500e-01   6.4575600e-01   1.5322700e-01  -7.4734000e-02   3.6191700e-01
  -2.1792400e-01   7.0875900e-01  -1.7012600e-01   6.4902000e-01   1.5135100e-01  -7.5037000e-02   3.6220500e-01
  -2.1609000e-01   7.0651800e-01  -1.6986500e-01   6.5213800e-01   1.4947300e-01  -7.5347000e-02   3.6246000e-01
  -2.1545700e-01   7.0549200e-01  -1.6939700e-01   6.5357800e-01   1.4852900e-01  -7.5506000e-02   3.6257700e-01
  -2.1413700e-01   7.0347300e-01  -1.6842400e-01   6.5643300e-01   1.4662200e-01  -7.5838000e-02   3.6279100e-01
  -2.1225300e-01   7.0137400e-01  -1.6795200e-01   6.5940600e-01   1.4468800e-01  -7.6168000e-02   3.6297400e-01
  -2.0975900e-01   6.9919400e-01  -1.6802600e-01   6.6249300e-01   1.4274900e-01  -7.6488000e-02   3.6313300e-01
  -2.0712200e-01   6.9702400e-01  -1.6823200e-01   6.6555000e-01   1.4081300e-01  -7.6794000e-02   3.6326000e-01
  -2.0530300e-01   6.9511100e-01  -1.6754900e-01   6.6828000e-01   1.3888400e-01  -7.7089000e-02   3.6336000e-01
  -2.0404700e-01   6.9334700e-01  -1.6633200e-01   6.7079600e-01   1.3699800e-01  -7.7382000e-02   3.6345300e-01
  -2.0339100e-01   6.9247400e-01  -1.6573800e-01   6.7204400e-01   1.3606400e-01  -7.7533000e-02   3.6349600e-01
  -2.0175800e-01   6.9063600e-01  -1.6490600e-01   6.7462700e-01   1.3421100e-01  -7.7826000e-02   3.6357800e-01
  -1.9984100e-01   6.8875300e-01  -1.6436700e-01   6.7725000e-01   1.3238100e-01  -7.8098000e-02   3.6364900e-01
  -1.9824900e-01   6.8693200e-01  -1.6354800e-01   6.7976000e-01   1.3058600e-01  -7.8358000e-02   3.6372100e-01
  -1.9809200e-01   6.8614000e-01  -1.6250900e-01   6.8085400e-01   1.2969700e-01  -7.8486000e-02   3.6376600e-01
  -1.9722700e-01   6.8437900e-01  -1.6104100e-01   6.8322300e-01   1.2794800e-01  -7.8746000e-02   3.6386700e-01
  -1.9503200e-01   6.8229100e-01  -1.6095600e-01   6.8595500e-01   1.2624200e-01  -7.9011000e-02   3.6397100e-01
  -1.9250900e-01   6.8016900e-01  -1.6126100e-01   6.8869800e-01   1.2460100e-01  -7.9261000e-02   3.6406700e-01
  -1.9061000e-01   6.7823100e-01  -1.6097800e-01   6.9119900e-01   1.2301200e-01  -7.9496000e-02   3.6416100e-01
  -1.8935000e-01   6.7648200e-01  -1.6013700e-01   6.9345200e-01   1.2148900e-01  -7.9704000e-02   3.6425500e-01
  -1.8774700e-01   6.7470400e-01  -1.5973100e-01   6.9570900e-01   1.2003400e-01  -7.9899000e-02   3.6433500e-01
  -1.8818800e-01   6.7412500e-01  -1.5835800e-01   6.9646400e-01   1.1933100e-01  -7.9996000e-02   3.6436800e-01
  -1.8742800e-01   6.7263700e-01  -1.5728500e-01   6.9834900e-01   1.1797600e-01  -8.0181000e-02   3.6442300e-01
  -1.8664300e-01   6.7120000e-01  -1.5639000e-01   7.0014100e-01   1.1669300e-01  -8.0338000e-02   3.6445800e-01
  -1.8652900e-01   6.7056400e-01  -1.5572700e-01   7.0092700e-01   1.1608100e-01  -8.0408000e-02   3.6447200e-01
  -1.8678600e-01   6.6944300e-01  -1.5401600e-01   7.0230800e-01   1.1491500e-01  -8.0551000e-02   3.6449500e-01
  -1.8610000e-01   6.6817000e-01  -1.5332500e-01   7.0385100e-01   1.1383900e-01  -8.0709000e-02   3.6452000e-01
