  -1.3556000e-01   1.4899000e-01   5.6698000e-02   9.7786000e-01  -1.6341900e-01  -2.5309500e-01   8.2370000e-03
  -1.3587900e-01   1.4890700e-01   5.6861000e-02   9.7781900e-01  -1.6341600e-01  -2.5319600e-01   8.2680000e-03
  -1.3580300e-01   1.4888400e-01   5.6942000e-02   9.7782900e-01  -1.6340800e-01  -2.5329200e-01   8.3270000e-03
  -1.3588200e-01   1.4892400e-01   5.7009000e-02   9.7780800e-01  -1.6339200e-01  -2.5337600e-01   8.4210000e-03
  -1.3632900e-01   1.4905900e-01   5.7087000e-02   9.7772000e-01  -1.6334600e-01  -2.5346300e-01   8.5330000e-03
  -1.3620000e-01   1.4906600e-01   5.7068000e-02   9.7773800e-01  -1.6334600e-01  -2.5346300e-01   8.5330000e-03
  -1.3626200e-01   1.4936100e-01   5.7057000e-02   9.7768500e-01  -1.6326500e-01  -2.5356000e-01   8.6590000e-03
  -1.3597700e-01   1.4982700e-01   5.6967000e-02   9.7765900e-01  -1.6314300e-01  -2.5366800e-01   8.7910000e-03
  -1.3528700e-01   1.5047700e-01   5.6807000e-02   9.7766400e-01  -1.6297800e-01  -2.5378800e-01   8.9230000e-03
  -1.3483100e-01   1.5126500e-01   5.6692000e-02   9.7761200e-01  -1.6276700e-01  -2.5393200e-01   9.0450000e-03
  -1.3533000e-01   1.5214200e-01   5.6758000e-02   9.7740300e-01  -1.6250800e-01  -2.5411000e-01   9.1490000e-03
  -1.3608800e-01   1.5317600e-01   5.6887000e-02   9.7712900e-01  -1.6218500e-01  -2.5433500e-01   9.2210000e-03
  -1.3679400e-01   1.5437900e-01   5.7061000e-02   9.7683100e-01  -1.6178800e-01  -2.5463200e-01   9.2440000e-03
  -1.3723500e-01   1.5572300e-01   5.7254000e-02   9.7654400e-01  -1.6131500e-01  -2.5502100e-01   9.1990000e-03
  -1.3777100e-01   1.5719600e-01   5.7522000e-02   9.7621700e-01  -1.6074800e-01  -2.5552900e-01   9.0680000e-03
  -1.3875100e-01   1.5879200e-01   5.7957000e-02   9.7579400e-01  -1.6008300e-01  -2.5616300e-01   8.8620000e-03
  -1.4131700e-01   1.6049500e-01   5.8761000e-02   9.7509900e-01  -1.5928700e-01  -2.5694600e-01   8.5470000e-03
  -1.4390900e-01   1.6239600e-01   5.9689000e-02   9.7434900e-01  -1.5834300e-01  -2.5790000e-01   8.1070000e-03
  -1.4456500e-01   1.6462700e-01   6.0412000e-02   9.7383200e-01  -1.5722900e-01  -2.5904600e-01   7.5310000e-03
  -1.4403400e-01   1.6722500e-01   6.0939000e-02   9.7343500e-01  -1.5591100e-01  -2.6037100e-01   6.8350000e-03
  -1.4404000e-01   1.7009000e-01   6.1581000e-02   9.7289700e-01  -1.5436800e-01  -2.6189100e-01   6.0150000e-03
  -1.4725800e-01   1.7306800e-01   6.2828000e-02   9.7181000e-01  -1.5257300e-01  -2.6362100e-01   5.0690000e-03
  -1.5229000e-01   1.7621900e-01   6.4503000e-02   9.7035800e-01  -1.5050900e-01  -2.6557100e-01   3.9900000e-03
  -1.5301500e-01   1.7617100e-01   6.4635000e-02   9.7024400e-01  -1.5050900e-01  -2.6557100e-01   3.9900000e-03
  -1.5794100e-01   1.7963400e-01   6.6477000e-02   9.6869400e-01  -1.4815600e-01  -2.6774000e-01   2.7860000e-03
  -1.6029100e-01   1.8358300e-01   6.8060000e-02   9.6745600e-01  -1.4550000e-01  -2.7012600e-01   1.4710000e-03
  -1.6207600e-01   1.8780800e-01   6.9904000e-02   9.6621600e-01  -1.4256500e-01  -2.7273000e-01   7.0000000e-05
  -1.6485000e-01   1.9225100e-01   7.2322000e-02   9.6469300e-01  -1.3932000e-01  -2.7553600e-01  -1.4060000e-03
  -1.6758400e-01   1.9701500e-01   7.5172000e-02   9.6304200e-01  -1.3575000e-01  -2.7852500e-01  -2.9320000e-03
  -1.6680500e-01   2.0238100e-01   7.7762000e-02   9.6185800e-01  -1.3184700e-01  -2.8167800e-01  -4.4920000e-03
  -1.6146400e-01   2.0848900e-01   7.9858000e-02   9.6129300e-01  -1.2760200e-01  -2.8497500e-01  -6.0580000e-03
  -1.5783400e-01   2.1482200e-01   8.2829000e-02   9.6025000e-01  -1.2301500e-01  -2.8841700e-01  -7.6000000e-03
  -1.5730600e-01   2.2125800e-01   8.7037000e-02   9.5850100e-01  -1.1807600e-01  -2.9199000e-01  -9.0920000e-03
  -1.5635600e-01   2.2808500e-01   9.1761000e-02   9.5661400e-01  -1.1278000e-01  -2.9569100e-01  -1.0513000e-02
  -1.5240300e-01   2.3560100e-01   9.6297000e-02   9.5498300e-01  -1.0711700e-01  -2.9948200e-01  -1.1836000e-02
  -1.4733500e-01   2.4366000e-01   1.0100700e-01   9.5326800e-01  -1.0109000e-01  -3.0334000e-01  -1.3025000e-02
  -1.4459100e-01   2.5189700e-01   1.0670400e-01   9.5092400e-01  -9.4697000e-02  -3.0725100e-01  -1.4050000e-02
  -1.4798300e-01   2.6840700e-01   1.2179700e-01   9.4404700e-01  -8.0894000e-02  -3.1515300e-01  -1.5508000e-02
  -1.4768100e-01   2.8534400e-01   1.3672500e-01   9.3705700e-01  -6.6754000e-02  -3.2263300e-01  -1.6221000e-02
  -1.4506200e-01   3.0182800e-01   1.5050600e-01   9.3016400e-01  -5.2975000e-02  -3.2931800e-01  -1.6372000e-02
  -1.4386800e-01   3.1735200e-01   1.6390300e-01   9.2289000e-01  -3.9677000e-02  -3.3522900e-01  -1.6040000e-02
  -1.4125400e-01   3.2526900e-01   1.6952000e-01   9.1951700e-01  -3.3191000e-02  -3.3792100e-01  -1.5714000e-02
  -1.4194700e-01   3.3971400e-01   1.8218000e-01   9.1173200e-01  -2.0464000e-02  -3.4282700e-01  -1.4823000e-02
  -1.4509100e-01   3.5326900e-01   1.9474000e-01   9.0345200e-01  -7.9950000e-03  -3.4724500e-01  -1.3564000e-02
  -1.4723100e-01   3.5992100e-01   2.0686000e-01   8.9776900e-01   6.7800000e-04  -3.5330200e-01  -1.2111000e-02
  -1.4768900e-01   3.6219300e-01   2.1840100e-01   8.9403800e-01   6.7560000e-03  -3.6070300e-01  -1.0361000e-02
  -1.5143200e-01   3.6338300e-01   2.3098400e-01   8.8975700e-01   1.2496000e-02  -3.6829000e-01  -8.0330000e-03
  -1.5121300e-01   3.6439500e-01   2.3639200e-01   8.8795800e-01   1.5327000e-02  -3.7213300e-01  -6.7540000e-03
  -1.5435400e-01   3.6616000e-01   2.4847400e-01   8.8338100e-01   2.1253000e-02  -3.7973200e-01  -3.7390000e-03
  -1.5693500e-01   3.6873200e-01   2.6012800e-01   8.7848800e-01   2.7503000e-02  -3.8723600e-01  -2.3200000e-04
  -1.5859900e-01   3.7284000e-01   2.7096700e-01   8.7316300e-01   3.4192000e-02  -3.9447100e-01   3.9690000e-03
  -1.6072900e-01   3.7756000e-01   2.8163900e-01   8.6734900e-01   4.1172000e-02  -4.0148100e-01   8.6770000e-03
  -1.6382400e-01   3.8289900e-01   2.9229800e-01   8.6087900e-01   4.8460000e-02  -4.0816700e-01   1.3941000e-02
  -1.6705400e-01   3.8918500e-01   3.0246600e-01   8.5389900e-01   5.6096000e-02  -4.1450900e-01   1.9808000e-02
  -1.6726600e-01   3.9761600e-01   3.1067700e-01   8.4699700e-01   6.4014000e-02  -4.2041300e-01   2.6261000e-02
  -1.6770900e-01   4.0215500e-01   3.1465600e-01   8.4328900e-01   6.8047000e-02  -4.2315900e-01   2.9713000e-02
  -1.6855000e-01   4.1190900e-01   3.2189100e-01   8.3564900e-01   7.6286000e-02  -4.2825400e-01   3.6946000e-02
  -1.7039800e-01   4.2239700e-01   3.2860400e-01   8.2738400e-01   8.4748000e-02  -4.3275100e-01   4.4755000e-02
  -1.7160300e-01   4.3446400e-01   3.3391300e-01   8.1871600e-01   9.3338000e-02  -4.3652800e-01   5.3203000e-02
  -1.7180800e-01   4.4829200e-01   3.3739400e-01   8.0974200e-01   1.0196200e-01  -4.3948000e-01   6.2264000e-02
  -1.7194900e-01   4.6353800e-01   3.3930100e-01   8.0027500e-01   1.1053500e-01  -4.4150800e-01   7.1925000e-02
  -1.7694800e-01   4.7808600e-01   3.4245600e-01   7.8920700e-01   1.1903700e-01  -4.4255600e-01   8.2171000e-02
  -1.7414500e-01   4.8828500e-01   3.3997200e-01   7.8464700e-01   1.2328600e-01  -4.4266300e-01   8.7595000e-02
  -1.7741700e-01   5.0581900e-01   3.3875800e-01   7.7324800e-01   1.3178500e-01  -4.4205300e-01   9.8875000e-02
  -1.8250100e-01   5.2340600e-01   3.3662900e-01   7.6119700e-01   1.4022500e-01  -4.4037600e-01   1.1046700e-01
  -1.9162000e-01   5.3999100e-01   3.3515000e-01   7.4790800e-01   1.4866400e-01  -4.3759700e-01   1.2234200e-01
  -1.9272800e-01   5.5014200e-01   3.3098500e-01   7.4205700e-01   1.5290100e-01  -4.3576400e-01   1.2839700e-01
  -2.0100200e-01   5.6791700e-01   3.2547800e-01   7.2878900e-01   1.6131700e-01  -4.3129900e-01   1.4045500e-01
  -2.0941000e-01   5.8564700e-01   3.1806900e-01   7.1554000e-01   1.6962200e-01  -4.2582000e-01   1.5230200e-01
  -2.1748000e-01   6.0319400e-01   3.0850800e-01   7.0262500e-01   1.7774200e-01  -4.1943400e-01   1.6373900e-01
  -2.2651600e-01   6.1975800e-01   2.9810200e-01   6.8972800e-01   1.8567800e-01  -4.1226300e-01   1.7463800e-01
  -2.3527300e-01   6.3551000e-01   2.8572900e-01   6.7759300e-01   1.9355700e-01  -4.0448300e-01   1.8485900e-01
  -2.4307400e-01   6.5072300e-01   2.7108900e-01   6.6632200e-01   2.0116400e-01  -3.9614000e-01   1.9436800e-01
  -2.5114200e-01   6.6483700e-01   2.5560800e-01   6.5542700e-01   2.0834200e-01  -3.8730400e-01   2.0315000e-01
  -2.6314200e-01   6.7637100e-01   2.4353400e-01   6.4340400e-01   2.1497700e-01  -3.7810800e-01   2.1117600e-01
  -2.6462100e-01   6.8341700e-01   2.3264400e-01   6.3937000e-01   2.1804200e-01  -3.7341700e-01   2.1490400e-01
  -2.7376000e-01   6.9433000e-01   2.1736900e-01   6.2905600e-01   2.2364800e-01  -3.6393300e-01   2.2181300e-01
  -2.8238800e-01   7.0428000e-01   2.0163700e-01   6.1934600e-01   2.2856600e-01  -3.5438000e-01   2.2804200e-01
  -2.9069200e-01   7.1323000e-01   1.8581800e-01   6.1014200e-01   2.3270800e-01  -3.4481300e-01   2.3366800e-01
  -2.9845600e-01   7.2130700e-01   1.6981700e-01   6.0150000e-01   2.3605500e-01  -3.3527800e-01   2.3876700e-01
  -3.0576300e-01   7.2853900e-01   1.5387400e-01   5.9334900e-01   2.3858300e-01  -3.2581200e-01   2.4340800e-01
  -3.1282100e-01   7.3500600e-01   1.3847200e-01   5.8543600e-01   2.4028200e-01  -3.1643400e-01   2.4766700e-01
  -3.2029100e-01   7.4062300e-01   1.2440500e-01   5.7742100e-01   2.4120800e-01  -3.0713400e-01   2.5159000e-01
  -3.2231200e-01   7.4351100e-01   1.1545500e-01   5.7443600e-01   2.4140400e-01  -3.0251700e-01   2.5343000e-01
  -3.2680100e-01   7.4856600e-01   9.8662000e-02   5.6843400e-01   2.4125300e-01  -2.9336100e-01   2.5687700e-01
  -3.3077100e-01   7.5292400e-01   8.1766000e-02   5.6303600e-01   2.4050200e-01  -2.8428700e-01   2.6002100e-01
  -3.3525900e-01   7.5652200e-01   6.6529000e-02   5.5753900e-01   2.3920100e-01  -2.7538800e-01   2.6285100e-01
  -3.3976600e-01   7.5953000e-01   5.2291000e-02   5.5221300e-01   2.3740600e-01  -2.6666200e-01   2.6537400e-01
  -3.4339900e-01   7.6201400e-01   3.7615000e-02   5.4772000e-01   2.3517600e-01  -2.5809400e-01   2.6758600e-01
  -3.4620100e-01   7.6396000e-01   2.2591000e-02   5.4405800e-01   2.3262300e-01  -2.4974400e-01   2.6947700e-01
  -3.4759700e-01   7.6470200e-01   1.5338000e-02   5.4237700e-01   2.3124600e-01  -2.4565800e-01   2.7030100e-01
  -3.5063800e-01   7.6575800e-01   1.6920000e-03   5.3913300e-01   2.2831500e-01  -2.3766700e-01   2.7171400e-01
  -3.5380400e-01   7.6628900e-01  -1.1062000e-02   5.3619100e-01   2.2518200e-01  -2.2995400e-01   2.7281500e-01
  -3.5658700e-01   7.6636700e-01  -2.3454000e-02   5.3383200e-01   2.2191700e-01  -2.2260200e-01   2.7361800e-01
  -3.5835500e-01   7.6595200e-01  -3.6561000e-02   5.3250600e-01   2.1853800e-01  -2.1558200e-01   2.7414300e-01
  -3.5968100e-01   7.6504200e-01  -4.9578000e-02   5.3186700e-01   2.1504700e-01  -2.0891500e-01   2.7440500e-01
  -3.6020900e-01   7.6448400e-01  -5.6001000e-02   5.3167500e-01   2.1324000e-01  -2.0565500e-01   2.7445500e-01
  -3.6085700e-01   7.6296200e-01  -6.9124000e-02   5.3187700e-01   2.0947200e-01  -1.9930300e-01   2.7436800e-01
  -3.6256600e-01   7.6110800e-01  -8.0237000e-02   5.3181100e-01   2.0557200e-01  -1.9326100e-01   2.7404100e-01
  -3.6456500e-01   7.5901000e-01  -9.0253000e-02   5.3183700e-01   2.0164900e-01  -1.8757800e-01   2.7351100e-01
  -3.6621800e-01   7.5664200e-01  -1.0005000e-01   5.3232200e-01   1.9771300e-01  -1.8224400e-01   2.7280300e-01
  -3.6765300e-01   7.5551000e-01  -1.0381300e-01   5.3222100e-01   1.9574900e-01  -1.7971100e-01   2.7238900e-01
  -3.6912400e-01   7.5291100e-01  -1.1271500e-01   5.3307300e-01   1.9185900e-01  -1.7492500e-01   2.7146400e-01
  -3.7045800e-01   7.5018800e-01  -1.2108500e-01   5.3415100e-01   1.8800100e-01  -1.7047700e-01   2.7041700e-01
  -3.7192800e-01   7.4742800e-01  -1.2854700e-01   5.3525400e-01   1.8418900e-01  -1.6636900e-01   2.6926700e-01
  -3.7270400e-01   7.4442200e-01  -1.3634800e-01   5.3696900e-01   1.8044600e-01  -1.6259100e-01   2.6803200e-01
  -3.7310800e-01   7.4126000e-01  -1.4405000e-01   5.3904900e-01   1.7678800e-01  -1.5913100e-01   2.6673100e-01
  -3.7368900e-01   7.3811900e-01  -1.5089100e-01   5.4108100e-01   1.7323100e-01  -1.5598300e-01   2.6538300e-01
  -3.7414200e-01   7.3496600e-01  -1.5729100e-01   5.4323300e-01   1.6978500e-01  -1.5313100e-01   2.6400800e-01
  -3.7418600e-01   7.3177300e-01  -1.6362300e-01   5.4563700e-01   1.6646500e-01  -1.5054700e-01   2.6262300e-01
  -3.7423400e-01   7.3024500e-01  -1.6650100e-01   5.4678100e-01   1.6485400e-01  -1.4934700e-01   2.6193200e-01
  -3.7423300e-01   7.2710000e-01  -1.7135000e-01   5.4946700e-01   1.6162600e-01  -1.4713700e-01   2.6095900e-01
  -3.7440100e-01   7.2335600e-01  -1.7405000e-01   5.5343100e-01   1.5804900e-01  -1.4508300e-01   2.6117500e-01
  -3.7470100e-01   7.1957600e-01  -1.7578900e-01   5.5759100e-01   1.5445600e-01  -1.4320400e-01   2.6166800e-01
  -3.7504200e-01   7.1594900e-01  -1.7705500e-01   5.6161600e-01   1.5097900e-01  -1.4148300e-01   2.6217400e-01
  -3.7526700e-01   7.1250300e-01  -1.7816800e-01   5.6548200e-01   1.4768100e-01  -1.3991800e-01   2.6262700e-01
  -3.7619600e-01   7.1113300e-01  -1.7759500e-01   5.6676800e-01   1.4610700e-01  -1.3919500e-01   2.6283100e-01
  -3.7659400e-01   7.0805600e-01  -1.7817100e-01   5.7016600e-01   1.4311500e-01  -1.3784400e-01   2.6322800e-01
  -3.7722200e-01   7.0518600e-01  -1.7829900e-01   5.7325800e-01   1.4029100e-01  -1.3661500e-01   2.6361000e-01
  -3.7748500e-01   7.0245000e-01  -1.7860700e-01   5.7634100e-01   1.3764200e-01  -1.3550500e-01   2.6397900e-01
  -3.7746100e-01   6.9985700e-01  -1.7900800e-01   5.7937900e-01   1.3516500e-01  -1.3450400e-01   2.6435000e-01
  -3.7714000e-01   6.9737700e-01  -1.7954700e-01   5.8240300e-01   1.3284800e-01  -1.3359900e-01   2.6472800e-01
  -3.7663000e-01   6.9509800e-01  -1.8008100e-01   5.8528600e-01   1.3069800e-01  -1.3277800e-01   2.6510200e-01
  -3.7635400e-01   6.9403900e-01  -1.8030000e-01   5.8665100e-01   1.2968600e-01  -1.3240300e-01   2.6528500e-01
  -3.7614500e-01   6.9218300e-01  -1.8016700e-01   5.8901500e-01   1.2777200e-01  -1.3171500e-01   2.6566800e-01
  -3.7583600e-01   6.9051800e-01  -1.7995000e-01   5.9122700e-01   1.2600400e-01  -1.3110300e-01   2.6606000e-01
  -3.7582500e-01   6.8979300e-01  -1.7963100e-01   5.9217700e-01   1.2517600e-01  -1.3083200e-01   2.6625200e-01
  -3.7582500e-01   6.8979300e-01  -1.7963100e-01   5.9217700e-01   1.2517600e-01  -1.3083200e-01   2.6625200e-01
  -3.7582500e-01   6.8979300e-01  -1.7963100e-01   5.9217700e-01   1.2517600e-01  -1.3083200e-01   2.6625200e-01
  -3.7582500e-01   6.8979300e-01  -1.7963100e-01   5.9217700e-01   1.2517600e-01  -1.3083200e-01   2.6625200e-01
  -3.7582500e-01   6.8979300e-01  -1.7963100e-01   5.9217700e-01   1.2517600e-01  -1.3083200e-01   2.6625200e-01
  -3.7582500e-01   6.8979300e-01  -1.7963100e-01   5.9217700e-01   1.2517600e-01  -1.3083200e-01   2.6625200e-01
  -3.7582500e-01   6.8979300e-01  -1.7963100e-01   5.9217700e-01   1.2517600e-01  -1.3083200e-01   2.6625200e-01
  -3.7582500e-01   6.8979300e-01  -1.7963100e-01   5.9217700e-01   1.2517600e-01  -1.3083200e-01   2.6625200e-01
  -3.7582500e-01   6.8979300e-01  -1.7963100e-01   5.9217700e-01   1.2517600e-01  -1.3083200e-01   2.6625200e-01
  -3.7582500e-01   6.8979300e-01  -1.7963100e-01   5.9217700e-01   1.2517600e-01  -1.3083200e-01   2.6625200e-01
  -3.7582500e-01   6.8979300e-01  -1.7963100e-01   5.9217700e-01   1.2517600e-01  -1.3083200e-01   2.6625200e-01
  -3.7582500e-01   6.8979300e-01  -1.7963100e-01   5.9217700e-01   1.2517600e-01  -1.3083200e-01   2.6625200e-01
  -3.7582500e-01   6.8979300e-01  -1.7963100e-01   5.9217700e-01   1.2517600e-01  -1.3083200e-01   2.6625200e-01
  -3.7582500e-01   6.8979300e-01  -1.7963100e-01   5.9217700e-01   1.2517600e-01  -1.3083200e-01   2.6625200e-01
  -3.7582500e-01   6.8979300e-01  -1.7963100e-01   5.9217700e-01   1.2517600e-01  -1.3083200e-01   2.6625200e-01
  -3.7582500e-01   6.8979300e-01  -1.7963100e-01   5.9217700e-01   1.2517600e-01  -1.3083200e-01   2.6625200e-01
  -3.7582500e-01   6.8979300e-01  -1.7963100e-01   5.9217700e-01   1.2517600e-01  -1.3083200e-01   2.6625200e-01
  -3.7582500e-01   6.8979300e-01  -1.7963100e-01   5.9217700e-01   1.2517600e-01  -1.3083200e-01   2.6625200e-01
  -3.7582500e-01   6.8979300e-01  -1.7963100e-01   5.9217700e-01   1.2517600e-01  -1.3083200e-01   2.6625200e-01
  -3.7254600e-01   6.8299000e-01  -1.7208400e-01   6.0425200e-01   1.1810300e-01  -1.3102100e-01   2.7052200e-01
  -3.7214300e-01   6.8320900e-01  -1.7202700e-01   6.0426900e-01   1.1820400e-01  -1.3108000e-01   2.7063900e-01
  -3.7159600e-01   6.8340900e-01  -1.7211900e-01   6.0435300e-01   1.1829100e-01  -1.3112800e-01   2.7074500e-01
  -3.7110700e-01   6.8345500e-01  -1.7242200e-01   6.0451600e-01   1.1833200e-01  -1.3113700e-01   2.7079500e-01
  -3.6991100e-01   6.8349900e-01  -1.7327700e-01   6.0495500e-01   1.1838800e-01  -1.3113300e-01   2.7087600e-01
  -3.6912800e-01   6.8363100e-01  -1.7367700e-01   6.0516800e-01   1.1840500e-01  -1.3110600e-01   2.7095100e-01
  -3.6859400e-01   6.8378100e-01  -1.7387900e-01   6.0526700e-01   1.1839500e-01  -1.3103300e-01   2.7103100e-01
  -3.6826900e-01   6.8383300e-01  -1.7405500e-01   6.0535500e-01   1.1837700e-01  -1.3098300e-01   2.7106800e-01
  -3.6765300e-01   6.8394700e-01  -1.7438700e-01   6.0550500e-01   1.1832100e-01  -1.3086000e-01   2.7113100e-01
