   1.9008000e-02   1.5677400e-01   4.8480000e-03   9.8744000e-01  -1.7103300e-01  -2.1461200e-01   7.9360000e-03
   1.8508000e-02   1.5713200e-01   3.8720000e-03   9.8739700e-01  -1.7106400e-01  -2.1418500e-01   8.5200000e-03
   1.7013000e-02   1.5779200e-01   2.2640000e-03   9.8732300e-01  -1.7111200e-01  -2.1344000e-01   9.5830000e-03
   1.5593000e-02   1.5844000e-01   9.4800000e-04   9.8724500e-01  -1.7113000e-01  -2.1281500e-01   1.0478000e-02
   1.4075000e-02   1.5905700e-01   8.0000000e-06   9.8716900e-01  -1.7112200e-01  -2.1233500e-01   1.1197000e-02
   1.5151000e-02   1.5936200e-01  -6.4900000e-04   9.8710400e-01  -1.7110700e-01  -2.1213700e-01   1.1492000e-02
   1.4851000e-02   1.6000500e-01  -1.3390000e-03   9.8700400e-01  -1.7104600e-01  -2.1183300e-01   1.1943000e-02
   1.3912000e-02   1.6062000e-01  -1.5080000e-03   9.8691700e-01  -1.7096000e-01  -2.1169800e-01   1.2209000e-02
   1.3204000e-02   1.6127800e-01  -1.2920000e-03   9.8682000e-01  -1.7083400e-01  -2.1173400e-01   1.2290000e-02
   1.3100000e-02   1.6196900e-01  -7.8300000e-04   9.8670900e-01  -1.7067600e-01  -2.1192800e-01   1.2219000e-02
   1.3430000e-02   1.6233500e-01  -4.4500000e-04   9.8664400e-01  -1.7058300e-01  -2.1208500e-01   1.2135000e-02
   1.4627000e-02   1.6320600e-01   3.9200000e-04   9.8648300e-01  -1.7034900e-01  -2.1249800e-01   1.1860000e-02
   1.5721000e-02   1.6419200e-01   1.6260000e-03   9.8630200e-01  -1.7006500e-01  -2.1306500e-01   1.1463000e-02
   1.5764000e-02   1.6474100e-01   2.4870000e-03   9.8620800e-01  -1.6989900e-01  -2.1341300e-01   1.1215000e-02
   1.6380000e-02   1.6602200e-01   4.5910000e-03   9.8597500e-01  -1.6950200e-01  -2.1430200e-01   1.0619000e-02
   1.6849000e-02   1.6675800e-01   5.8120000e-03   9.8583700e-01  -1.6926800e-01  -2.1482500e-01   1.0267000e-02
   1.7433000e-02   1.6755200e-01   7.1360000e-03   9.8568300e-01  -1.6900800e-01  -2.1539600e-01   9.8750000e-03
   1.8263000e-02   1.6848400e-01   8.5420000e-03   9.8549800e-01  -1.6869900e-01  -2.1601200e-01   9.4100000e-03
   1.9395000e-02   1.6963400e-01   1.0036000e-02   9.8526500e-01  -1.6829400e-01  -2.1675200e-01   8.8310000e-03
   2.0983000e-02   1.7100400e-01   1.1292000e-02   9.8498200e-01  -1.6771400e-01  -2.1781400e-01   8.1060000e-03
   2.2353000e-02   1.7264400e-01   1.2598000e-02   9.8465000e-01  -1.6695600e-01  -2.1916500e-01   7.2210000e-03
   2.2207000e-02   1.7455600e-01   1.4268000e-02   9.8429300e-01  -1.6601400e-01  -2.2079900e-01   6.1750000e-03
   2.0722000e-02   1.7671500e-01   1.6390000e-02   9.8390700e-01  -1.6489400e-01  -2.2270100e-01   4.9690000e-03
   1.9268000e-02   1.7913000e-01   1.8740000e-02   9.8345800e-01  -1.6357600e-01  -2.2488700e-01   3.5920000e-03
   1.9660000e-02   1.8185200e-01   2.1026000e-02   9.8290400e-01  -1.6204800e-01  -2.2734900e-01   2.0450000e-03
   2.1351000e-02   1.8490500e-01   2.3341000e-02   9.8224700e-01  -1.6028700e-01  -2.3008500e-01   3.3700000e-04
   2.2065000e-02   1.8825800e-01   2.6134000e-02   9.8152400e-01  -1.5827600e-01  -2.3308400e-01  -1.5170000e-03
   2.2140000e-02   1.9191700e-01   2.9469000e-02   9.8071900e-01  -1.5600900e-01  -2.3633800e-01  -3.5000000e-03
   2.6247000e-02   1.9606400e-01   3.2450000e-02   9.7970200e-01  -1.5346400e-01  -2.3983000e-01  -5.5960000e-03
   3.3354000e-02   2.0075400e-01   3.5242000e-02   9.7843900e-01  -1.5062400e-01  -2.4351500e-01  -7.7790000e-03
   4.0336000e-02   2.0588400e-01   3.8484000e-02   9.7698700e-01  -1.4749000e-01  -2.4738900e-01  -9.9990000e-03
   4.5014000e-02   2.1142500e-01   4.2682000e-02   9.7542400e-01  -1.4403800e-01  -2.5143600e-01  -1.2226000e-02
   4.5060000e-02   2.1725800e-01   4.8400000e-02   9.7387200e-01  -1.4024100e-01  -2.5563300e-01  -1.4459000e-02
   4.8051000e-02   2.1740600e-01   4.7732000e-02   9.7372900e-01  -1.4024100e-01  -2.5563300e-01  -1.4459000e-02
   5.0354000e-02   2.2384800e-01   5.3487000e-02   9.7185200e-01  -1.3610700e-01  -2.5996100e-01  -1.6651000e-02
   5.3106000e-02   2.3082100e-01   5.9654000e-02   9.6971300e-01  -1.3162600e-01  -2.6441100e-01  -1.8757000e-02
   5.5639000e-02   2.3828000e-01   6.6361000e-02   9.6732800e-01  -1.2679600e-01  -2.6897700e-01  -2.0743000e-02
   6.0814000e-02   2.4639800e-01   7.2841000e-02   9.6451200e-01  -1.2163100e-01  -2.7364000e-01  -2.2584000e-02
   6.1649000e-02   2.5464200e-01   8.0764000e-02   9.6168300e-01  -1.1613400e-01  -2.7836900e-01  -2.4254000e-02
   6.2339000e-02   2.6329400e-01   8.9086000e-02   9.5856900e-01  -1.1031300e-01  -2.8316400e-01  -2.5717000e-02
   6.3740000e-02   2.7239700e-01   9.7510000e-02   9.5510700e-01  -1.0418700e-01  -2.8799300e-01  -2.6970000e-02
   6.5222000e-02   2.8191200e-01   1.0614000e-01   9.5131800e-01  -9.7745000e-02  -2.9286100e-01  -2.8001000e-02
   6.5444000e-02   2.9170200e-01   1.1537800e-01   9.4726700e-01  -9.1006000e-02  -2.9773000e-01  -2.8783000e-02
   6.3856000e-02   3.0168100e-01   1.2528400e-01   9.4298200e-01  -8.3915000e-02  -3.0260500e-01  -2.9344000e-02
   6.1951000e-02   3.1202000e-01   1.3540400e-01   9.3833400e-01  -7.6501000e-02  -3.0743600e-01  -2.9657000e-02
   6.0467000e-02   3.2282900e-01   1.4545200e-01   9.3325700e-01  -6.8785000e-02  -3.1218700e-01  -2.9711000e-02
   5.9619000e-02   3.3415200e-01   1.5526300e-01   9.2772900e-01  -6.0776000e-02  -3.1683700e-01  -2.9510000e-02
   5.8910000e-02   3.4593900e-01   1.6496500e-01   9.2176000e-01  -5.2491000e-02  -3.2136600e-01  -2.9041000e-02
   5.7624000e-02   3.5807800e-01   1.7477100e-01   9.1537700e-01  -4.3943000e-02  -3.2574500e-01  -2.8305000e-02
   5.4576000e-02   3.7028800e-01   1.8513200e-01   9.0864400e-01  -3.5144000e-02  -3.2997900e-01  -2.7306000e-02
   5.0895000e-02   3.8277100e-01   1.9549100e-01   9.0148700e-01  -2.6092000e-02  -3.3405600e-01  -2.6039000e-02
   4.8661000e-02   3.9809500e-01   2.1333400e-01   8.9086500e-01  -1.3232000e-02  -3.4449400e-01  -2.3615000e-02
   4.7347000e-02   4.0592000e-01   2.2975900e-01   8.8328800e-01  -4.3400000e-03  -3.5627800e-01  -2.1103000e-02
   4.5593000e-02   4.1247200e-01   2.4531000e-01   8.7613400e-01   3.8160000e-03  -3.6781500e-01  -1.8158000e-02
   4.3768000e-02   4.1911400e-01   2.5993100e-01   8.6882900e-01   1.1923000e-02  -3.7880000e-01  -1.4797000e-02
   4.2286000e-02   4.2662300e-01   2.7341000e-01   8.6107600e-01   2.0230000e-02  -3.8916900e-01  -1.0900000e-02
   4.1646000e-02   4.3061500e-01   2.7976400e-01   8.5707000e-01   2.4427000e-02  -3.9412900e-01  -8.7870000e-03
   4.0952000e-02   4.4005500e-01   2.9127300e-01   8.4843100e-01   3.3192000e-02  -4.0352900e-01  -3.9810000e-03
   4.0085000e-02   4.5016200e-01   3.0184800e-01   8.3942600e-01   4.2158000e-02  -4.1238500e-01   1.3140000e-03
   3.8616000e-02   4.6118800e-01   3.1150400e-01   8.2992700e-01   5.1449000e-02  -4.2059200e-01   7.1950000e-03
   3.5631000e-02   4.7277800e-01   3.2071600e-01   8.1997100e-01   6.1058000e-02  -4.2812800e-01   1.3671000e-02
   3.2109000e-02   4.8493200e-01   3.2904700e-01   8.0965300e-01   7.0807000e-02  -4.3498400e-01   2.0649000e-02
   2.8279000e-02   4.9786100e-01   3.3624100e-01   7.9892200e-01   8.0704000e-02  -4.4109100e-01   2.8158000e-02
   2.3880000e-02   5.1133100e-01   3.4235100e-01   7.8788700e-01   9.0699000e-02  -4.4641400e-01   3.6132000e-02
   1.6578000e-02   5.2421300e-01   3.4886800e-01   7.7667000e-01   1.0070600e-01  -4.5089700e-01   4.4543000e-02
   1.6753000e-02   5.3261700e-01   3.4891800e-01   7.7090500e-01   1.0567800e-01  -4.5280200e-01   4.8908000e-02
   1.1006000e-02   5.4715700e-01   3.5180700e-01   7.5942700e-01   1.1553500e-01  -4.5592400e-01   5.7955000e-02
   4.8510000e-03   5.6212800e-01   3.5313900e-01   7.4785200e-01   1.2523100e-01  -4.5810100e-01   6.7432000e-02
  -1.0050000e-03   5.7767100e-01   3.5224000e-01   7.3635800e-01   1.3464200e-01  -4.5928900e-01   7.7252000e-02
  -7.3060000e-03   5.9334100e-01   3.4957200e-01   7.2504600e-01   1.4371500e-01  -4.5947800e-01   8.7372000e-02
  -1.4022000e-02   6.0913300e-01   3.4500800e-01   7.1395400e-01   1.5242700e-01  -4.5865100e-01   9.7796000e-02
  -2.0835000e-02   6.2502900e-01   3.3827200e-01   7.0319000e-01   1.6069000e-01  -4.5679600e-01   1.0844000e-01
  -3.0155000e-02   6.3966300e-01   3.3164600e-01   6.9277200e-01   1.6842000e-01  -4.5393400e-01   1.1918700e-01
  -3.1442000e-02   6.4852700e-01   3.2437900e-01   6.8789700e-01   1.7207000e-01  -4.5212700e-01   1.2458300e-01
  -3.8873000e-02   6.6379500e-01   3.1257500e-01   6.7835200e-01   1.7891800e-01  -4.4774400e-01   1.3542300e-01
  -4.7069000e-02   6.7838100e-01   2.9923100e-01   6.6936100e-01   1.8522400e-01  -4.4239700e-01   1.4623600e-01
  -5.6613000e-02   6.9181700e-01   2.8525900e-01   6.6091700e-01   1.9096000e-01  -4.3616900e-01   1.5687600e-01
  -6.2090000e-02   6.9798800e-01   2.7836200e-01   6.5686500e-01   1.9361800e-01  -4.3275200e-01   1.6209700e-01
  -7.3641000e-02   7.0953600e-01   2.6416300e-01   6.4911800e-01   1.9841400e-01  -4.2533000e-01   1.7229800e-01
  -7.9334000e-02   7.1557000e-01   2.5538100e-01   6.4532600e-01   2.0056600e-01  -4.2099400e-01   1.7763700e-01
  -9.1289000e-02   7.2710200e-01   2.3680300e-01   6.3789700e-01   2.0430200e-01  -4.1147500e-01   1.8824300e-01
  -1.0406700e-01   7.3731800e-01   2.1817100e-01   6.3082000e-01   2.0709700e-01  -4.0115900e-01   1.9836100e-01
  -1.1622800e-01   7.4632900e-01   1.9927500e-01   6.2431800e-01   2.0897800e-01  -3.9050600e-01   2.0765300e-01
  -1.2180800e-01   7.5044400e-01   1.8962100e-01   6.2132200e-01   2.0957100e-01  -3.8512100e-01   2.1197100e-01
  -1.3135300e-01   7.5810000e-01   1.6907100e-01   6.1599200e-01   2.1010100e-01  -3.7425500e-01   2.2000800e-01
  -1.4098200e-01   7.6444400e-01   1.4937700e-01   6.1109400e-01   2.0978400e-01  -3.6322000e-01   2.2734100e-01
  -1.5077000e-01   7.6957000e-01   1.3106900e-01   6.0650800e-01   2.0871100e-01  -3.5215800e-01   2.3395700e-01
  -1.5935200e-01   7.7383100e-01   1.1242900e-01   6.0262100e-01   2.0692400e-01  -3.4111800e-01   2.3987600e-01
  -1.6766400e-01   7.7709500e-01   9.4592000e-02   5.9922000e-01   2.0459900e-01  -3.3019100e-01   2.4511000e-01
  -1.7598400e-01   7.7944000e-01   7.8107000e-02   5.9615600e-01   2.0183600e-01  -3.1947300e-01   2.4967100e-01
  -1.8008800e-01   7.8034700e-01   7.0274000e-02   5.9471700e-01   2.0028800e-01  -3.1416200e-01   2.5172900e-01
  -1.8800700e-01   7.8173500e-01   5.5184000e-02   5.9202900e-01   1.9688800e-01  -3.0362900e-01   2.5542400e-01
  -1.9483400e-01   7.8272400e-01   3.9993000e-02   5.8973100e-01   1.9311900e-01  -2.9320100e-01   2.5859000e-01
  -1.9997400e-01   7.8336100e-01   2.3804000e-02   5.8803800e-01   1.8904600e-01  -2.8287500e-01   2.6125100e-01
  -2.0364300e-01   7.8361200e-01   6.9080000e-03   5.8688500e-01   1.8479100e-01  -2.7272000e-01   2.6341700e-01
  -2.0489300e-01   7.8369600e-01  -1.7700000e-03   5.8637600e-01   1.8262600e-01  -2.6765800e-01   2.6435300e-01
  -2.0725400e-01   7.8363300e-01  -1.8442000e-02   5.8534200e-01   1.7829300e-01  -2.5766300e-01   2.6590500e-01
  -2.1211800e-01   7.8316400e-01  -3.1163000e-02   5.8368500e-01   1.7388000e-01  -2.4783400e-01   2.6698900e-01
  -2.1625100e-01   7.8237200e-01  -4.3767000e-02   5.8242000e-01   1.6959900e-01  -2.3844500e-01   2.6763500e-01
  -2.1876300e-01   7.8121900e-01  -5.7316000e-02   5.8185400e-01   1.6550700e-01  -2.2958600e-01   2.6789500e-01
  -2.1970700e-01   7.7966400e-01  -7.1877000e-02   5.8196800e-01   1.6161600e-01  -2.2123600e-01   2.6782900e-01
  -2.2128700e-01   7.7894200e-01  -7.7298000e-02   5.8164100e-01   1.5974300e-01  -2.1724400e-01   2.6768800e-01
  -2.2398400e-01   7.7729900e-01  -8.8130000e-02   5.8126700e-01   1.5611200e-01  -2.0960600e-01   2.6720700e-01
  -2.2646600e-01   7.7545900e-01  -9.8502000e-02   5.8109700e-01   1.5264700e-01  -2.0241400e-01   2.6649800e-01
  -2.2780800e-01   7.7325100e-01  -1.0979500e-01   5.8149100e-01   1.4936500e-01  -1.9564300e-01   2.6560200e-01
  -2.2927000e-01   7.7091000e-01  -1.2031500e-01   5.8194300e-01   1.4625400e-01  -1.8929100e-01   2.6455000e-01
  -2.3028900e-01   7.6837000e-01  -1.3072800e-01   5.8265300e-01   1.4330300e-01  -1.8336800e-01   2.6337200e-01
  -2.3081800e-01   7.6706900e-01  -1.3565800e-01   5.8303100e-01   1.4188000e-01  -1.8055900e-01   2.6274300e-01
  -2.3194900e-01   7.6440900e-01  -1.4507200e-01   5.8380900e-01   1.3915900e-01  -1.7521500e-01   2.6142700e-01
  -2.3380400e-01   7.6203700e-01  -1.5280200e-01   5.8419700e-01   1.3664400e-01  -1.7022800e-01   2.6008600e-01
  -2.3490900e-01   7.6096200e-01  -1.5616800e-01   5.8426600e-01   1.3544800e-01  -1.6784000e-01   2.5940800e-01
  -2.3693000e-01   7.5871000e-01  -1.6285600e-01   5.8455200e-01   1.3310300e-01  -1.6326900e-01   2.5799800e-01
  -2.3853800e-01   7.5624800e-01  -1.6973800e-01   5.8513000e-01   1.3082000e-01  -1.5898400e-01   2.5652700e-01
  -2.3990500e-01   7.5377700e-01  -1.7636400e-01   5.8580000e-01   1.2866700e-01  -1.5502100e-01   2.5505400e-01
  -2.4139600e-01   7.5141500e-01  -1.8232200e-01   5.8639700e-01   1.2669300e-01  -1.5139600e-01   2.5362000e-01
  -2.4367600e-01   7.4938900e-01  -1.8673600e-01   5.8665800e-01   1.2488300e-01  -1.4812100e-01   2.5223800e-01
  -2.4562100e-01   7.4738900e-01  -1.9096700e-01   5.8703600e-01   1.2321400e-01  -1.4519000e-01   2.5091500e-01
  -2.4615500e-01   7.4630300e-01  -1.9341700e-01   5.8739200e-01   1.2242000e-01  -1.4382900e-01   2.5027300e-01
  -2.4644300e-01   7.4395300e-01  -1.9891000e-01   5.8841700e-01   1.2090800e-01  -1.4131000e-01   2.4902900e-01
  -2.4685400e-01   7.4171400e-01  -2.0381900e-01   5.8939000e-01   1.1948700e-01  -1.3903000e-01   2.4783200e-01
  -2.4873500e-01   7.3988100e-01  -2.0630500e-01   5.9003800e-01   1.1803500e-01  -1.3693100e-01   2.4691600e-01
  -2.5121700e-01   7.3717400e-01  -2.0675600e-01   5.9221400e-01   1.1592100e-01  -1.3488800e-01   2.4718400e-01
  -2.5299100e-01   7.3400200e-01  -2.0748200e-01   5.9513700e-01   1.1368700e-01  -1.3297700e-01   2.4781900e-01
  -2.5431300e-01   7.3076300e-01  -2.0843200e-01   5.9821900e-01   1.1152000e-01  -1.3122500e-01   2.4850300e-01
  -2.5450900e-01   7.2906100e-01  -2.0936100e-01   5.9988500e-01   1.1048500e-01  -1.3040900e-01   2.4883400e-01
  -2.5623200e-01   7.2629900e-01  -2.0939800e-01   6.0248500e-01   1.0851500e-01  -1.2886000e-01   2.4949500e-01
  -2.5761800e-01   7.2363200e-01  -2.0963000e-01   6.0501600e-01   1.0668700e-01  -1.2745000e-01   2.5012600e-01
  -2.5847400e-01   7.2093100e-01  -2.1035400e-01   6.0761900e-01   1.0495600e-01  -1.2616100e-01   2.5070100e-01
  -2.5799800e-01   7.1935200e-01  -2.1172200e-01   6.0921600e-01   1.0414400e-01  -1.2556500e-01   2.5096400e-01
  -2.5859100e-01   7.1692300e-01  -2.1247000e-01   6.1156300e-01   1.0263300e-01  -1.2448300e-01   2.5144500e-01
  -2.5969500e-01   7.1493100e-01  -2.1240800e-01   6.1344600e-01   1.0126300e-01  -1.2352600e-01   2.5187800e-01
  -2.6108600e-01   7.1318500e-01  -2.1185700e-01   6.1507600e-01   9.9979000e-02  -1.2265700e-01   2.5230500e-01
  -2.6183400e-01   7.1144500e-01  -2.1190100e-01   6.1675500e-01   9.8818000e-02  -1.2186700e-01   2.5270300e-01
  -2.6235700e-01   7.0985500e-01  -2.1209200e-01   6.1829800e-01   9.7789000e-02  -1.2115800e-01   2.5306200e-01
  -2.6316300e-01   7.0854600e-01  -2.1185700e-01   6.1953600e-01   9.6870000e-02  -1.2052900e-01   2.5338800e-01
  -2.6362000e-01   7.0797700e-01  -2.1163800e-01   6.2006600e-01   9.6450000e-02  -1.2024200e-01   2.5354100e-01
  -2.6442200e-01   7.0693200e-01  -2.1125400e-01   6.2104700e-01   9.5683000e-02  -1.1971900e-01   2.5382900e-01
  -2.6492000e-01   7.0593800e-01  -2.1114100e-01   6.2200300e-01   9.5010000e-02  -1.1926100e-01   2.5409400e-01
  -2.6544200e-01   7.0511400e-01  -2.1090400e-01   6.2279600e-01   9.4429000e-02  -1.1886500e-01   2.5434300e-01
  -2.6557300e-01   7.0434000e-01  -2.1096100e-01   6.2359500e-01   9.3924000e-02  -1.1851600e-01   2.5457600e-01
  -2.6548500e-01   7.0397000e-01  -2.1109900e-01   6.2400400e-01   9.3695000e-02  -1.1835800e-01   2.5468700e-01
  -2.6510500e-01   7.0327500e-01  -2.1150300e-01   6.2481200e-01   9.3287000e-02  -1.1808300e-01   2.5490200e-01
  -2.6473600e-01   7.0272700e-01  -2.1173400e-01   6.2550700e-01   9.2930000e-02  -1.1786700e-01   2.5510700e-01
  -2.6469400e-01   7.0253600e-01  -2.1165400e-01   6.2576600e-01   9.2768000e-02  -1.1777800e-01   2.5520500e-01
  -2.6457800e-01   7.0235000e-01  -2.1162700e-01   6.2603300e-01   9.2616000e-02  -1.1769800e-01   2.5530200e-01
  -2.6473800e-01   7.0240500e-01  -2.1144700e-01   6.2596500e-01   9.2616000e-02  -1.1769800e-01   2.5530200e-01
  -2.6473900e-01   7.0230100e-01  -2.1122600e-01   6.2615500e-01   9.2474000e-02  -1.1763400e-01   2.5540000e-01
  -2.6447700e-01   7.0214500e-01  -2.1125800e-01   6.2643000e-01   9.2348000e-02  -1.1759000e-01   2.5549600e-01
  -2.6432500e-01   7.0204900e-01  -2.1114100e-01   6.2664100e-01   9.2234000e-02  -1.1756500e-01   2.5559000e-01
  -2.6445100e-01   7.0204900e-01  -2.1069900e-01   6.2673600e-01   9.2125000e-02  -1.1755400e-01   2.5568700e-01
  -2.6461900e-01   7.0204500e-01  -2.1021800e-01   6.2683200e-01   9.2019000e-02  -1.1756300e-01   2.5578700e-01
  -2.6436500e-01   7.0189100e-01  -2.1022300e-01   6.2710900e-01   9.1921000e-02  -1.1758400e-01   2.5588800e-01
  -2.6413700e-01   7.0175500e-01  -2.1019600e-01   6.2736600e-01   9.1833000e-02  -1.1761400e-01   2.5599100e-01
  -2.6430400e-01   7.0177700e-01  -2.0970800e-01   6.2743500e-01   9.1756000e-02  -1.1764900e-01   2.5609300e-01
  -2.6423000e-01   7.0174700e-01  -2.0946500e-01   6.2758100e-01   9.1685000e-02  -1.1767800e-01   2.5619700e-01
  -2.6372000e-01   7.0158600e-01  -2.0972200e-01   6.2789000e-01   9.1620000e-02  -1.1769700e-01   2.5629400e-01
  -2.6324900e-01   7.0145800e-01  -2.0993800e-01   6.2815900e-01   9.1561000e-02  -1.1770300e-01   2.5638500e-01
  -2.6303200e-01   7.0145300e-01  -2.0983100e-01   6.2829100e-01   9.1500000e-02  -1.1769400e-01   2.5647400e-01
  -2.6278500e-01   7.0146400e-01  -2.0974000e-01   6.2841200e-01   9.1436000e-02  -1.1766300e-01   2.5655900e-01
  -2.6215200e-01   7.0136700e-01  -2.1007400e-01   6.2867300e-01   9.1368000e-02  -1.1761400e-01   2.5663400e-01
  -2.6143300e-01   7.0126300e-01  -2.1048800e-01   6.2895000e-01   9.1290000e-02  -1.1754600e-01   2.5669400e-01
  -2.6119200e-01   7.0130400e-01  -2.1041100e-01   6.2903000e-01   9.1206000e-02  -1.1745900e-01   2.5674700e-01
  -2.6081700e-01   7.0125900e-01  -2.1055600e-01   6.2918700e-01   9.1119000e-02  -1.1736000e-01   2.5679500e-01
  -2.6113700e-01   7.0136600e-01  -2.1019900e-01   6.2905400e-01   9.1119000e-02  -1.1736000e-01   2.5679500e-01
  -2.6098000e-01   7.0135800e-01  -2.1018600e-01   6.2913300e-01   9.1031000e-02  -1.1724900e-01   2.5683100e-01
  -2.6060700e-01   7.0122600e-01  -2.1050900e-01   6.2932700e-01   9.0943000e-02  -1.1712100e-01   2.5686700e-01
  -2.6034000e-01   7.0110800e-01  -2.1076100e-01   6.2948400e-01   9.0843000e-02  -1.1697500e-01   2.5688700e-01
  -2.6029200e-01   7.0102300e-01  -2.1086000e-01   6.2956600e-01   9.0733000e-02  -1.1680000e-01   2.5689500e-01
