   1.1922600e-01   1.8320200e-01  -1.6045000e-02   9.7568700e-01  -1.6648700e-01  -2.1373600e-01   1.6605000e-02
   1.1939500e-01   1.8304200e-01  -1.5768000e-02   9.7570100e-01  -1.6653500e-01  -2.1386600e-01   1.6621000e-02
   1.1980100e-01   1.8288900e-01  -1.5484000e-02   9.7568400e-01  -1.6657200e-01  -2.1401500e-01   1.6584000e-02
   1.2071300e-01   1.8275000e-01  -1.5226000e-02   9.7560200e-01  -1.6659400e-01  -2.1419000e-01   1.6491000e-02
   1.2197100e-01   1.8262300e-01  -1.4986000e-02   9.7547300e-01  -1.6660000e-01  -2.1438200e-01   1.6334000e-02
   1.2259600e-01   1.8254500e-01  -1.4527000e-02   9.7541600e-01  -1.6658600e-01  -2.1461200e-01   1.6104000e-02
   1.2370400e-01   1.8249000e-01  -1.4023000e-02   9.7529400e-01  -1.6654700e-01  -2.1489400e-01   1.5772000e-02
   1.2631200e-01   1.8242600e-01  -1.3648000e-02   9.7497700e-01  -1.6648800e-01  -2.1523500e-01   1.5334000e-02
   1.3046300e-01   1.8236700e-01  -1.3365000e-02   9.7444500e-01  -1.6639800e-01  -2.1565100e-01   1.4753000e-02
   1.3615700e-01   1.8234900e-01  -1.3147000e-02   9.7367200e-01  -1.6626700e-01  -2.1615300e-01   1.4019000e-02
   1.4160800e-01   1.8239200e-01  -1.2620000e-02   9.7289300e-01  -1.6609200e-01  -2.1675700e-01   1.3114000e-02
   1.4622900e-01   1.8245100e-01  -1.1634000e-02   9.7221000e-01  -1.6587700e-01  -2.1747600e-01   1.2005000e-02
   1.5003100e-01   1.8253500e-01  -1.0154000e-02   9.7163200e-01  -1.6561700e-01  -2.1832400e-01   1.0684000e-02
   1.5364700e-01   1.8262600e-01  -8.2680000e-03   9.7106700e-01  -1.6530200e-01  -2.1931000e-01   9.1220000e-03
   1.5816500e-01   1.8273700e-01  -6.2060000e-03   9.7033600e-01  -1.6491300e-01  -2.2045900e-01   7.3080000e-03
   1.6337600e-01   1.8280800e-01  -4.3010000e-03   9.6946900e-01  -1.6436600e-01  -2.2195900e-01   5.2090000e-03
   1.7033500e-01   1.8293000e-01  -2.5820000e-03   9.6825400e-01  -1.6367100e-01  -2.2373900e-01   2.8480000e-03
   1.7769200e-01   1.8315000e-01  -7.4000000e-04   9.6689200e-01  -1.6282000e-01  -2.2576600e-01   2.1900000e-04
   1.7902500e-01   1.8354400e-01   2.5030000e-03   9.6656900e-01  -1.6179800e-01  -2.2801300e-01  -2.6520000e-03
   1.8646600e-01   1.8355800e-01   1.0890000e-03   9.6516100e-01  -1.6179800e-01  -2.2801300e-01  -2.6520000e-03
   1.9704400e-01   1.8419200e-01   2.8570000e-03   9.6293200e-01  -1.6058900e-01  -2.3046500e-01  -5.7720000e-03
   2.0805700e-01   1.8512500e-01   4.8510000e-03   9.6042600e-01  -1.5917400e-01  -2.3310400e-01  -9.1150000e-03
   2.1605200e-01   1.8640300e-01   7.6870000e-03   9.5839200e-01  -1.5752000e-01  -2.3592100e-01  -1.2664000e-02
   2.2163400e-01   1.8805400e-01   1.1324000e-02   9.5675800e-01  -1.5561500e-01  -2.3891000e-01  -1.6382000e-02
   2.2617600e-01   1.9006200e-01   1.5498000e-02   9.5523800e-01  -1.5346300e-01  -2.4204700e-01  -2.0227000e-02
   2.3093800e-01   1.9242700e-01   1.9986000e-02   9.5354100e-01  -1.5106900e-01  -2.4529500e-01  -2.4176000e-02
   2.3707200e-01   1.9521200e-01   2.4566000e-02   9.5136000e-01  -1.4843400e-01  -2.4864200e-01  -2.8171000e-02
   2.3930900e-01   1.9834100e-01   3.0273000e-02   9.4998700e-01  -1.4552900e-01  -2.5209100e-01  -3.2172000e-02
   2.4099500e-01   2.0183600e-01   3.6456000e-02   9.4860700e-01  -1.4237100e-01  -2.5563100e-01  -3.6143000e-02
   2.4425900e-01   2.0578000e-01   4.2694000e-02   9.4666200e-01  -1.3897800e-01  -2.5925700e-01  -4.0032000e-02
   2.4794800e-01   2.1009900e-01   4.9247000e-02   9.4443300e-01  -1.3536900e-01  -2.6297300e-01  -4.3817000e-02
   2.5162300e-01   2.1480800e-01   5.6193000e-02   9.4201200e-01  -1.3156200e-01  -2.6675900e-01  -4.7441000e-02
   2.5741400e-01   2.2011500e-01   6.2989000e-02   9.3878600e-01  -1.2754500e-01  -2.7061200e-01  -5.0861000e-02
   2.6123300e-01   2.2576600e-01   7.0575000e-02   9.3584500e-01  -1.2333400e-01  -2.7454200e-01  -5.4047000e-02
   2.6475400e-01   2.3186900e-01   7.8582000e-02   9.3272000e-01  -1.1896100e-01  -2.7855400e-01  -5.6938000e-02
   2.6983900e-01   2.4550000e-01   9.6008000e-02   9.2612100e-01  -1.0976100e-01  -2.8678900e-01  -6.1670000e-02
   2.7372900e-01   2.6007000e-01   1.1359100e-01   9.1898500e-01  -1.0033700e-01  -2.9486400e-01  -6.5141000e-02
   2.7767500e-01   2.7474300e-01   1.3006000e-01   9.1131600e-01  -9.1127000e-02  -3.0238600e-01  -6.7576000e-02
   2.7910100e-01   2.8200500e-01   1.3782900e-01   9.0751200e-01  -8.6606000e-02  -3.0593300e-01  -6.8456000e-02
   2.8015600e-01   2.9630100e-01   1.5279400e-01   9.0020700e-01  -7.7722000e-02  -3.1263200e-01  -6.9614000e-02
   2.7928300e-01   3.1041200e-01   1.6712900e-01   8.9314800e-01  -6.9035000e-02  -3.1885100e-01  -7.0026000e-02
   2.7742500e-01   3.2456700e-01   1.8078600e-01   8.8600700e-01  -6.0494000e-02  -3.2470500e-01  -6.9764000e-02
   2.7599400e-01   3.3912800e-01   1.9335400e-01   8.7831300e-01  -5.2016000e-02  -3.3030000e-01  -6.8912000e-02
   2.7322300e-01   3.5370800e-01   2.0545000e-01   8.7064900e-01  -4.3563000e-02  -3.3565600e-01  -6.7552000e-02
   2.7131800e-01   3.6097600e-01   2.1129200e-01   8.6685500e-01  -3.9334000e-02  -3.3826200e-01  -6.6703000e-02
   2.7131800e-01   3.6097600e-01   2.1129200e-01   8.6685500e-01  -3.9334000e-02  -3.3826200e-01  -6.6703000e-02
   2.7131800e-01   3.6097600e-01   2.1129200e-01   8.6685500e-01  -3.9334000e-02  -3.3826200e-01  -6.6703000e-02
   2.7131800e-01   3.6097600e-01   2.1129200e-01   8.6685500e-01  -3.9334000e-02  -3.3826200e-01  -6.6703000e-02
   2.7131800e-01   3.6097600e-01   2.1129200e-01   8.6685500e-01  -3.9334000e-02  -3.3826200e-01  -6.6703000e-02
   2.7131800e-01   3.6097600e-01   2.1129200e-01   8.6685500e-01  -3.9334000e-02  -3.3826200e-01  -6.6703000e-02
   2.4306000e-01   4.2776300e-01   2.6794400e-01   8.2834000e-01   1.4230000e-03  -3.7196100e-01  -5.2279000e-02
   2.3844600e-01   4.3432000e-01   2.7554700e-01   8.2376200e-01   6.0630000e-03  -3.7871600e-01  -4.9351000e-02
   2.3318800e-01   4.4130900e-01   2.8299000e-01   8.1901500e-01   1.0990000e-02  -3.8547800e-01  -4.6003000e-02
   2.2704900e-01   4.4849400e-01   2.9051600e-01   8.1418800e-01   1.6171000e-02  -3.9225000e-01  -4.2264000e-02
   2.2671400e-01   4.5340700e-01   2.9255900e-01   8.1082200e-01   1.8900000e-02  -3.9561400e-01  -4.0203000e-02
   2.2221400e-01   4.6237100e-01   2.9840400e-01   8.0485300e-01   2.4585000e-02  -4.0228700e-01  -3.5758000e-02
   2.1675400e-01   4.7182200e-01   3.0431900e-01   7.9861800e-01   3.0641000e-02  -4.0885600e-01  -3.0834000e-02
   2.1122500e-01   4.8168600e-01   3.0989100e-01   7.9204200e-01   3.6959000e-02  -4.1530700e-01  -2.5565000e-02
   2.0584700e-01   4.9220200e-01   3.1478400e-01   7.8503200e-01   4.3601000e-02  -4.2158300e-01  -1.9908000e-02
   2.0033000e-01   5.0330000e-01   3.1913100e-01   7.7763200e-01   5.0557000e-02  -4.2764200e-01  -1.3831000e-02
   1.9450500e-01   5.1487100e-01   3.2295000e-01   7.6992100e-01   5.7840000e-02  -4.3344800e-01  -7.3590000e-03
   1.8763900e-01   5.2656300e-01   3.2670600e-01   7.6209300e-01   6.5413000e-02  -4.3893500e-01  -4.9700000e-04
   1.8411100e-01   5.3258000e-01   3.2825800e-01   7.5809500e-01   6.9326000e-02  -4.4155600e-01   3.0820000e-03
   1.7773500e-01   5.4526700e-01   3.3013000e-01   7.4973900e-01   7.7382000e-02  -4.4651400e-01   1.0495000e-02
   1.7125100e-01   5.5835200e-01   3.3104100e-01   7.4116700e-01   8.5659000e-02  -4.5101800e-01   1.8253000e-02
   1.6438800e-01   5.7171200e-01   3.3104900e-01   7.3248100e-01   9.4154000e-02  -4.5503000e-01   2.6363000e-02
   1.5591500e-01   5.8465100e-01   3.3110900e-01   7.2404500e-01   1.0275900e-01  -4.5847000e-01   3.4779000e-02
   1.4631200e-01   5.9731200e-01   3.3096600e-01   7.1573300e-01   1.1143100e-01  -4.6130500e-01   4.3470000e-02
   1.3703100e-01   6.1028600e-01   3.2953300e-01   7.0723600e-01   1.2005900e-01  -4.6347800e-01   5.2411000e-02
   1.2809200e-01   6.2356800e-01   3.2666400e-01   6.9860300e-01   1.2857500e-01  -4.6494600e-01   6.1610000e-02
   1.1941300e-01   6.3713200e-01   3.2228400e-01   6.8988200e-01   1.3696900e-01  -4.6569000e-01   7.1076000e-02
   1.0854600e-01   6.4974500e-01   3.1847100e-01   6.8163400e-01   1.4526000e-01  -4.6571200e-01   8.0752000e-02
   1.0525100e-01   6.5705700e-01   3.1400400e-01   6.7719900e-01   1.4933800e-01  -4.6544200e-01   8.5662000e-02
   9.4587000e-02   6.6974800e-01   3.0799900e-01   6.6905000e-01   1.5730900e-01  -4.6432500e-01   9.5595000e-02
   8.3247000e-02   6.8205600e-01   3.0121400e-01   6.6116600e-01   1.6513400e-01  -4.6247700e-01   1.0563000e-01
   7.2432000e-02   6.9444600e-01   2.9261600e-01   6.5335700e-01   1.7268300e-01  -4.5986900e-01   1.1572600e-01
   6.1873000e-02   7.0670300e-01   2.8261700e-01   6.4565500e-01   1.7984200e-01  -4.5648300e-01   1.2584100e-01
   5.0953000e-02   7.1844500e-01   2.7202600e-01   6.3815500e-01   1.8649600e-01  -4.5231900e-01   1.3591800e-01
   4.0052000e-02   7.2975800e-01   2.6046200e-01   6.3087900e-01   1.9269900e-01  -4.4744500e-01   1.4587100e-01
   2.8313000e-02   7.4018400e-01   2.4900300e-01   6.2395800e-01   1.9848200e-01  -4.4193700e-01   1.5560500e-01
   2.3291000e-02   7.4552100e-01   2.4198200e-01   6.2056400e-01   2.0120300e-01  -4.3895400e-01   1.6038300e-01
   1.1029000e-02   7.5487200e-01   2.3020300e-01   6.1404700e-01   2.0628100e-01  -4.3256300e-01   1.6972300e-01
  -1.5720000e-03   7.6346400e-01   2.1849800e-01   6.0776600e-01   2.1083900e-01  -4.2565100e-01   1.7874300e-01
  -1.3778000e-02   7.7147700e-01   2.0595700e-01   6.0184300e-01   2.1493200e-01  -4.1831500e-01   1.8736700e-01
  -2.5080000e-02   7.7904800e-01   1.9198700e-01   5.9631900e-01   2.1858200e-01  -4.1061800e-01   1.9557300e-01
  -3.5751000e-02   7.8607400e-01   1.7720300e-01   5.9110900e-01   2.2174300e-01  -4.0260100e-01   2.0336600e-01
  -4.6788000e-02   7.9221000e-01   1.6313800e-01   5.8617500e-01   2.2436200e-01  -3.9432300e-01   2.1072900e-01
  -5.2479000e-02   7.9496200e-01   1.5650300e-01   5.8377000e-01   2.2548300e-01  -3.9010700e-01   2.1424900e-01
  -6.3425000e-02   8.0007400e-01   1.4307000e-01   5.7912900e-01   2.2737400e-01  -3.8156500e-01   2.2096100e-01
  -7.3194000e-02   8.0478100e-01   1.2858000e-01   5.7483700e-01   2.2881800e-01  -3.7291600e-01   2.2723700e-01
  -8.1900000e-02   8.0903300e-01   1.1328900e-01   5.7089800e-01   2.2986600e-01  -3.6423000e-01   2.3307400e-01
  -9.0413000e-02   8.1263300e-01   9.8436000e-02   5.6724200e-01   2.3055600e-01  -3.5556100e-01   2.3847200e-01
  -9.8620000e-02   8.1573700e-01   8.3912000e-02   5.6374300e-01   2.3091200e-01  -3.4688300e-01   2.4349100e-01
  -1.0635300e-01   8.1853500e-01   6.9591000e-02   5.6022000e-01   2.3100800e-01  -3.3817700e-01   2.4818900e-01
  -1.0983800e-01   8.1978200e-01   6.2321000e-02   5.5857700e-01   2.3095300e-01  -3.3388700e-01   2.5037800e-01
  -1.1626100e-01   8.2191800e-01   4.7922000e-02   5.5555100e-01   2.3062200e-01  -3.2546900e-01   2.5444000e-01
  -1.2216800e-01   8.2361600e-01   3.4171000e-02   5.5277900e-01   2.3003400e-01  -3.1731700e-01   2.5809200e-01
  -1.2747000e-01   8.2498300e-01   2.0935000e-02   5.5019700e-01   2.2927100e-01  -3.0944700e-01   2.6137300e-01
  -1.3276300e-01   8.2587800e-01   8.6430000e-03   5.4792800e-01   2.2839900e-01  -3.0190800e-01   2.6427000e-01
  -1.3558700e-01   8.2618200e-01   3.1600000e-03   5.4683600e-01   2.2790400e-01  -2.9825000e-01   2.6559200e-01
  -1.4088300e-01   8.2657500e-01  -7.4860000e-03   5.4485800e-01   2.2676700e-01  -2.9113200e-01   2.6801300e-01
  -1.4682000e-01   8.2670700e-01  -1.6299000e-02   5.4289400e-01   2.2534100e-01  -2.8414400e-01   2.7018800e-01
  -1.5144400e-01   8.2665700e-01  -2.5868000e-02   5.4132600e-01   2.2371300e-01  -2.7739200e-01   2.7211400e-01
  -1.5515500e-01   8.2642300e-01  -3.5495000e-02   5.4008500e-01   2.2191500e-01  -2.7094300e-01   2.7379000e-01
  -1.5864100e-01   8.2603300e-01  -4.4180000e-02   5.3902700e-01   2.1994000e-01  -2.6480400e-01   2.7522700e-01
  -1.6215600e-01   8.2554800e-01  -5.1569000e-02   5.3806800e-01   2.1778800e-01  -2.5896000e-01   2.7644700e-01
  -1.6523900e-01   8.2498000e-01  -5.8607000e-02   5.3728000e-01   2.1552500e-01  -2.5334500e-01   2.7748600e-01
  -1.6580800e-01   8.2194200e-01  -6.4278000e-02   5.4109800e-01   2.1237100e-01  -2.4869600e-01   2.8115600e-01
  -1.6781200e-01   8.2020200e-01  -6.3499000e-02   5.4320900e-01   2.1061700e-01  -2.4654200e-01   2.8344900e-01
  -1.6939700e-01   8.1605200e-01  -6.4526000e-02   5.4881700e-01   2.0687300e-01  -2.4244200e-01   2.8824500e-01
  -1.6798900e-01   8.1126300e-01  -6.8895000e-02   5.5577500e-01   2.0290400e-01  -2.3855900e-01   2.9302400e-01
  -1.6660800e-01   8.0631600e-01  -7.2378000e-02   5.6290100e-01   1.9878600e-01  -2.3484000e-01   2.9764500e-01
  -1.6573100e-01   8.0132400e-01  -7.4460000e-02   5.6997200e-01   1.9455700e-01  -2.3128700e-01   3.0205200e-01
  -1.6566700e-01   7.9632400e-01  -7.4824000e-02   5.7690900e-01   1.9022800e-01  -2.2791600e-01   3.0624200e-01
  -1.6451700e-01   7.9121000e-01  -7.6132000e-02   5.8405900e-01   1.8590900e-01  -2.2475500e-01   3.1016800e-01
  -1.6195700e-01   7.8597600e-01  -7.8848000e-02   5.9143500e-01   1.8165800e-01  -2.2180000e-01   3.1384000e-01
  -1.6115000e-01   7.8344700e-01  -7.9413000e-02   5.9492500e-01   1.7957100e-01  -2.2039700e-01   3.1559000e-01
  -1.5986400e-01   7.7852100e-01  -7.9844000e-02   6.0164200e-01   1.7549800e-01  -2.1774100e-01   3.1891800e-01
  -1.5901600e-01   7.7373900e-01  -7.9404000e-02   6.0806000e-01   1.7153100e-01  -2.1526900e-01   3.2203400e-01
  -1.5668000e-01   7.6886800e-01  -8.0558000e-02   6.1465800e-01   1.6767900e-01  -2.1297700e-01   3.2494800e-01
  -1.5278900e-01   7.6393800e-01  -8.3373000e-02   6.2137200e-01   1.6398600e-01  -2.1085300e-01   3.2766700e-01
  -1.4903300e-01   7.5916800e-01  -8.5740000e-02   6.2777600e-01   1.6043700e-01  -2.0888900e-01   3.3019800e-01
  -1.4613500e-01   7.5466800e-01  -8.6812000e-02   6.3370700e-01   1.5702700e-01  -2.0708600e-01   3.3255200e-01
  -1.4319000e-01   7.5032600e-01  -8.7712000e-02   6.3938600e-01   1.5375400e-01  -2.0542700e-01   3.3474600e-01
  -1.4155900e-01   7.4819100e-01  -8.8265000e-02   6.4216900e-01   1.5216100e-01  -2.0465100e-01   3.3578300e-01
  -1.3828100e-01   7.4406600e-01  -8.9215000e-02   6.4752200e-01   1.4907800e-01  -2.0320400e-01   3.3774300e-01
  -1.3594000e-01   7.4023800e-01  -8.8900000e-02   6.5243000e-01   1.4612600e-01  -2.0188300e-01   3.3957600e-01
  -1.3395800e-01   7.3667700e-01  -8.7995000e-02   6.5697700e-01   1.4330000e-01  -2.0068500e-01   3.4126300e-01
  -1.3200200e-01   7.3330000e-01  -8.7011000e-02   6.6126800e-01   1.4061400e-01  -1.9958800e-01   3.4282300e-01
  -1.2955100e-01   7.2998000e-01  -8.6599000e-02   6.6546700e-01   1.3807000e-01  -1.9859500e-01   3.4427700e-01
  -1.2684100e-01   7.2674400e-01  -8.6512000e-02   6.6953000e-01   1.3566300e-01  -1.9770600e-01   3.4562400e-01
  -1.2404500e-01   7.2363700e-01  -8.6589000e-02   6.7339800e-01   1.3340300e-01  -1.9692000e-01   3.4685900e-01
  -1.2369300e-01   7.2227300e-01  -8.5528000e-02   6.7506100e-01   1.3232600e-01  -1.9656400e-01   3.4743600e-01
  -1.2207100e-01   7.1953700e-01  -8.4491000e-02   6.7840000e-01   1.3030000e-01  -1.9593400e-01   3.4851900e-01
  -1.2011100e-01   7.1688600e-01  -8.3939000e-02   6.8161800e-01   1.2841400e-01  -1.9538900e-01   3.4951300e-01
  -1.1865300e-01   7.1440600e-01  -8.3054000e-02   6.8457800e-01   1.2666800e-01  -1.9491300e-01   3.5041900e-01
  -1.1793500e-01   7.1212700e-01  -8.1554000e-02   6.8725200e-01   1.2505000e-01  -1.9448700e-01   3.5126300e-01
  -1.1720900e-01   7.0994900e-01  -8.0204000e-02   6.8978300e-01   1.2354900e-01  -1.9409500e-01   3.5205700e-01
  -1.1567800e-01   7.0779300e-01  -7.9787000e-02   6.9230200e-01   1.2215900e-01  -1.9373400e-01   3.5280900e-01
  -1.1532400e-01   7.0679000e-01  -7.9204000e-02   6.9345200e-01   1.2150100e-01  -1.9356300e-01   3.5317200e-01
  -1.1440400e-01   7.0480100e-01  -7.8338000e-02   6.9572300e-01   1.2025500e-01  -1.9322700e-01   3.5389300e-01
  -1.1421500e-01   7.0294500e-01  -7.6824000e-02   6.9779700e-01   1.1910200e-01  -1.9289700e-01   3.5461400e-01
  -1.1416000e-01   7.0119200e-01  -7.5241000e-02   6.9974000e-01   1.1803100e-01  -1.9260800e-01   3.5530000e-01
  -1.1324100e-01   6.9943700e-01  -7.4588000e-02   7.0171300e-01   1.1703200e-01  -1.9236100e-01   3.5594000e-01
  -1.1204600e-01   6.9776600e-01  -7.4311000e-02   7.0359500e-01   1.1610800e-01  -1.9214100e-01   3.5652500e-01
  -1.1123400e-01   6.9625100e-01  -7.3701000e-02   7.0528700e-01   1.1524300e-01  -1.9193000e-01   3.5706800e-01
  -1.1022400e-01   6.9483400e-01  -7.3314000e-02   7.0688100e-01   1.1443700e-01  -1.9173000e-01   3.5757500e-01
  -1.0871100e-01   6.9348000e-01  -7.3474000e-02   7.0842700e-01   1.1368400e-01  -1.9153700e-01   3.5803900e-01
  -1.0788200e-01   6.9284200e-01  -7.3651000e-02   7.0916000e-01   1.1333200e-01  -1.9143900e-01   3.5825700e-01
  -1.0675100e-01   6.9171800e-01  -7.3525000e-02   7.1043900e-01   1.1267700e-01  -1.9125600e-01   3.5866200e-01
  -1.0612200e-01   6.9074700e-01  -7.3017000e-02   7.1153100e-01   1.1207200e-01  -1.9108300e-01   3.5901800e-01
  -1.0529200e-01   6.8986200e-01  -7.2830000e-02   7.1253000e-01   1.1152300e-01  -1.9092100e-01   3.5932000e-01
  -1.0465900e-01   6.8909400e-01  -7.2559000e-02   7.1339400e-01   1.1102500e-01  -1.9078500e-01   3.5956900e-01
  -1.0454400e-01   6.8844300e-01  -7.1885000e-02   7.1410800e-01   1.1057100e-01  -1.9067300e-01   3.5978100e-01
  -1.0438000e-01   6.8784200e-01  -7.1359000e-02   7.1476200e-01   1.1016600e-01  -1.9058100e-01   3.5996600e-01
  -1.0414400e-01   6.8755500e-01  -7.1281000e-02   7.1508100e-01   1.0998200e-01  -1.9054100e-01   3.6004600e-01
  -1.0370400e-01   6.8704200e-01  -7.1210000e-02   7.1564500e-01   1.0965700e-01  -1.9045400e-01   3.6018400e-01
  -1.0329900e-01   6.8659500e-01  -7.1176000e-02   7.1613600e-01   1.0937900e-01  -1.9038800e-01   3.6030000e-01
  -1.0306300e-01   6.8620400e-01  -7.1044000e-02   7.1655800e-01   1.0915400e-01  -1.9034700e-01   3.6041000e-01
  -1.0292000e-01   6.8601900e-01  -7.1028000e-02   7.1675600e-01   1.0905600e-01  -1.9033200e-01   3.6046000e-01
  -1.0234100e-01   6.8566200e-01  -7.1303000e-02   7.1715400e-01   1.0888400e-01  -1.9031200e-01   3.6054800e-01
  -1.0164300e-01   6.8535600e-01  -7.1707000e-02   7.1750600e-01   1.0874200e-01  -1.9030800e-01   3.6061900e-01
  -1.0145300e-01   6.8515400e-01  -7.1652000e-02   7.1773000e-01   1.0862800e-01  -1.9030700e-01   3.6067800e-01
  -1.0178700e-01   6.8504300e-01  -7.1145000e-02   7.1784000e-01   1.0854900e-01  -1.9029700e-01   3.6073900e-01
  -1.0163300e-01   6.8492800e-01  -7.1169000e-02   7.1796900e-01   1.0850900e-01  -1.9027200e-01   3.6079900e-01
  -1.0133700e-01   6.8487500e-01  -7.1381000e-02   7.1804000e-01   1.0852500e-01  -1.9023400e-01   3.6086200e-01
  -1.0056800e-01   6.8480800e-01  -7.2107000e-02   7.1814000e-01   1.0855100e-01  -1.9020900e-01   3.6089200e-01
  -1.0017600e-01   6.8482400e-01  -7.2529000e-02   7.1813600e-01   1.0863300e-01  -1.9014600e-01   3.6095100e-01
  -1.0057100e-01   6.8493400e-01  -7.2269000e-02   7.1800300e-01   1.0873200e-01  -1.9007100e-01   3.6100500e-01
  -1.0117400e-01   6.8506900e-01  -7.1826000e-02   7.1783400e-01   1.0884500e-01  -1.8999000e-01   3.6106500e-01
  -1.0128500e-01   6.8513600e-01  -7.1899000e-02   7.1774700e-01   1.0896400e-01  -1.8989800e-01   3.6113300e-01
