   6.0710000e-02   2.3861700e-01   3.1321000e-02   9.6870800e-01  -1.5162000e-01  -2.2911200e-01   1.9469000e-02
   6.0802000e-02   2.3927700e-01   3.1885000e-02   9.6852100e-01  -1.5141100e-01  -2.2935600e-01   1.9513000e-02
   6.1139000e-02   2.3984500e-01   3.2502000e-02   9.6833900e-01  -1.5122900e-01  -2.2965000e-01   1.9549000e-02
   6.0727000e-02   2.4034200e-01   3.3381000e-02   9.6821200e-01  -1.5105100e-01  -2.2997400e-01   1.9555000e-02
   6.0012000e-02   2.4078000e-01   3.4365000e-02   9.6811300e-01  -1.5088100e-01  -2.3030800e-01   1.9543000e-02
   6.0338000e-02   2.4118300e-01   3.5096000e-02   9.6796600e-01  -1.5072700e-01  -2.3064500e-01   1.9508000e-02
   5.9858000e-02   2.4133800e-01   3.5629000e-02   9.6793800e-01  -1.5065200e-01  -2.3081400e-01   1.9474000e-02
   5.9675000e-02   2.4164700e-01   3.6533000e-02   9.6783800e-01  -1.5050100e-01  -2.3116400e-01   1.9368000e-02
   5.9145000e-02   2.4194400e-01   3.7539000e-02   9.6775800e-01  -1.5032500e-01  -2.3151300e-01   1.9184000e-02
   5.7171000e-02   2.4218900e-01   3.8974000e-02   9.6775900e-01  -1.5012200e-01  -2.3188100e-01   1.8921000e-02
   5.5759000e-02   2.4231700e-01   3.9841000e-02   9.6777400e-01  -1.4999400e-01  -2.3207600e-01   1.8730000e-02
   4.8481000e-02   2.4242100e-01   4.2850000e-02   9.6801100e-01  -1.4966300e-01  -2.3251400e-01   1.8164000e-02
   4.4224000e-02   2.4267500e-01   4.5502000e-02   9.6803000e-01  -1.4920700e-01  -2.3308300e-01   1.7273000e-02
   4.2649000e-02   2.4300800e-01   4.7832000e-02   9.6790500e-01  -1.4865800e-01  -2.3376900e-01   1.6098000e-02
   4.3176000e-02   2.4332100e-01   5.0014000e-02   9.6769300e-01  -1.4803000e-01  -2.3458200e-01   1.4614000e-02
   4.3593000e-02   2.4346700e-01   5.2686000e-02   9.6749600e-01  -1.4730400e-01  -2.3554900e-01   1.2748000e-02
   4.2964000e-02   2.4331400e-01   5.6170000e-02   9.6736600e-01  -1.4648800e-01  -2.3670500e-01   1.0489000e-02
   4.1506000e-02   2.4275500e-01   6.0496000e-02   9.6730900e-01  -1.4559100e-01  -2.3808400e-01   7.8090000e-03
   3.9779000e-02   2.4171400e-01   6.5673000e-02   9.6730500e-01  -1.4460600e-01  -2.3974300e-01   4.6500000e-03
   3.7931000e-02   2.4011400e-01   7.1727000e-02   9.6734800e-01  -1.4353400e-01  -2.4170900e-01   1.0130000e-03
   3.6892000e-02   2.3907700e-01   7.5107000e-02   9.6738800e-01  -1.4296900e-01  -2.4281200e-01  -9.7500000e-04
   3.3867000e-02   2.3643200e-01   8.2785000e-02   9.6752200e-01  -1.4177700e-01  -2.4527600e-01  -5.2720000e-03
   3.0128000e-02   2.3307000e-01   9.1569000e-02   9.6767000e-01  -1.4047100e-01  -2.4809400e-01  -9.9890000e-03
   2.7040000e-02   2.2920000e-01   1.0109300e-01   9.6773800e-01  -1.3900700e-01  -2.5125100e-01  -1.5073000e-02
   2.6297000e-02   2.2509700e-01   1.1095200e-01   9.6764100e-01  -1.3735500e-01  -2.5474200e-01  -2.0465000e-02
   2.9434000e-02   2.2108800e-01   1.2078300e-01   9.6729800e-01  -1.3550400e-01  -2.5855700e-01  -2.6067000e-02
   3.3845000e-02   2.1710700e-01   1.3038400e-01   9.6680900e-01  -1.3335500e-01  -2.6294100e-01  -3.1814000e-02
   3.7531000e-02   2.1310400e-01   1.3958100e-01   9.6627900e-01  -1.3083500e-01  -2.6806900e-01  -3.7622000e-02
   3.8606000e-02   2.0894100e-01   1.4977400e-01   9.6561900e-01  -1.2796200e-01  -2.7353800e-01  -4.3426000e-02
   3.8455000e-02   2.0686700e-01   1.5523700e-01   9.6520900e-01  -1.2638800e-01  -2.7635500e-01  -4.6305000e-02
   3.7575000e-02   2.0289000e-01   1.6676100e-01   9.6416500e-01  -1.2295800e-01  -2.8215700e-01  -5.1965000e-02
   3.4910000e-02   1.9902100e-01   1.7918600e-01   9.6284200e-01  -1.1913000e-01  -2.8819700e-01  -5.7439000e-02
   3.1800000e-02   1.9557900e-01   1.9212500e-01   9.6115800e-01  -1.1485400e-01  -2.9446600e-01  -6.2700000e-02
   2.8609000e-02   1.9271700e-01   2.0542800e-01   9.5908300e-01  -1.1007700e-01  -3.0090900e-01  -6.7761000e-02
   2.5796000e-02   1.9052000e-01   2.1901800e-01   9.5659200e-01  -1.0485600e-01  -3.0750700e-01  -7.2527000e-02
   2.5302000e-02   1.8946800e-01   2.3252400e-01   9.5362200e-01  -9.9246000e-02  -3.1418300e-01  -7.6937000e-02
   2.5932000e-02   1.8942000e-01   2.4615300e-01   9.5018800e-01  -9.3250000e-02  -3.2092000e-01  -8.0950000e-02
   2.6631000e-02   1.8976400e-01   2.5300600e-01   9.4829800e-01  -9.0113000e-02  -3.2431400e-01  -8.2806000e-02
   2.8436000e-02   1.9111100e-01   2.6677300e-01   9.4419300e-01  -8.3602000e-02  -3.3108700e-01  -8.6208000e-02
   2.8849000e-02   1.9278600e-01   2.8114300e-01   9.3966000e-01  -7.6777000e-02  -3.3779200e-01  -8.9198000e-02
   2.7441000e-02   1.9454900e-01   2.9636100e-01   9.3464900e-01  -6.9718000e-02  -3.4439000e-01  -9.1712000e-02
   2.5775000e-02   1.9695300e-01   3.1179000e-01   9.2915700e-01  -6.2324000e-02  -3.5097100e-01  -9.3789000e-02
   2.6220000e-02   2.0073600e-01   3.2689500e-01   9.2312400e-01  -5.4669000e-02  -3.5747600e-01  -9.5432000e-02
   2.6090000e-02   2.0504600e-01   3.4209300e-01   9.1665000e-01  -4.6761000e-02  -3.6377100e-01  -9.6690000e-02
   2.7063000e-02   2.0786200e-01   3.4946300e-01   9.1320100e-01  -4.2745000e-02  -3.6682900e-01  -9.7154000e-02
   2.8155000e-02   2.1380200e-01   3.6435400e-01   9.0594800e-01  -3.4576000e-02  -3.7281200e-01  -9.7720000e-02
   2.8155000e-02   2.1380200e-01   3.6435400e-01   9.0594800e-01  -3.4576000e-02  -3.7281200e-01  -9.7720000e-02
   2.8155000e-02   2.1380200e-01   3.6435400e-01   9.0594800e-01  -3.4576000e-02  -3.7281200e-01  -9.7720000e-02
   2.8155000e-02   2.1380200e-01   3.6435400e-01   9.0594800e-01  -3.4576000e-02  -3.7281200e-01  -9.7720000e-02
   2.8155000e-02   2.1380200e-01   3.6435400e-01   9.0594800e-01  -3.4576000e-02  -3.7281200e-01  -9.7720000e-02
   2.8155000e-02   2.1380200e-01   3.6435400e-01   9.0594800e-01  -3.4576000e-02  -3.7281200e-01  -9.7720000e-02
   2.8155000e-02   2.1380200e-01   3.6435400e-01   9.0594800e-01  -3.4576000e-02  -3.7281200e-01  -9.7720000e-02
   2.8155000e-02   2.1380200e-01   3.6435400e-01   9.0594800e-01  -3.4576000e-02  -3.7281200e-01  -9.7720000e-02
   2.8155000e-02   2.1380200e-01   3.6435400e-01   9.0594800e-01  -3.4576000e-02  -3.7281200e-01  -9.7720000e-02
   2.8155000e-02   2.1380200e-01   3.6435400e-01   9.0594800e-01  -3.4576000e-02  -3.7281200e-01  -9.7720000e-02
   2.8155000e-02   2.1380200e-01   3.6435400e-01   9.0594800e-01  -3.4576000e-02  -3.7281200e-01  -9.7720000e-02
   2.8155000e-02   2.1380200e-01   3.6435400e-01   9.0594800e-01  -3.4576000e-02  -3.7281200e-01  -9.7720000e-02
   2.8155000e-02   2.1380200e-01   3.6435400e-01   9.0594800e-01  -3.4576000e-02  -3.7281200e-01  -9.7720000e-02
   2.8155000e-02   2.1380200e-01   3.6435400e-01   9.0594800e-01  -3.4576000e-02  -3.7281200e-01  -9.7720000e-02
   2.8155000e-02   2.1380200e-01   3.6435400e-01   9.0594800e-01  -3.4576000e-02  -3.7281200e-01  -9.7720000e-02
   2.8155000e-02   2.1380200e-01   3.6435400e-01   9.0594800e-01  -3.4576000e-02  -3.7281200e-01  -9.7720000e-02
   2.8155000e-02   2.1380200e-01   3.6435400e-01   9.0594800e-01  -3.4576000e-02  -3.7281200e-01  -9.7720000e-02
   2.8155000e-02   2.1380200e-01   3.6435400e-01   9.0594800e-01  -3.4576000e-02  -3.7281200e-01  -9.7720000e-02
   7.3138000e-02   3.7352100e-01   5.3864200e-01   7.5166300e-01   1.0011200e-01  -4.6317300e-01  -6.7708000e-02
   7.6685000e-02   3.8637300e-01   5.4209000e-01   7.4227600e-01   1.0789300e-01  -4.6811600e-01  -6.3886000e-02
   7.9517000e-02   3.9954100e-01   5.4487900e-01   7.3290600e-01   1.1569100e-01  -4.7276300e-01  -5.9705000e-02
   8.2327000e-02   4.1351100e-01   5.4667600e-01   7.2344700e-01   1.2343200e-01  -4.7708800e-01  -5.5121000e-02
   8.5209000e-02   4.2844200e-01   5.4728400e-01   7.1390200e-01   1.3113000e-01  -4.8109900e-01  -5.0093000e-02
   8.8042000e-02   4.4425000e-01   5.4665300e-01   7.0431600e-01   1.3875300e-01  -4.8477700e-01  -4.4597000e-02
   9.0911000e-02   4.6094900e-01   5.4467100e-01   6.9469000e-01   1.4623300e-01  -4.8809200e-01  -3.8618000e-02
   8.8292000e-02   4.7411100e-01   5.4513300e-01   6.8575100e-01   1.5343800e-01  -4.9099600e-01  -3.2101000e-02
   9.4044000e-02   4.8660400e-01   5.3989500e-01   6.8035700e-01   1.5694200e-01  -4.9229400e-01  -2.8635000e-02
   9.4906000e-02   5.0373000e-01   5.3562000e-01   6.7108800e-01   1.6373800e-01  -4.9456400e-01  -2.1297000e-02
   9.6064000e-02   5.2182000e-01   5.2937900e-01   6.6199200e-01   1.7025000e-01  -4.9638900e-01  -1.3430000e-02
   9.6568000e-02   5.4003900e-01   5.2184100e-01   6.5323400e-01   1.7638500e-01  -4.9772700e-01  -4.9990000e-03
   9.6885000e-02   5.5868800e-01   5.1259700e-01   6.4476800e-01   1.8210300e-01  -4.9854900e-01   4.0050000e-03
   9.5981000e-02   5.7688600e-01   5.0247500e-01   6.3679600e-01   1.8737500e-01  -4.9881700e-01   1.3596000e-02
   9.4725000e-02   5.9534600e-01   4.9056600e-01   6.2923400e-01   1.9223800e-01  -4.9850100e-01   2.3794000e-02
   8.9734000e-02   6.1134100e-01   4.8018000e-01   6.2260500e-01   1.9666700e-01  -4.9755300e-01   3.4571000e-02
   9.2341000e-02   6.2335800e-01   4.6914800e-01   6.1870700e-01   1.9870100e-01  -4.9682500e-01   4.0161000e-02
   9.0265000e-02   6.4187500e-01   4.5265500e-01   6.1233300e-01   2.0238700e-01  -4.9483500e-01   5.1704000e-02
   8.7881000e-02   6.6021800e-01   4.3431200e-01   6.0643500e-01   2.0555400e-01  -4.9208100e-01   6.3730000e-02
   8.5504000e-02   6.7856000e-01   4.1371900e-01   6.0090100e-01   2.0821700e-01  -4.8850000e-01   7.6238000e-02
   8.2617000e-02   6.9623600e-01   3.9153700e-01   5.9592700e-01   2.1033900e-01  -4.8405900e-01   8.9069000e-02
   7.8268000e-02   7.1244000e-01   3.6911300e-01   5.9165800e-01   2.1192000e-01  -4.7874800e-01   1.0208700e-01
   7.2917000e-02   7.2731100e-01   3.4623400e-01   5.8806800e-01   2.1291500e-01  -4.7256300e-01   1.1514300e-01
   6.5127000e-02   7.3993500e-01   3.2500100e-01   5.8534500e-01   2.1337400e-01  -4.6555500e-01   1.2806500e-01
   6.2469000e-02   7.4656700e-01   3.1238900e-01   5.8407900e-01   2.1344000e-01  -4.6177900e-01   1.3440300e-01
   5.3689000e-02   7.5709800e-01   2.9109000e-01   5.8239700e-01   2.1317100e-01  -4.5373700e-01   1.4672700e-01
   4.4065000e-02   7.6600800e-01   2.7059400e-01   5.8143600e-01   2.1238300e-01  -4.4515300e-01   1.5844900e-01
   3.4172000e-02   7.7354500e-01   2.5029400e-01   5.8121800e-01   2.1114400e-01  -4.3616400e-01   1.6944300e-01
   2.4037000e-02   7.7979300e-01   2.3045000e-01   5.8158200e-01   2.0933500e-01  -4.2676100e-01   1.7977100e-01
   1.4745000e-02   7.8518600e-01   2.1020700e-01   5.8230500e-01   2.0692500e-01  -4.1703400e-01   1.8939500e-01
   7.4260000e-03   7.9003700e-01   1.8836100e-01   5.8335800e-01   2.0389500e-01  -4.0705800e-01   1.9828500e-01
   1.7680000e-03   7.9410600e-01   1.6555300e-01   5.8479400e-01   2.0021900e-01  -3.9689000e-01   2.0643200e-01
  -1.6360000e-03   7.9550100e-01   1.5535500e-01   5.8569700e-01   1.9815500e-01  -3.9174600e-01   2.1022500e-01
  -7.9890000e-03   7.9755700e-01   1.3519100e-01   5.8784500e-01   1.9368300e-01  -3.8141900e-01   2.1722500e-01
  -1.5769000e-02   7.9832000e-01   1.1805600e-01   5.9033900e-01   1.8877600e-01  -3.7103000e-01   2.2348800e-01
  -2.4341000e-02   7.9814700e-01   1.0311100e-01   5.9307500e-01   1.8362700e-01  -3.6073100e-01   2.2898200e-01
  -3.4033000e-02   7.9714200e-01   9.0921000e-02   5.9593600e-01   1.7833500e-01  -3.5064900e-01   2.3369700e-01
  -4.4024000e-02   7.9552900e-01   8.0288000e-02   5.9895700e-01   1.7292100e-01  -3.4084100e-01   2.3765400e-01
  -5.4398000e-02   7.9342300e-01   7.1191000e-02   6.0204100e-01   1.6744800e-01  -3.3132300e-01   2.4091900e-01
  -6.3828000e-02   7.9104500e-01   6.1937000e-02   6.0525900e-01   1.6196000e-01  -3.2215500e-01   2.4352500e-01
  -6.9586000e-02   7.8862500e-01   4.8875000e-02   6.0896600e-01   1.5651900e-01  -3.1338600e-01   2.4551600e-01
  -7.4675000e-02   7.8707500e-01   4.5475000e-02   6.1063000e-01   1.5382700e-01  -3.0915700e-01   2.4629300e-01
  -8.1600000e-02   7.8399000e-01   3.5012000e-02   6.1439100e-01   1.4848700e-01  -3.0095700e-01   2.4746700e-01
  -8.9109000e-02   7.8065600e-01   2.6144000e-02   6.1802300e-01   1.4327000e-01  -2.9313800e-01   2.4818800e-01
  -9.6217000e-02   7.7723500e-01   1.7624000e-02   6.2156000e-01   1.3825800e-01  -2.8573000e-01   2.4852600e-01
  -1.0200900e-01   7.7378400e-01   8.2540000e-03   6.2512800e-01   1.3347000e-01  -2.7871400e-01   2.4854200e-01
  -1.0739400e-01   7.7028300e-01  -7.5200000e-04   6.2859300e-01   1.2890500e-01  -2.7211000e-01   2.4827300e-01
  -1.1269600e-01   7.6679000e-01  -8.9680000e-03   6.3186400e-01   1.2462800e-01  -2.6597300e-01   2.4777200e-01
  -1.1834800e-01   7.6332900e-01  -1.5874000e-02   6.3487900e-01   1.2059700e-01  -2.6028000e-01   2.4707400e-01
  -1.2436500e-01   7.5990800e-01  -2.1617000e-02   6.3765600e-01   1.1677900e-01  -2.5497700e-01   2.4620700e-01
  -1.3095800e-01   7.5658300e-01  -2.5897000e-02   6.4012600e-01   1.1319600e-01  -2.5010100e-01   2.4520800e-01
  -1.3403800e-01   7.5495600e-01  -2.7984000e-02   6.4132000e-01   1.1149100e-01  -2.4781900e-01   2.4467100e-01
  -1.3818200e-01   7.5162700e-01  -3.4042000e-02   6.4405200e-01   1.0818700e-01  -2.4350300e-01   2.4351000e-01
  -1.4236100e-01   7.4829400e-01  -3.9478000e-02   6.4670800e-01   1.0498400e-01  -2.3946800e-01   2.4223800e-01
  -1.4594200e-01   7.4513100e-01  -4.4536000e-02   6.4922800e-01   1.0201900e-01  -2.3585700e-01   2.4094300e-01
  -1.4880900e-01   7.4214800e-01  -4.9335000e-02   6.5164300e-01   9.9319000e-02  -2.3270000e-01   2.3966100e-01
  -1.5136900e-01   7.3943100e-01  -5.3457000e-02   6.5381300e-01   9.6910000e-02  -2.2996100e-01   2.3844100e-01
  -1.5356600e-01   7.3693400e-01  -5.6989000e-02   6.5581900e-01   9.4745000e-02  -2.2763300e-01   2.3727400e-01
  -1.5467700e-01   7.3577200e-01  -5.8404000e-02   6.5673700e-01   9.3746000e-02  -2.2661200e-01   2.3671200e-01
  -1.5517300e-01   7.3347500e-01  -6.2548000e-02   6.5880400e-01   9.1914000e-02  -2.2481500e-01   2.3564700e-01
  -1.5514200e-01   7.3138500e-01  -6.6590000e-02   6.6073600e-01   9.0302000e-02  -2.2327500e-01   2.3468000e-01
  -1.5591900e-01   7.2964600e-01  -6.9110000e-02   6.6221600e-01   8.8907000e-02  -2.2196700e-01   2.3382300e-01
  -1.5741000e-01   7.2823200e-01  -7.0365000e-02   6.6328600e-01   8.7710000e-02  -2.2083900e-01   2.3307400e-01
  -1.5768300e-01   7.2693400e-01  -7.2471000e-02   6.6441700e-01   8.6674000e-02  -2.1986000e-01   2.3242200e-01
  -1.5694700e-01   7.2569600e-01  -7.5304000e-02   6.6563000e-01   8.5763000e-02  -2.1901300e-01   2.3184300e-01
  -1.5664300e-01   7.2464000e-01  -7.7324000e-02   6.6661900e-01   8.4948000e-02  -2.1828400e-01   2.3131900e-01
  -1.5563900e-01   7.2405300e-01  -7.9130000e-02   6.6727900e-01   8.4569000e-02  -2.1796400e-01   2.3107200e-01
  -1.5551200e-01   7.2318000e-01  -8.0460000e-02   6.6809700e-01   8.3866000e-02  -2.1741500e-01   2.3060900e-01
  -1.5580600e-01   7.2244500e-01  -8.1095000e-02   6.6874600e-01   8.3212000e-02  -2.1693700e-01   2.3017600e-01
  -1.5571100e-01   7.2174500e-01  -8.2024000e-02   6.6941000e-01   8.2607000e-02  -2.1649100e-01   2.2977700e-01
  -1.5527400e-01   7.2109400e-01  -8.3207000e-02   6.7006700e-01   8.2058000e-02  -2.1607000e-01   2.2941800e-01
  -1.5496300e-01   7.2047700e-01  -8.4223000e-02   6.7067500e-01   8.1560000e-02  -2.1571000e-01   2.2908400e-01
  -1.5530000e-01   7.1996600e-01  -8.4506000e-02   6.7111100e-01   8.1109000e-02  -2.1540000e-01   2.2877300e-01
  -1.5634100e-01   7.1959600e-01  -8.3967000e-02   6.7133300e-01   8.0695000e-02  -2.1511300e-01   2.2848700e-01
  -1.5658600e-01   7.1940100e-01  -8.3938000e-02   6.7148900e-01   8.0496000e-02  -2.1498100e-01   2.2835200e-01
  -1.5631100e-01   7.1895500e-01  -8.4548000e-02   6.7195500e-01   8.0111000e-02  -2.1475500e-01   2.2808900e-01
  -1.5566000e-01   7.1847500e-01  -8.5353000e-02   6.7251600e-01   7.9724000e-02  -2.1460100e-01   2.2781900e-01
  -1.5552500e-01   7.1805900e-01  -8.5528000e-02   6.7297000e-01   7.9353000e-02  -2.1450700e-01   2.2755100e-01
  -1.5689500e-01   7.1787900e-01  -8.4008000e-02   6.7303500e-01   7.9022000e-02  -2.1445700e-01   2.2730900e-01
  -1.5739700e-01   7.1779300e-01  -8.3427000e-02   6.7308200e-01   7.8878000e-02  -2.1443900e-01   2.2720400e-01
  -1.5717200e-01   7.1752600e-01  -8.3504000e-02   6.7340900e-01   7.8629000e-02  -2.1442500e-01   2.2702300e-01
  -1.5652000e-01   7.1727400e-01  -8.3937000e-02   6.7377600e-01   7.8427000e-02  -2.1444700e-01   2.2687600e-01
  -1.5650500e-01   7.1717900e-01  -8.3577000e-02   6.7392600e-01   7.8280000e-02  -2.1451400e-01   2.2677000e-01
  -1.5696500e-01   7.1721200e-01  -8.2646000e-02   6.7389800e-01   7.8196000e-02  -2.1462100e-01   2.2670700e-01
  -1.5751800e-01   7.1731300e-01  -8.1497000e-02   6.7380100e-01   7.8173000e-02  -2.1480200e-01   2.2668100e-01
  -1.5709600e-01   7.1738000e-01  -8.1310000e-02   6.7385200e-01   7.8223000e-02  -2.1502700e-01   2.2670600e-01
  -1.5606200e-01   7.1747700e-01  -8.1615000e-02   6.7395200e-01   7.8330000e-02  -2.1529000e-01   2.2677800e-01
  -1.5480100e-01   7.1760700e-01  -8.1950000e-02   6.7406300e-01   7.8472000e-02  -2.1563000e-01   2.2687100e-01
  -1.5394600e-01   7.1783400e-01  -8.1662000e-02   6.7405200e-01   7.8646000e-02  -2.1604900e-01   2.2698200e-01
  -1.5318700e-01   7.1809000e-01  -8.1226000e-02   6.7400500e-01   7.8853000e-02  -2.1651400e-01   2.2710900e-01
  -1.5198000e-01   7.1811600e-01  -8.1898000e-02   6.7417000e-01   7.8969000e-02  -2.1676200e-01   2.2717700e-01
  -1.5043900e-01   7.1824800e-01  -8.2360000e-02   6.7431800e-01   7.9222000e-02  -2.1729400e-01   2.2731700e-01
  -1.4945000e-01   7.1841100e-01  -8.2227000e-02   6.7438000e-01   7.9470000e-02  -2.1785900e-01   2.2744300e-01
