   9.9015200e-02   2.1746100e-03   3.6806000e-02   9.9440300e-01   1.8202500e-01   2.3093700e-01   4.9967300e-02
   9.7800600e-02   1.7068100e-03   3.6767600e-02   9.9452500e-01   1.8207900e-01   2.3069200e-01   4.9759500e-02
   9.7800600e-02   1.7068100e-03   3.6767600e-02   9.9452500e-01   1.8207900e-01   2.3069200e-01   4.9759500e-02
   9.6014100e-02   1.3931400e-03   3.6499400e-02   9.9471000e-01   1.8216200e-01   2.3027200e-01   4.9623200e-02
   9.5577200e-02   1.2270600e-03   3.6803500e-02   9.9474100e-01   1.8213200e-01   2.3040600e-01   4.9663900e-02
   9.4650800e-02   8.0803400e-04   3.7030100e-02   9.9482100e-01   1.8214200e-01   2.3045300e-01   4.9429100e-02
   9.3630200e-02   2.2331100e-04   3.7084100e-02   9.9491600e-01   1.8217600e-01   2.3021900e-01   4.9307100e-02
   9.3630200e-02   2.2331100e-04   3.7084100e-02   9.9491600e-01   1.8217600e-01   2.3021900e-01   4.9307100e-02
   9.2374400e-02  -4.3427500e-04   3.6957200e-02   9.9503800e-01   1.8224600e-01   2.2979200e-01   4.9135000e-02
   9.2558100e-02  -5.6901200e-04   3.7275700e-02   9.9500900e-01   1.8221000e-01   2.2999300e-01   4.9122200e-02
   9.2406200e-02  -7.2262000e-04   3.7516200e-02   9.9501400e-01   1.8219000e-01   2.3013600e-01   4.9062700e-02
   9.2406200e-02  -7.2262000e-04   3.7516200e-02   9.9501400e-01   1.8219000e-01   2.3013600e-01   4.9062700e-02
   9.1632400e-02  -1.1314300e-03   3.7536900e-02   9.9508500e-01   1.8221500e-01   2.2997100e-01   4.8964800e-02
   9.1269700e-02  -1.4933700e-03   3.7731800e-02   9.9511000e-01   1.8220000e-01   2.2997500e-01   4.8955800e-02
   9.1326600e-02  -1.9110100e-03   3.8157000e-02   9.9508800e-01   1.8214300e-01   2.3016000e-01   4.9005200e-02
   9.1098000e-02  -2.5954700e-03   3.8344100e-02   9.9510000e-01   1.8212100e-01   2.2999600e-01   4.9108200e-02
   9.1565400e-02  -3.1657500e-03   3.8636200e-02   9.9504400e-01   1.8205500e-01   2.2994000e-01   4.9414600e-02
   9.1565400e-02  -3.1657500e-03   3.8636200e-02   9.9504400e-01   1.8205500e-01   2.2994000e-01   4.9414600e-02
   9.3771400e-02  -3.3474700e-03   3.9381100e-02   9.9480900e-01   1.8186700e-01   2.3043700e-01   5.0008600e-02
   9.7122900e-02  -3.3604200e-03   4.0417700e-02   9.9444600e-01   1.8157500e-01   2.3117200e-01   5.1043800e-02
   9.9872100e-02  -3.5065300e-03   4.1341200e-02   9.9413500e-01   1.8126300e-01   2.3165100e-01   5.2390200e-02
   1.0299100e-01  -3.6068200e-03   4.2383000e-02   9.9377200e-01   1.8087200e-01   2.3223900e-01   5.4014200e-02
   1.0717600e-01  -3.5498700e-03   4.3775000e-02   9.9327000e-01   1.8033600e-01   2.3321500e-01   5.5991900e-02
   1.1192800e-01  -3.6565600e-03   4.5589400e-02   9.9266300e-01   1.7965200e-01   2.3454200e-01   5.8182900e-02
   1.1649600e-01  -3.9563200e-03   4.7479800e-02   9.9204800e-01   1.7884200e-01   2.3583200e-01   6.0757700e-02
   1.2082500e-01  -4.6211100e-03   4.9387900e-02   9.9143400e-01   1.7794100e-01   2.3709800e-01   6.3370900e-02
   1.2082500e-01  -4.6211100e-03   4.9387900e-02   9.9143400e-01   1.7794100e-01   2.3709800e-01   6.3370900e-02
   1.2528900e-01  -5.3069200e-03   5.1514900e-02   9.9076800e-01   1.7686600e-01   2.3859400e-01   6.6259000e-02
   1.2990000e-01  -6.0278900e-03   5.3875400e-02   9.9004400e-01   1.7561500e-01   2.4038400e-01   6.9297700e-02
   1.3340600e-01  -7.0397500e-03   5.6106800e-02   9.8944700e-01   1.7427500e-01   2.4193100e-01   7.2455800e-02
   1.3510000e-01  -8.4467400e-03   5.7789200e-02   9.8910900e-01   1.7294800e-01   2.4277800e-01   7.5658400e-02
   1.3701300e-01  -1.0175900e-02   5.9705400e-02   9.8871600e-01   1.7141200e-01   2.4377900e-01   7.8969200e-02
   1.3701300e-01  -1.0175900e-02   5.9705400e-02   9.8871600e-01   1.7141200e-01   2.4377900e-01   7.8969200e-02
   1.4051700e-01  -1.2077500e-02   6.2226300e-02   9.8804700e-01   1.6954700e-01   2.4536800e-01   8.2407600e-02
   1.4377600e-01  -1.4273800e-02   6.4590700e-02   9.8739700e-01   1.6753000e-01   2.4665200e-01   8.5969500e-02
   1.4644000e-01  -1.6593800e-02   6.6765100e-02   9.8682400e-01   1.6540200e-01   2.4762100e-01   8.9615500e-02
   1.4803100e-01  -1.9142500e-02   6.8870100e-02   9.8639600e-01   1.6316400e-01   2.4838900e-01   9.3222400e-02
   1.4803100e-01  -1.9142500e-02   6.8870100e-02   9.8639600e-01   1.6316400e-01   2.4838900e-01   9.3222400e-02
   1.4924000e-01  -2.2086000e-02   7.1169200e-02   9.8598900e-01   1.6071400e-01   2.4918100e-01   9.6767600e-02
   1.5002600e-01  -2.5374200e-02   7.3661500e-02   9.8560800e-01   1.5804600e-01   2.4993800e-01   1.0028800e-01
   1.4913900e-01  -2.9084800e-02   7.6145100e-02   9.8545100e-01   1.5528800e-01   2.5039000e-01   1.0365500e-01
   1.4565500e-01  -3.3278700e-02   7.8487600e-02   9.8565500e-01   1.5248400e-01   2.5038000e-01   1.0686900e-01
   1.4565500e-01  -3.3278700e-02   7.8487600e-02   9.8565500e-01   1.5248400e-01   2.5038000e-01   1.0686900e-01
   1.3973800e-01  -3.8224100e-02   8.0667800e-02   9.8615700e-01   1.4967800e-01   2.4989700e-01   1.0971500e-01
   1.3126900e-01  -4.4086000e-02   8.2939900e-02   9.8688700e-01   1.4677000e-01   2.4906900e-01   1.1222600e-01
   1.2079300e-01  -5.0602600e-02   8.5442100e-02   9.8769800e-01   1.4379000e-01   2.4812400e-01   1.1436000e-01
   1.2079300e-01  -5.0602600e-02   8.5442100e-02   9.8769800e-01   1.4379000e-01   2.4812400e-01   1.1436000e-01
   1.0892200e-01  -5.7535300e-02   8.7767600e-02   9.8849500e-01   1.4090100e-01   2.4674500e-01   1.1610400e-01
   9.6658100e-02  -6.4926800e-02   9.0047800e-02   9.8910700e-01   1.3803900e-01   2.4518600e-01   1.1740100e-01
   8.5050400e-02  -7.2834200e-02   9.2643200e-02   9.8938300e-01   1.3498600e-01   2.4382300e-01   1.1834900e-01
   8.5050400e-02  -7.2834200e-02   9.2643200e-02   9.8938300e-01   1.3498600e-01   2.4382300e-01   1.1834900e-01
   7.3150500e-02  -8.1495900e-02   9.5304600e-02   9.8940600e-01   1.3192300e-01   2.4239300e-01   1.1871700e-01
   6.1369600e-02  -9.0223300e-02   9.7835300e-02   9.8920300e-01   1.2891200e-01   2.4090500e-01   1.1878600e-01
   4.9905700e-02  -9.9176400e-02   1.0023300e-01   9.8875000e-01   1.2596300e-01   2.3954200e-01   1.1842200e-01
   4.9905700e-02  -9.9176400e-02   1.0023300e-01   9.8875000e-01   1.2596300e-01   2.3954200e-01   1.1842200e-01
   3.9614400e-02  -1.0850600e-01   1.0270600e-01   9.8798200e-01   1.2292200e-01   2.3832500e-01   1.1769900e-01
   3.2198500e-02  -1.1770000e-01   1.0523300e-01   9.8693300e-01   1.1979200e-01   2.3767700e-01   1.1671500e-01
   2.7176100e-02  -1.2698800e-01   1.0821100e-01   9.8560900e-01   1.1633300e-01   2.3766000e-01   1.1563300e-01
   2.3365800e-02  -1.3633900e-01   1.1135400e-01   9.8410700e-01   1.1268800e-01   2.3793900e-01   1.1444500e-01
   2.3365800e-02  -1.3633900e-01   1.1135400e-01   9.8410700e-01   1.1268800e-01   2.3793900e-01   1.1444500e-01
   2.0553700e-02  -1.4563400e-01   1.1446000e-01   9.8248000e-01   1.0901300e-01   2.3832500e-01   1.1310600e-01
   1.8576700e-02  -1.5476700e-01   1.1747400e-01   9.8076600e-01   1.0541000e-01   2.3875100e-01   1.1160500e-01
   1.6851800e-02  -1.6401300e-01   1.2125400e-01   9.7883300e-01   1.0168100e-01   2.3954200e-01   1.0995100e-01
   1.5920800e-02  -1.7341300e-01   1.2509500e-01   9.7674300e-01   9.7771300e-02   2.4029300e-01   1.0822500e-01
   1.5920800e-02  -1.7341300e-01   1.2509500e-01   9.7674300e-01   9.7771300e-02   2.4029300e-01   1.0822500e-01
   1.5768300e-02  -1.8217600e-01   1.2872800e-01   9.7467500e-01   9.4003100e-02   2.4094600e-01   1.0658500e-01
   1.6346300e-02  -1.9067200e-01   1.3248300e-01   9.7253500e-01   9.0266600e-02   2.4161700e-01   1.0491300e-01
   1.7433400e-02  -1.9839800e-01   1.3648100e-01   9.7041600e-01   8.6701800e-02   2.4239700e-01   1.0337200e-01
   1.9006400e-02  -2.0551500e-01   1.4032200e-01   9.6835500e-01   8.3022700e-02   2.4299600e-01   1.0219000e-01
   1.9006400e-02  -2.0551500e-01   1.4032200e-01   9.6835500e-01   8.3022700e-02   2.4299600e-01   1.0219000e-01
   2.1061800e-02  -2.1233400e-01   1.4395700e-01   9.6630600e-01   7.9299200e-02   2.4342600e-01   1.0113000e-01
   2.3825900e-02  -2.1846400e-01   1.4777100e-01   9.6429700e-01   7.5621500e-02   2.4385100e-01   1.0028000e-01
   2.7571200e-02  -2.2369100e-01   1.5182900e-01   9.6236700e-01   7.2102900e-02   2.4429800e-01   9.9643500e-02
   3.1978100e-02  -2.2841400e-01   1.5586300e-01   9.6047400e-01   6.8628300e-02   2.4464700e-01   9.9143300e-02
   3.1978100e-02  -2.2841400e-01   1.5586300e-01   9.6047400e-01   6.8628300e-02   2.4464700e-01   9.9143300e-02
   3.8031700e-02  -2.3244500e-01   1.6000900e-01   9.5860300e-01   6.5033400e-02   2.4522900e-01   9.8892500e-02
   4.6927000e-02  -2.3490500e-01   1.6434200e-01   9.5687500e-01   6.1317300e-02   2.4659100e-01   9.9208200e-02
   5.6127400e-02  -2.3720900e-01   1.6887900e-01   9.5501900e-01   5.7506500e-02   2.4817700e-01   9.9519600e-02
   5.6127400e-02  -2.3720900e-01   1.6887900e-01   9.5501900e-01   5.7506500e-02   2.4817700e-01   9.9519600e-02
   6.4750300e-02  -2.3964200e-01   1.7308500e-01   9.5311100e-01   5.3833600e-02   2.4953700e-01   9.9660500e-02
   7.3594900e-02  -2.4186100e-01   1.7751100e-01   9.5109300e-01   5.0332400e-02   2.5121500e-01   9.9643200e-02
   8.2467400e-02  -2.4399600e-01   1.8213400e-01   9.4894300e-01   4.6970300e-02   2.5318100e-01   9.9444800e-02
   9.1411500e-02  -2.4612000e-01   1.8684400e-01   9.4665600e-01   4.3921800e-02   2.5549600e-01   9.8912100e-02
   9.1411500e-02  -2.4612000e-01   1.8684400e-01   9.4665600e-01   4.3921800e-02   2.5549600e-01   9.8912100e-02
   9.9778400e-02  -2.4849400e-01   1.9130300e-01   9.4429800e-01   4.1081300e-02   2.5778900e-01   9.8110000e-02
   1.0740700e-01  -2.5123200e-01   1.9552100e-01   9.4186900e-01   3.8355900e-02   2.5997600e-01   9.7076700e-02
   1.1449600e-01  -2.5375400e-01   1.9911000e-01   9.3960400e-01   3.6221400e-02   2.6211900e-01   9.5837700e-02
   1.2140700e-01  -2.5559600e-01   2.0205500e-01   9.3760600e-01   3.4962700e-02   2.6439100e-01   9.4416200e-02
   1.2836500e-01  -2.5699700e-01   2.0490700e-01   9.3567500e-01   3.4065900e-02   2.6690600e-01   9.2923900e-02
   1.2836500e-01  -2.5699700e-01   2.0490700e-01   9.3567500e-01   3.4065900e-02   2.6690600e-01   9.2923900e-02
   1.3534000e-01  -2.5855300e-01   2.0786600e-01   9.3360900e-01   3.3363600e-02   2.6969000e-01   9.1119800e-02
   1.4207400e-01  -2.6069000e-01   2.1082500e-01   9.3134800e-01   3.2710400e-02   2.7252200e-01   8.8930200e-02
   1.4809800e-01  -2.6277300e-01   2.1339900e-01   9.2923500e-01   3.2285100e-02   2.7522900e-01   8.6692600e-02
   1.5394900e-01  -2.6522300e-01   2.1616700e-01   9.2694600e-01   3.1836400e-02   2.7808200e-01   8.4182700e-02
   1.5394900e-01  -2.6522300e-01   2.1616700e-01   9.2694600e-01   3.1836400e-02   2.7808200e-01   8.4182700e-02
   1.5394900e-01  -2.6522300e-01   2.1616700e-01   9.2694600e-01   3.1836400e-02   2.7808200e-01   8.4182700e-02
   1.5394900e-01  -2.6522300e-01   2.1616700e-01   9.2694600e-01   3.1836400e-02   2.7808200e-01   8.4182700e-02
   1.5394900e-01  -2.6522300e-01   2.1616700e-01   9.2694600e-01   3.1836400e-02   2.7808200e-01   8.4182700e-02
   1.5971700e-01  -2.6781900e-01   2.1909000e-01   9.2453400e-01   3.1406100e-02   2.8104300e-01   8.1485900e-02
   1.6508800e-01  -2.7095100e-01   2.2199500e-01   9.2198100e-01   3.1012900e-02   2.8378700e-01   7.8500400e-02
   1.7184400e-01  -2.7364500e-01   2.2640500e-01   9.1887400e-01   3.0150400e-02   2.8756000e-01   7.5443500e-02
   1.7870500e-01  -2.7741000e-01   2.3123300e-01   9.1522700e-01   2.9289200e-02   2.9169300e-01   7.1522600e-02
   1.8506900e-01  -2.8174900e-01   2.3617600e-01   9.1136600e-01   2.8365700e-02   2.9588200e-01   6.7213100e-02
   1.8506900e-01  -2.8174900e-01   2.3617600e-01   9.1136600e-01   2.8365700e-02   2.9588200e-01   6.7213100e-02
   1.9059000e-01  -2.8631800e-01   2.4082200e-01   9.0758000e-01   2.7475300e-02   2.9987700e-01   6.2795800e-02
   1.9547200e-01  -2.9148700e-01   2.4543400e-01   9.0365300e-01   2.6489000e-02   3.0378200e-01   5.8074400e-02
   1.9993500e-01  -2.9675400e-01   2.5004500e-01   8.9968900e-01   2.5387000e-02   3.0767000e-01   5.3296700e-02
   2.0394800e-01  -3.0220200e-01   2.5454400e-01   8.9570500e-01   2.4188100e-02   3.1136300e-01   4.8491000e-02
   2.0394800e-01  -3.0220200e-01   2.5454400e-01   8.9570500e-01   2.4188100e-02   3.1136300e-01   4.8491000e-02
   2.0815100e-01  -3.0711500e-01   2.5932300e-01   8.9168700e-01   2.2813300e-02   3.1523500e-01   4.3872500e-02
   2.1183200e-01  -3.1244400e-01   2.6373500e-01   8.8766500e-01   2.1446700e-02   3.1883800e-01   3.9075900e-02
   2.1497300e-01  -3.1796200e-01   2.6800200e-01   8.8366400e-01   2.0008700e-02   3.2233100e-01   3.4225500e-02
   2.1791500e-01  -3.2349800e-01   2.7230600e-01   8.7960900e-01   1.8448700e-02   3.2580700e-01   2.9358200e-02
   2.2081000e-01  -3.2897300e-01   2.7668900e-01   8.7547900e-01   1.6766900e-02   3.2926200e-01   2.4501700e-02
   2.2334300e-01  -3.3451800e-01   2.8093200e-01   8.7137400e-01   1.5031600e-02   3.3257000e-01   1.9657000e-02
   2.2553200e-01  -3.4014200e-01   2.8500400e-01   8.6730100e-01   1.3225800e-02   3.3576300e-01   1.4823700e-02
   2.2553200e-01  -3.4014200e-01   2.8500400e-01   8.6730100e-01   1.3225800e-02   3.3576300e-01   1.4823700e-02
   2.2738900e-01  -3.4582200e-01   2.8903600e-01   8.6322600e-01   1.1307500e-02   3.3892500e-01   9.9991800e-03
   2.2920200e-01  -3.5169200e-01   2.9321100e-01   8.5895700e-01   9.1834400e-03   3.4219000e-01   5.0142600e-03
   2.3056100e-01  -3.5776400e-01   2.9699200e-01   8.5477600e-01   7.0993400e-03   3.4515100e-01   3.0278300e-05
   2.3144800e-01  -3.6385000e-01   3.0054700e-01   8.5071500e-01   5.0276700e-03   3.4789700e-01  -4.8435200e-03
   2.3199500e-01  -3.6991800e-01   3.0395900e-01   8.4672800e-01   2.9292500e-03   3.5050400e-01  -9.6199000e-03
   2.3218800e-01  -3.7617600e-01   3.0714100e-01   8.4276000e-01   7.8679600e-04   3.5297800e-01  -1.4422300e-02
   2.3192600e-01  -3.8251000e-01   3.0998200e-01   8.3893200e-01  -1.3258100e-03   3.5524000e-01  -1.9131700e-02
   2.3129400e-01  -3.8899000e-01   3.1232200e-01   8.3525100e-01  -3.3248600e-03   3.5716800e-01  -2.3784700e-02
   2.3129400e-01  -3.8899000e-01   3.1232200e-01   8.3525100e-01  -3.3248600e-03   3.5716800e-01  -2.3784700e-02
   2.3035500e-01  -3.9548100e-01   3.1430000e-01   8.3171300e-01  -5.3139700e-03   3.5893900e-01  -2.8327400e-02
   2.2861200e-01  -4.0229900e-01   3.1581900e-01   8.2834200e-01  -7.3125500e-03   3.6057900e-01  -3.2862300e-02
   2.2622100e-01  -4.0934400e-01   3.1704400e-01   8.2507200e-01  -9.3593200e-03   3.6215300e-01  -3.7372700e-02
   2.2302400e-01  -4.1714000e-01   3.1739900e-01   8.2189600e-01  -1.1238200e-02   3.6327800e-01  -4.2099200e-02
   2.2302400e-01  -4.1714000e-01   3.1739900e-01   8.2189600e-01  -1.1238200e-02   3.6327800e-01  -4.2099200e-02
   2.1941900e-01  -4.2486600e-01   3.1762400e-01   8.1881600e-01  -1.3169100e-02   3.6439700e-01  -4.6670100e-02
   2.1550100e-01  -4.3270100e-01   3.1767600e-01   8.1572700e-01  -1.5192200e-02   3.6551200e-01  -5.1220000e-02
   2.1103600e-01  -4.4063600e-01   3.1733000e-01   8.1277600e-01  -1.7236900e-02   3.6656000e-01  -5.5667000e-02
   2.0586100e-01  -4.4873900e-01   3.1639900e-01   8.1002800e-01  -1.9238600e-02   3.6746700e-01  -6.0005100e-02
   2.0586100e-01  -4.4873900e-01   3.1639900e-01   8.1002800e-01  -1.9238600e-02   3.6746700e-01  -6.0005100e-02
   2.0011600e-01  -4.5697400e-01   3.1477600e-01   8.0749300e-01  -2.1162300e-02   3.6818900e-01  -6.4232800e-02
   1.9370200e-01  -4.6582900e-01   3.1236100e-01   8.0493100e-01  -2.3123600e-02   3.6873600e-01  -6.8661200e-02
   1.8657700e-01  -4.7484900e-01   3.0907400e-01   8.0260900e-01  -2.4974000e-02   3.6906400e-01  -7.2975900e-02
   1.7897500e-01  -4.8379800e-01   3.0525700e-01   8.0045400e-01  -2.6841100e-02   3.6938100e-01  -7.7108700e-02
   1.7897500e-01  -4.8379800e-01   3.0525700e-01   8.0045400e-01  -2.6841100e-02   3.6938100e-01  -7.7108700e-02
   1.7071900e-01  -4.9281300e-01   3.0076100e-01   7.9845700e-01  -2.8706600e-02   3.6964900e-01  -8.1112000e-02
   1.6195100e-01  -5.0182900e-01   2.9570100e-01   7.9655500e-01  -3.0565500e-02   3.6987200e-01  -8.4990900e-02
   1.5272900e-01  -5.1091600e-01   2.8975900e-01   7.9478200e-01  -3.2310200e-02   3.6988100e-01  -8.8800900e-02
   1.5272900e-01  -5.1091600e-01   2.8975900e-01   7.9478200e-01  -3.2310200e-02   3.6988100e-01  -8.8800900e-02
   1.4290500e-01  -5.2033600e-01   2.8284000e-01   7.9298800e-01  -3.3972200e-02   3.6963300e-01  -9.2704200e-02
   1.3234200e-01  -5.2957200e-01   2.7519700e-01   7.9139500e-01  -3.5564700e-02   3.6936100e-01  -9.6354300e-02
   1.2095200e-01  -5.3889100e-01   2.6654800e-01   7.8988600e-01  -3.7131200e-02   3.6901200e-01  -9.9924400e-02
   1.2095200e-01  -5.3889100e-01   2.6654800e-01   7.8988600e-01  -3.7131200e-02   3.6901200e-01  -9.9924400e-02
   1.0865000e-01  -5.4845600e-01   2.5672400e-01   7.8834300e-01  -3.8635000e-02   3.6847500e-01  -1.0353400e-01
   9.7124800e-02  -5.5737900e-01   2.4743000e-01   7.8655800e-01  -4.0266900e-02   3.6812600e-01  -1.0696800e-01
   8.5927800e-02  -5.6580200e-01   2.3787500e-01   7.8479300e-01  -4.1667900e-02   3.6754400e-01  -1.1023300e-01
   7.5472300e-02  -5.7376900e-01   2.2858100e-01   7.8284300e-01  -4.3048400e-02   3.6691500e-01  -1.1343000e-01
   7.5472300e-02  -5.7376900e-01   2.2858100e-01   7.8284300e-01  -4.3048400e-02   3.6691500e-01  -1.1343000e-01
   6.5940800e-02  -5.8133400e-01   2.1982600e-01   7.8062800e-01  -4.4542700e-02   3.6636700e-01  -1.1660500e-01
   5.7037700e-02  -5.8855100e-01   2.1132000e-01   7.7826600e-01  -4.6076400e-02   3.6583000e-01  -1.1973200e-01
   4.7902200e-02  -5.9535500e-01   2.0255800e-01   7.7603400e-01  -4.7371200e-02   3.6514800e-01  -1.2262000e-01
   3.9063600e-02  -6.0214600e-01   1.9340200e-01   7.7362100e-01  -4.8692600e-02   3.6431500e-01  -1.2564100e-01
   3.0280400e-02  -6.0881500e-01   1.8411200e-01   7.7105800e-01  -5.0100600e-02   3.6351900e-01  -1.2865800e-01
   3.0280400e-02  -6.0881500e-01   1.8411200e-01   7.7105800e-01  -5.0100600e-02   3.6351900e-01  -1.2865800e-01
   2.1444200e-02  -6.1542200e-01   1.7433200e-01   7.6837800e-01  -5.1510700e-02   3.6261300e-01  -1.3172000e-01
   1.2497500e-02  -6.2182600e-01   1.6406200e-01   7.6567600e-01  -5.2823900e-02   3.6155500e-01  -1.3474300e-01
   3.7037700e-03  -6.2827600e-01   1.5353800e-01   7.6268100e-01  -5.4137400e-02   3.6030500e-01  -1.3792400e-01
   3.7037700e-03  -6.2827600e-01   1.5353800e-01   7.6268100e-01  -5.4137400e-02   3.6030500e-01  -1.3792400e-01
  -5.2807800e-03  -6.3448800e-01   1.4271100e-01   7.5962500e-01  -5.5359800e-02   3.5895800e-01  -1.4102600e-01
  -1.4839900e-02  -6.4055600e-01   1.3108400e-01   7.5649500e-01  -5.6420100e-02   3.5738800e-01  -1.4409900e-01
  -2.4909200e-02  -6.4651400e-01   1.1912400e-01   7.5313200e-01  -5.7545000e-02   3.5588700e-01  -1.4712600e-01
  -3.5544700e-02  -6.5231600e-01   1.0673800e-01   7.4955200e-01  -5.8637700e-02   3.5436200e-01  -1.5009500e-01
  -4.7191700e-02  -6.5804300e-01   9.3199200e-02   7.4569900e-01  -5.9665100e-02   3.5268700e-01  -1.5308300e-01
  -4.7191700e-02  -6.5804300e-01   9.3199200e-02   7.4569900e-01  -5.9665100e-02   3.5268700e-01  -1.5308300e-01
  -5.9896500e-02  -6.6369400e-01   7.8275100e-02   7.4148200e-01  -6.0540900e-02   3.5069300e-01  -1.5615900e-01
  -7.2468400e-02  -6.6905800e-01   6.3493500e-02   7.3693800e-01  -6.1577100e-02   3.4886400e-01  -1.5919500e-01
  -8.4896700e-02  -6.7388800e-01   4.8881400e-02   7.3231000e-01  -6.2573800e-02   3.4711700e-01  -1.6204800e-01
  -9.7510300e-02  -6.7824400e-01   3.3556700e-02   7.2756500e-01  -6.3440100e-02   3.4518100e-01  -1.6485200e-01
  -9.7510300e-02  -6.7824400e-01   3.3556700e-02   7.2756500e-01  -6.3440100e-02   3.4518100e-01  -1.6485200e-01
  -1.0939200e-01  -6.8203800e-01   1.8618400e-02   7.2284900e-01  -6.4255600e-02   3.4323000e-01  -1.6753900e-01
  -1.2061000e-01  -6.8528200e-01   4.2485600e-03   7.1820900e-01  -6.5050700e-02   3.4137800e-01  -1.7005100e-01
  -1.3178800e-01  -6.8801700e-01  -1.0537100e-02   7.1355000e-01  -6.5743000e-02   3.3940000e-01  -1.7249000e-01
  -1.3178800e-01  -6.8801700e-01  -1.0537100e-02   7.1355000e-01  -6.5743000e-02   3.3940000e-01  -1.7249000e-01
  -1.4275800e-01  -6.9029800e-01  -2.5513900e-02   7.0884200e-01  -6.6429100e-02   3.3739300e-01  -1.7487600e-01
  -1.5286800e-01  -6.9200400e-01  -3.9644900e-02   7.0440800e-01  -6.7038000e-02   3.3548500e-01  -1.7703900e-01
  -1.6227900e-01  -6.9332200e-01  -5.3043200e-02   7.0011200e-01  -6.7661700e-02   3.3371700e-01  -1.7905600e-01
  -1.7167600e-01  -6.9411200e-01  -6.6242500e-02   6.9595100e-01  -6.8133800e-02   3.3199800e-01  -1.8085000e-01
  -1.7167600e-01  -6.9411200e-01  -6.6242500e-02   6.9595100e-01  -6.8133800e-02   3.3199800e-01  -1.8085000e-01
  -1.8089400e-01  -6.9444100e-01  -7.9494000e-02   6.9188900e-01  -6.8467000e-02   3.3016400e-01  -1.8255300e-01
  -1.8982700e-01  -6.9474000e-01  -9.1952200e-02   6.8763800e-01  -6.9152600e-02   3.2888900e-01  -1.8415200e-01
  -1.9921900e-01  -6.9452500e-01  -1.0489400e-01   6.8333300e-01  -6.9706900e-02   3.2758600e-01  -1.8561700e-01
  -1.9921900e-01  -6.9452500e-01  -1.0489400e-01   6.8333300e-01  -6.9706900e-02   3.2758600e-01  -1.8561700e-01
  -2.0818900e-01  -6.9386500e-01  -1.1757200e-01   6.7925300e-01  -7.0099500e-02   3.2618700e-01  -1.8696500e-01
  -2.1657900e-01  -6.9290900e-01  -1.2986600e-01   6.7535600e-01  -7.0419800e-02   3.2472100e-01  -1.8826000e-01
  -2.2470400e-01  -6.9170600e-01  -1.4164800e-01   6.7155500e-01  -7.0703100e-02   3.2336800e-01  -1.8942500e-01
  -2.3278200e-01  -6.9029100e-01  -1.5314300e-01   6.6772600e-01  -7.0946200e-02   3.2208300e-01  -1.9050000e-01
  -2.4055900e-01  -6.8880500e-01  -1.6392200e-01   6.6393400e-01  -7.1170700e-02   3.2093300e-01  -1.9147100e-01
  -2.4055900e-01  -6.8880500e-01  -1.6392200e-01   6.6393400e-01  -7.1170700e-02   3.2093300e-01  -1.9147100e-01
  -2.4807500e-01  -6.8723300e-01  -1.7406400e-01   6.6020500e-01  -7.1387500e-02   3.1994000e-01  -1.9233000e-01
  -2.5583500e-01  -6.8544500e-01  -1.8432700e-01   6.5630500e-01  -7.1643400e-02   3.1906900e-01  -1.9313500e-01
  -2.6387100e-01  -6.8318800e-01  -1.9526600e-01   6.5230100e-01  -7.1713900e-02   3.1789300e-01  -1.9395600e-01
  -2.6387100e-01  -6.8318800e-01  -1.9526600e-01   6.5230100e-01  -7.1713900e-02   3.1789300e-01  -1.9395600e-01
  -2.7144300e-01  -6.8089500e-01  -2.0545100e-01   6.4845300e-01  -7.1738700e-02   3.1679100e-01  -1.9468900e-01
  -2.7841600e-01  -6.7870200e-01  -2.1495100e-01   6.4470500e-01  -7.1809500e-02   3.1574900e-01  -1.9542100e-01
  -2.8538800e-01  -6.7639700e-01  -2.2425900e-01   6.4089700e-01  -7.1856400e-02   3.1475600e-01  -1.9610100e-01
  -2.9250300e-01  -6.7386600e-01  -2.3363700e-01   6.3699300e-01  -7.1785500e-02   3.1366000e-01  -1.9674600e-01
  -2.9250300e-01  -6.7386600e-01  -2.3363700e-01   6.3699300e-01  -7.1785500e-02   3.1366000e-01  -1.9674600e-01
  -2.9887600e-01  -6.7161200e-01  -2.4252000e-01   6.3308400e-01  -7.1915500e-02   3.1262200e-01  -1.9752200e-01
  -3.0487800e-01  -6.6945200e-01  -2.5101000e-01   6.2918800e-01  -7.2041400e-02   3.1153700e-01  -1.9832900e-01
  -3.1075400e-01  -6.6730900e-01  -2.5938600e-01   6.2518000e-01  -7.2161200e-02   3.1038300e-01  -1.9917900e-01
  -3.1655600e-01  -6.6514900e-01  -2.6751000e-01   6.2113500e-01  -7.2263500e-02   3.0926400e-01  -1.9999500e-01
  -3.2190200e-01  -6.6303600e-01  -2.7521200e-01   6.1726900e-01  -7.2352100e-02   3.0811600e-01  -2.0080600e-01
  -3.2702200e-01  -6.6080800e-01  -2.8281800e-01   6.1351700e-01  -7.2345800e-02   3.0680900e-01  -2.0161700e-01
  -3.3179600e-01  -6.5865500e-01  -2.9007700e-01   6.0986900e-01  -7.2374600e-02   3.0553100e-01  -2.0243000e-01
  -3.3179600e-01  -6.5865500e-01  -2.9007700e-01   6.0986900e-01  -7.2374600e-02   3.0553100e-01  -2.0243000e-01
  -3.3596400e-01  -6.5672200e-01  -2.9683600e-01   6.0641000e-01  -7.2466500e-02   3.0424600e-01  -2.0329000e-01
  -3.3967900e-01  -6.5485200e-01  -3.0330500e-01   6.0315300e-01  -7.2541900e-02   3.0285900e-01  -2.0417800e-01
  -3.4261800e-01  -6.5327800e-01  -3.0907500e-01   6.0026100e-01  -7.2732100e-02   3.0157800e-01  -2.0507900e-01
  -3.4520400e-01  -6.5172100e-01  -3.1438300e-01   5.9771000e-01  -7.2843500e-02   3.0028600e-01  -2.0590100e-01
  -3.4747800e-01  -6.5015200e-01  -3.1961400e-01   5.9532200e-01  -7.2965400e-02   2.9891500e-01  -2.0675100e-01
  -3.4950400e-01  -6.4849500e-01  -3.2480900e-01   5.9312800e-01  -7.3016200e-02   2.9737700e-01  -2.0760800e-01
  -3.5095200e-01  -6.4704900e-01  -3.2970900e-01   5.9114500e-01  -7.3147400e-02   2.9577600e-01  -2.0854400e-01
  -3.5095200e-01  -6.4704900e-01  -3.2970900e-01   5.9114500e-01  -7.3147400e-02   2.9577600e-01  -2.0854400e-01
  -3.5095200e-01  -6.4704900e-01  -3.2970900e-01   5.9114500e-01  -7.3147400e-02   2.9577600e-01  -2.0854400e-01
  -3.5095200e-01  -6.4704900e-01  -3.2970900e-01   5.9114500e-01  -7.3147400e-02   2.9577600e-01  -2.0854400e-01
  -3.5095200e-01  -6.4704900e-01  -3.2970900e-01   5.9114500e-01  -7.3147400e-02   2.9577600e-01  -2.0854400e-01
  -3.5201700e-01  -6.4586000e-01  -3.3430300e-01   5.8922900e-01  -7.3413500e-02   2.9425700e-01  -2.0953300e-01
  -3.5349800e-01  -6.4437700e-01  -3.3891600e-01   5.8732700e-01  -7.3471600e-02   2.9269300e-01  -2.1037000e-01
  -3.5532400e-01  -6.4233900e-01  -3.4473800e-01   5.8506600e-01  -7.3477300e-02   2.9064900e-01  -2.1137500e-01
  -3.5693100e-01  -6.4056100e-01  -3.5028300e-01   5.8273700e-01  -7.3619800e-02   2.8871800e-01  -2.1242600e-01
  -3.5693100e-01  -6.4056100e-01  -3.5028300e-01   5.8273700e-01  -7.3619800e-02   2.8871800e-01  -2.1242600e-01
  -3.5821900e-01  -6.3901400e-01  -3.5549300e-01   5.8048700e-01  -7.3831600e-02   2.8681700e-01  -2.1350600e-01
  -3.5931400e-01  -6.3764800e-01  -3.6037200e-01   5.7829900e-01  -7.4126200e-02   2.8505700e-01  -2.1457000e-01
  -3.6015500e-01  -6.3660700e-01  -3.6479900e-01   5.7614400e-01  -7.4573600e-02   2.8354200e-01  -2.1563300e-01
  -3.6109500e-01  -6.3556600e-01  -3.6903000e-01   5.7400700e-01  -7.4983900e-02   2.8211400e-01  -2.1662000e-01
  -3.6241800e-01  -6.3431500e-01  -3.7322600e-01   5.7184000e-01  -7.5251200e-02   2.8072700e-01  -2.1747200e-01
  -3.6387200e-01  -6.3291800e-01  -3.7762800e-01   5.6957000e-01  -7.5437200e-02   2.7914800e-01  -2.1834100e-01
  -3.6387200e-01  -6.3291800e-01  -3.7762800e-01   5.6957000e-01  -7.5437200e-02   2.7914800e-01  -2.1834100e-01
  -3.6527500e-01  -6.3165500e-01  -3.8213300e-01   5.6706300e-01  -7.5740600e-02   2.7753900e-01  -2.1931700e-01
  -3.6681000e-01  -6.3040800e-01  -3.8648100e-01   5.6450800e-01  -7.6048800e-02   2.7606700e-01  -2.2023200e-01
  -3.6837700e-01  -6.2914700e-01  -3.9072900e-01   5.6196300e-01  -7.6294200e-02   2.7454200e-01  -2.2111700e-01
  -3.6978700e-01  -6.2783400e-01  -3.9454600e-01   5.5983600e-01  -7.6440800e-02   2.7306700e-01  -2.2221000e-01
  -3.6978700e-01  -6.2783400e-01  -3.9454600e-01   5.5983600e-01  -7.6440800e-02   2.7306700e-01  -2.2221000e-01
