   1.1314100e-01   1.6943100e-01   2.9548000e-02   9.7858000e-01  -1.6972100e-01  -2.3260700e-01   1.6484000e-02
   1.1433000e-01   1.6362200e-01   2.6379000e-02   9.7952100e-01  -1.7074200e-01  -2.3108900e-01   1.4812000e-02
   1.1865500e-01   1.6373700e-01   2.5656000e-02   9.7900600e-01  -1.7074200e-01  -2.3108900e-01   1.4812000e-02
   1.1888700e-01   1.6173300e-01   2.4578000e-02   9.7933900e-01  -1.7108100e-01  -2.3055300e-01   1.4213000e-02
   1.1857600e-01   1.6007900e-01   2.3771000e-02   9.7966800e-01  -1.7135100e-01  -2.3010900e-01   1.3700000e-02
   1.1861600e-01   1.5872800e-01   2.3005000e-02   9.7990100e-01  -1.7156800e-01  -2.2971900e-01   1.3256000e-02
   1.1936900e-01   1.5765400e-01   2.2242000e-02   9.8000100e-01  -1.7173700e-01  -2.2939000e-01   1.2864000e-02
   1.1972900e-01   1.5679200e-01   2.1678000e-02   9.8010800e-01  -1.7186400e-01  -2.2912700e-01   1.2511000e-02
   1.2046800e-01   1.5615100e-01   2.1208000e-02   9.8013000e-01  -1.7194900e-01  -2.2893800e-01   1.2175000e-02
   1.2096500e-01   1.5571800e-01   2.0915000e-02   9.8014400e-01  -1.7198900e-01  -2.2881500e-01   1.1841000e-02
   1.2150700e-01   1.5550700e-01   2.0803000e-02   9.8011300e-01  -1.7197800e-01  -2.2877700e-01   1.1485000e-02
   1.2210400e-01   1.5550900e-01   2.0897000e-02   9.8003600e-01  -1.7191600e-01  -2.2883600e-01   1.1087000e-02
   1.2202600e-01   1.5570800e-01   2.1332000e-02   9.8000500e-01  -1.7179900e-01  -2.2899800e-01   1.0627000e-02
   1.2070200e-01   1.5608700e-01   2.2177000e-02   9.8009000e-01  -1.7162100e-01  -2.2925100e-01   1.0082000e-02
   1.1863800e-01   1.5666400e-01   2.3416000e-02   9.8022100e-01  -1.7137700e-01  -2.2962300e-01   9.4430000e-03
   1.1490900e-01   1.5736400e-01   2.5246000e-02   9.8050800e-01  -1.7106900e-01  -2.3012900e-01   8.6850000e-03
   1.1034500e-01   1.5820200e-01   2.7572000e-02   9.8083400e-01  -1.7068600e-01  -2.3078100e-01   7.7720000e-03
   1.0570700e-01   1.5918900e-01   3.0330000e-02   9.8110400e-01  -1.7021700e-01  -2.3159900e-01   6.6830000e-03
   1.0154200e-01   1.6036700e-01   3.3455000e-02   9.8125000e-01  -1.6964800e-01  -2.3259200e-01   5.4150000e-03
   1.0534100e-01   1.6207400e-01   3.5738000e-02   9.8048900e-01  -1.6895200e-01  -2.3376800e-01   3.9520000e-03
   9.8097000e-02   1.6180500e-01   3.6934000e-02   9.8124000e-01  -1.6895200e-01  -2.3376800e-01   3.9520000e-03
   9.7073000e-02   1.6359800e-01   4.0503000e-02   9.8090400e-01  -1.6811600e-01  -2.3513400e-01   2.3050000e-03
   9.7277000e-02   1.6573900e-01   4.4397000e-02   9.8035500e-01  -1.6711900e-01  -2.3670700e-01   4.8200000e-04
   9.8612000e-02   1.6826900e-01   4.8653000e-02   9.7958900e-01  -1.6594600e-01  -2.3849700e-01  -1.4840000e-03
   1.0013400e-01   1.7117900e-01   5.3486000e-02   9.7867800e-01  -1.6457300e-01  -2.4052800e-01  -3.5700000e-03
   1.0073800e-01   1.7441600e-01   5.9058000e-02   9.7772300e-01  -1.6297800e-01  -2.4281300e-01  -5.7640000e-03
   1.0040300e-01   1.7789500e-01   6.4608000e-02   9.7678000e-01  -1.6103600e-01  -2.4570300e-01  -8.0820000e-03
   9.8835000e-02   1.8163400e-01   7.0519000e-02   9.7584200e-01  -1.5879100e-01  -2.4900600e-01  -1.0460000e-02
   9.6396000e-02   1.8566200e-01   7.6872000e-02   9.7484800e-01  -1.5624700e-01  -2.5265700e-01  -1.2858000e-02
   9.3250000e-02   1.8998900e-01   8.3761000e-02   9.7375200e-01  -1.5341200e-01  -2.5657400e-01  -1.5245000e-02
   8.9166000e-02   1.9461300e-01   9.1312000e-02   9.7254200e-01  -1.5028000e-01  -2.6070800e-01  -1.7580000e-02
   8.3113000e-02   1.9938000e-01   9.9892000e-02   9.7126800e-01  -1.4686100e-01  -2.6500400e-01  -1.9849000e-02
   7.6293000e-02   2.0435300e-01   1.0927800e-01   9.6978200e-01  -1.4316100e-01  -2.6943200e-01  -2.2010000e-02
   7.0987000e-02   2.0976700e-01   1.1896500e-01   9.6788700e-01  -1.3916500e-01  -2.7399300e-01  -2.4059000e-02
   6.7140000e-02   2.1562500e-01   1.2896900e-01   9.6559100e-01  -1.3487900e-01  -2.7866200e-01  -2.5979000e-02
   6.4036000e-02   2.2190000e-01   1.3930800e-01   9.6294000e-01  -1.3027100e-01  -2.8343000e-01  -2.7773000e-02
   6.1277000e-02   2.2853500e-01   1.5002400e-01   9.5995300e-01  -1.2534400e-01  -2.8826300e-01  -2.9429000e-02
   5.9854000e-02   2.3571800e-01   1.6077300e-01   9.5656000e-01  -1.2008900e-01  -2.9314300e-01  -3.0934000e-02
   6.0000000e-02   2.4350600e-01   1.7137700e-01   9.5275100e-01  -1.1453600e-01  -2.9805600e-01  -3.2245000e-02
   6.1411000e-02   2.5177300e-01   1.8159300e-01   9.4861100e-01  -1.0873100e-01  -3.0291300e-01  -3.3417000e-02
   6.3718000e-02   2.6879800e-01   2.0171800e-01   9.3967900e-01  -9.6557000e-02  -3.1228000e-01  -3.5298000e-02
   6.4904000e-02   2.7750600e-01   2.1139700e-01   9.3492700e-01  -9.0270000e-02  -3.1673000e-01  -3.6023000e-02
   6.5746000e-02   2.8626200e-01   2.2092600e-01   9.3001200e-01  -8.3885000e-02  -3.2098600e-01  -3.6595000e-02
   6.5595000e-02   2.9487800e-01   2.3050700e-01   9.2499300e-01  -7.7432000e-02  -3.2505200e-01  -3.7008000e-02
   6.3461000e-02   3.1190600e-01   2.4948900e-01   9.1457300e-01  -6.4289000e-02  -3.3262400e-01  -3.7445000e-02
   6.1860000e-02   3.2041200e-01   2.5878200e-01   9.0914300e-01  -5.7606000e-02  -3.3614700e-01  -3.7470000e-02
   6.0263000e-02   3.2898200e-01   2.6781800e-01   9.0355600e-01  -5.0890000e-02  -3.3948100e-01  -3.7362000e-02
   5.7937000e-02   3.3741600e-01   2.7683800e-01   8.9786100e-01  -4.4139000e-02  -3.4263100e-01  -3.7123000e-02
   5.1438000e-02   3.5400200e-01   2.9485500e-01   8.8605700e-01  -3.0531000e-02  -3.4841500e-01  -3.6222000e-02
   4.9767000e-02   3.6293800e-01   3.0280700e-01   8.7983400e-01  -2.3710000e-02  -3.5104800e-01  -3.5580000e-02
   4.8352000e-02   3.7210400e-01   3.1034200e-01   8.7343500e-01  -1.6870000e-02  -3.5355200e-01  -3.4796000e-02
   4.8033000e-02   3.7765300e-01   3.1653500e-01   8.6883600e-01  -1.2031000e-02  -3.5697600e-01  -3.4188000e-02
   4.6497000e-02   3.8094700e-01   3.2277300e-01   8.6517900e-01  -8.1470000e-03  -3.6089400e-01  -3.3551000e-02
   4.2634000e-02   3.8264900e-01   3.2978100e-01   8.6197800e-01  -4.6700000e-03  -3.6509500e-01  -3.2775000e-02
   4.0961000e-02   3.8502300e-01   3.3562200e-01   8.5874200e-01  -1.3230000e-03  -3.6946800e-01  -3.1801000e-02
   4.3882000e-02   3.8617500e-01   3.3706400e-01   8.5751500e-01   1.9500000e-04  -3.7132500e-01  -3.2272000e-02
   4.7083000e-02   3.8743100e-01   3.3561900e-01   8.5734500e-01   1.9500000e-04  -3.7132500e-01  -3.2272000e-02
   4.7004000e-02   3.9277600e-01   3.4130900e-01   8.5265800e-01   4.5860000e-03  -3.7715500e-01  -2.9923000e-02
   4.5494000e-02   3.9684100e-01   3.4685800e-01   8.4860900e-01   8.5330000e-03  -3.8233200e-01  -2.7810000e-02
   4.3944000e-02   4.0078700e-01   3.5190700e-01   8.4474900e-01   1.2312000e-02  -3.8715100e-01  -2.5667000e-02
   4.3372000e-02   4.0556500e-01   3.5605800e-01   8.4074900e-01   1.6127000e-02  -3.9172400e-01  -2.3297000e-02
   4.2624000e-02   4.1080500e-01   3.5985100e-01   8.3661800e-01   2.0019000e-02  -3.9610300e-01  -2.0644000e-02
   4.1357000e-02   4.1606000e-01   3.6345300e-01   8.3251800e-01   2.3879000e-02  -4.0031900e-01  -1.7778000e-02
   4.1319000e-02   4.2210200e-01   3.6599200e-01   8.2835500e-01   2.7706000e-02  -4.0437300e-01  -1.4688000e-02
   4.1304000e-02   4.2893100e-01   3.6793700e-01   8.2397500e-01   3.1670000e-02  -4.0821000e-01  -1.1228000e-02
   4.0815000e-02   4.3580200e-01   3.6959600e-01   8.1964000e-01   3.5594000e-02  -4.1186900e-01  -7.5430000e-03
   3.7551000e-02   4.4181200e-01   3.7216000e-01   8.1540700e-01   3.9515000e-02  -4.1530900e-01  -3.5910000e-03
   3.4944000e-02   4.4830400e-01   3.7384000e-01   8.1120100e-01   4.3372000e-02  -4.1854400e-01   5.6600000e-04
   3.3360000e-02   4.5594600e-01   3.7429600e-01   8.0678500e-01   4.7314000e-02  -4.2148900e-01   5.0560000e-03
   3.4259000e-02   4.6491100e-01   3.7271200e-01   8.0235300e-01   5.1170000e-02  -4.2420400e-01   9.7430000e-03
   3.5500000e-02   4.7434800e-01   3.7019900e-01   7.9792600e-01   5.4973000e-02  -4.2664600e-01   1.4663000e-02
   3.5118000e-02   4.8328800e-01   3.6796500e-01   7.9360000e-01   5.8706000e-02  -4.2880200e-01   1.9790000e-02
   3.2960000e-02   4.9163100e-01   3.6618700e-01   7.8937900e-01   6.2355000e-02  -4.3066400e-01   2.5115000e-02
   2.5858000e-02   4.9786700e-01   3.6697300e-01   7.8536000e-01   6.5909000e-02  -4.3222400e-01   3.0619000e-02
   3.0402000e-02   4.9998200e-01   3.6408600e-01   7.8519700e-01   6.5909000e-02  -4.3222400e-01   3.0619000e-02
   2.7974000e-02   5.0860100e-01   3.6135800e-01   7.8100100e-01   6.9364000e-02  -4.3347800e-01   3.6315000e-02
   2.5520000e-02   5.1739200e-01   3.5810700e-01   7.7679700e-01   7.2725000e-02  -4.3442700e-01   4.2188000e-02
   2.2806000e-02   5.2622900e-01   3.5449500e-01   7.7259100e-01   7.5996000e-02  -4.3507300e-01   4.8223000e-02
   2.0558000e-02   5.3541400e-01   3.4996900e-01   7.6839500e-01   7.9183000e-02  -4.3541700e-01   5.4398000e-02
   1.9111000e-02   5.4505100e-01   3.4433500e-01   7.6419100e-01   8.2274000e-02  -4.3545500e-01   6.0689000e-02
   1.8168000e-02   5.5497000e-01   3.3777900e-01   7.5998900e-01   8.5267000e-02  -4.3518500e-01   6.7083000e-02
   1.6319000e-02   5.6450900e-01   3.3134600e-01   7.5582600e-01   8.8169000e-02  -4.3461600e-01   7.3554000e-02
   1.4696000e-02   5.7411000e-01   3.2421600e-01   7.5170900e-01   9.0965000e-02  -4.3374700e-01   8.0065000e-02
   1.3315000e-02   5.8374300e-01   3.1644900e-01   7.4761400e-01   9.3684000e-02  -4.3260800e-01   8.6589000e-02
   1.2714000e-02   5.9361100e-01   3.0760800e-01   7.4353400e-01   9.6322000e-02  -4.3119900e-01   9.3118000e-02
   1.2409000e-02   6.0343800e-01   2.9811500e-01   7.3948300e-01   9.8866000e-02  -4.2952800e-01   9.9615000e-02
   1.2803000e-02   6.0850300e-01   2.9255500e-01   7.3754500e-01   1.0016700e-01  -4.2862500e-01   1.0284500e-01
   1.1331000e-02   6.2978000e-01   2.6935800e-01   7.2848900e-01   1.0558100e-01  -4.2356900e-01   1.1751100e-01
   1.0736000e-02   6.3868300e-01   2.5868300e-01   7.2460500e-01   1.0788300e-01  -4.2105600e-01   1.2375000e-01
   1.1333000e-02   6.4724200e-01   2.4729800e-01   7.2096600e-01   1.0998100e-01  -4.1849300e-01   1.2954800e-01
   1.2883000e-02   6.5558800e-01   2.3516400e-01   7.1745100e-01   1.1189600e-01  -4.1581300e-01   1.3507800e-01
   1.5010000e-02   6.6360300e-01   2.2251300e-01   7.1406900e-01   1.1364600e-01  -4.1302100e-01   1.4037200e-01
   1.8784000e-02   6.7827100e-01   1.9759900e-01   7.0749600e-01   1.1670400e-01  -4.0703900e-01   1.5047000e-01
   1.8858000e-02   6.8451600e-01   1.8679900e-01   7.0440600e-01   1.1802400e-01  -4.0386500e-01   1.5527700e-01
   1.9028000e-02   6.9043700e-01   1.7589500e-01   7.0142400e-01   1.1918300e-01  -4.0056200e-01   1.5992800e-01
   2.0356000e-02   6.9621900e-01   1.6379300e-01   6.9859600e-01   1.2016400e-01  -3.9714500e-01   1.6439600e-01
   1.8289000e-02   7.0546300e-01   1.4439900e-01   6.9364000e-01   1.2168000e-01  -3.9010900e-01   1.7273300e-01
   2.2563000e-02   7.1056500e-01   1.2928400e-01   6.9128400e-01   1.2219300e-01  -3.8646200e-01   1.7663700e-01
   1.9206000e-02   7.1382400e-01   1.2206500e-01   6.8933700e-01   1.2256000e-01  -3.8276100e-01   1.8035500e-01
   1.7885000e-02   7.1723000e-01   1.1274200e-01   6.8742300e-01   1.2278700e-01  -3.7894400e-01   1.8396400e-01
   1.5952000e-02   7.2029600e-01   1.0393800e-01   6.8565000e-01   1.2284400e-01  -3.7496800e-01   1.8747600e-01
   1.5693000e-02   7.2025700e-01   1.0420900e-01   6.8565600e-01   1.2284400e-01  -3.7496800e-01   1.8747600e-01
   1.2840000e-02   7.2294800e-01   9.6229000e-02   6.8404800e-01   1.2274000e-01  -3.7083900e-01   1.9088500e-01
   1.0990000e-02   7.2555200e-01   8.7124000e-02   6.8254100e-01   1.2246900e-01  -3.6656400e-01   1.9418400e-01
   8.8030000e-03   7.2786700e-01   7.8374000e-02   6.8116800e-01   1.2205800e-01  -3.6218600e-01   1.9735100e-01
   6.9460000e-03   7.2998000e-01   6.9306000e-02   6.7991100e-01   1.2152500e-01  -3.5772600e-01   2.0038000e-01
   6.4120000e-03   7.3194800e-01   5.8831000e-02   6.7878600e-01   1.2093800e-01  -3.5325600e-01   2.0325100e-01
   6.2260000e-03   7.3366600e-01   4.8098000e-02   6.7777800e-01   1.2030000e-01  -3.4879700e-01   2.0595900e-01
   5.5370000e-03   7.3508400e-01   3.8032000e-02   6.7688600e-01   1.1964700e-01  -3.4438600e-01   2.0850500e-01
   3.9570000e-03   7.3624500e-01   2.9124000e-02   6.7607600e-01   1.1899100e-01  -3.4003400e-01   2.1090100e-01
   1.5610000e-03   7.3720400e-01   2.1354000e-02   6.7533100e-01   1.1832800e-01  -3.3575100e-01   2.1314800e-01
  -3.6500000e-04   7.3804600e-01   1.3388000e-02   6.7461700e-01   1.1766000e-01  -3.3154700e-01   2.1525200e-01
  -1.2150000e-03   7.3876600e-01   4.5520000e-03   6.7394600e-01   1.1698200e-01  -3.2742200e-01   2.1721700e-01
  -2.0360000e-03   7.3932100e-01  -3.9910000e-03   6.7333800e-01   1.1631200e-01  -3.2341700e-01   2.1903600e-01
  -3.9820000e-03   7.3977300e-01  -1.0986000e-02   6.7275500e-01   1.1565400e-01  -3.1951300e-01   2.2073100e-01
  -6.5590000e-03   7.4018600e-01  -1.6957000e-02   6.7215600e-01   1.1499700e-01  -3.1568100e-01   2.2232500e-01
  -8.4200000e-03   7.4053400e-01  -2.3413000e-02   6.7155800e-01   1.1433700e-01  -3.1191600e-01   2.2382200e-01
  -8.4200000e-03   7.4053400e-01  -2.3413000e-02   6.7155800e-01   1.1433700e-01  -3.1191600e-01   2.2382200e-01
  -9.7450000e-03   7.4080200e-01  -3.0164000e-02   6.7097600e-01   1.1369300e-01  -3.0824500e-01   2.2522200e-01
  -1.1413000e-02   7.4103700e-01  -3.6256000e-02   6.7038700e-01   1.1307700e-01  -3.0467000e-01   2.2653500e-01
  -1.4098000e-02   7.4129600e-01  -4.0943000e-02   6.6978000e-01   1.1248700e-01  -3.0119300e-01   2.2776400e-01
  -1.7030000e-02   7.4154900e-01  -4.5020000e-02   6.6917000e-01   1.1190700e-01  -2.9782400e-01   2.2890300e-01
  -1.9319000e-02   7.4173300e-01  -4.9483000e-02   6.6858800e-01   1.1132500e-01  -2.9455200e-01   2.2995500e-01
  -2.0411000e-02   7.4179300e-01  -5.4947000e-02   6.6806200e-01   1.1073800e-01  -2.9138100e-01   2.3092100e-01
  -2.1612000e-02   7.4182500e-01  -5.9975000e-02   6.6755600e-01   1.1015200e-01  -2.8831500e-01   2.3180800e-01
  -2.3622000e-02   7.4190000e-01  -6.3784000e-02   6.6705200e-01   1.0956400e-01  -2.8535600e-01   2.3261500e-01
  -2.6081000e-02   7.4199400e-01  -6.6761000e-02   6.6656400e-01   1.0896700e-01  -2.8250900e-01   2.3334100e-01
  -2.8018000e-02   7.4201100e-01  -6.9986000e-02   6.6613500e-01   1.0835500e-01  -2.7977400e-01   2.3398800e-01
  -2.9240000e-02   7.4191800e-01  -7.3681000e-02   6.6578800e-01   1.0772500e-01  -2.7715400e-01   2.3455500e-01
  -3.0193000e-02   7.4176400e-01  -7.7379000e-02   6.6549700e-01   1.0708800e-01  -2.7464500e-01   2.3505300e-01
  -3.2235000e-02   7.4170500e-01  -7.9631000e-02   6.6520200e-01   1.0648600e-01  -2.7228200e-01   2.3549100e-01
  -3.4679000e-02   7.4167500e-01  -8.1168000e-02   6.6492600e-01   1.0590900e-01  -2.7006600e-01   2.3587100e-01
  -3.6792000e-02   7.4160900e-01  -8.2789000e-02   6.6468700e-01   1.0536100e-01  -2.6799100e-01   2.3620300e-01
  -3.8184000e-02   7.4145600e-01  -8.4933000e-02   6.6450800e-01   1.0484600e-01  -2.6606400e-01   2.3649100e-01
  -3.8677000e-02   7.4117600e-01  -8.7807000e-02   6.6441800e-01   1.0437500e-01  -2.6430900e-01   2.3673400e-01
  -3.9497000e-02   7.4093400e-01  -9.0037000e-02   6.6434100e-01   1.0395300e-01  -2.6272800e-01   2.3693800e-01
  -4.0557000e-02   7.4074300e-01  -9.1733000e-02   6.6425900e-01   1.0357700e-01  -2.6129900e-01   2.3711500e-01
  -4.2321000e-02   7.4067700e-01  -9.2385000e-02   6.6413200e-01   1.0324500e-01  -2.6000800e-01   2.3727000e-01
  -4.3754000e-02   7.4060000e-01  -9.3140000e-02   6.6402000e-01   1.0294600e-01  -2.5884300e-01   2.3740600e-01
  -4.3939000e-02   7.4012500e-01  -9.6916000e-02   6.6399700e-01   1.0241400e-01  -2.5685100e-01   2.3761300e-01
  -4.3686000e-02   7.3989100e-01  -9.8832000e-02   6.6399200e-01   1.0215200e-01  -2.5596000e-01   2.3769500e-01
  -4.4005000e-02   7.3977500e-01  -9.9945000e-02   6.6393300e-01   1.0189500e-01  -2.5511500e-01   2.3776800e-01
  -4.4971000e-02   7.3978600e-01  -1.0014900e-01   6.6382500e-01   1.0163400e-01  -2.5432000e-01   2.3782900e-01
  -4.6177000e-02   7.3986300e-01  -9.9913000e-02   6.6369300e-01   1.0136400e-01  -2.5356100e-01   2.3787800e-01
  -4.6802000e-02   7.3986800e-01  -1.0018500e-01   6.6360200e-01   1.0108700e-01  -2.5283900e-01   2.3791400e-01
  -4.6732000e-02   7.3979100e-01  -1.0111200e-01   6.6355200e-01   1.0080900e-01  -2.5214600e-01   2.3794300e-01
  -4.6334000e-02   7.3966700e-01  -1.0231900e-01   6.6353400e-01   1.0053600e-01  -2.5149300e-01   2.3796400e-01
  -4.6364000e-02   7.3961700e-01  -1.0291600e-01   6.6349500e-01   1.0027200e-01  -2.5090500e-01   2.3797300e-01
  -4.7514000e-02   7.3973800e-01  -1.0218700e-01   6.6339100e-01   1.0002600e-01  -2.5037600e-01   2.3797500e-01
  -4.7190000e-02   7.3962800e-01  -1.0302700e-01   6.6340700e-01   9.9804000e-02  -2.4991500e-01   2.3796900e-01
