   1.8304200e-01   1.7001000e-01  -1.1161000e-02   9.6822900e-01  -1.6656900e-01  -2.1919400e-01   9.8000000e-04
   1.8308200e-01   1.6861300e-01  -9.9590000e-03   9.6847900e-01  -1.6667700e-01  -2.1955400e-01  -1.5800000e-04
   1.8280800e-01   1.6752600e-01  -8.6770000e-03   9.6873200e-01  -1.6672600e-01  -2.1994600e-01  -1.2180000e-03
   1.8175400e-01   1.6668300e-01  -7.2500000e-03   9.6908700e-01  -1.6673200e-01  -2.2035900e-01  -2.2020000e-03
   1.7914200e-01   1.6569700e-01  -4.2850000e-03   9.6976000e-01  -1.6659700e-01  -2.2124200e-01  -4.0180000e-03
   1.7719200e-01   1.6548600e-01  -2.6690000e-03   9.7016000e-01  -1.6647000e-01  -2.2171200e-01  -4.8640000e-03
   1.7524400e-01   1.6546400e-01  -1.0590000e-03   9.7052100e-01  -1.6629800e-01  -2.2218900e-01  -5.6800000e-03
   1.7126900e-01   1.6558800e-01   9.2300000e-04   9.7120900e-01  -1.6608800e-01  -2.2268300e-01  -6.4830000e-03
   1.6903200e-01   1.6584700e-01   2.7340000e-03   9.7155300e-01  -1.6583200e-01  -2.2323400e-01  -7.3150000e-03
   1.6540300e-01   1.6620400e-01   4.8640000e-03   9.7210800e-01  -1.6553400e-01  -2.2381700e-01  -8.1850000e-03
   1.6194400e-01   1.6666100e-01   7.1040000e-03   9.7259800e-01  -1.6518800e-01  -2.2445700e-01  -9.1080000e-03
   1.5862000e-01   1.6718600e-01   9.4700000e-03   9.7303600e-01  -1.6479600e-01  -2.2515200e-01  -1.0105000e-02
   1.5354400e-01   1.6775900e-01   1.2306000e-02   9.7372000e-01  -1.6434900e-01  -2.2591000e-01  -1.1193000e-02
   1.4744000e-01   1.6840500e-01   1.5575000e-02   9.7450400e-01  -1.6382700e-01  -2.2676400e-01  -1.2404000e-02
   1.4015800e-01   1.6914900e-01   1.9392000e-02   9.7538100e-01  -1.6320700e-01  -2.2774500e-01  -1.3763000e-02
   1.3766000e-01   1.7019400e-01   2.2807000e-02   9.7548100e-01  -1.6245900e-01  -2.2889200e-01  -1.5273000e-02
   1.4339700e-01   1.7179000e-01   2.5244000e-02   9.7431400e-01  -1.6154100e-01  -2.3022200e-01  -1.6932000e-02
   1.5272200e-01   1.7402400e-01   2.7522000e-02   9.7243700e-01  -1.6040800e-01  -2.3175400e-01  -1.8713000e-02
   1.5616400e-01   1.7674200e-01   3.1348000e-02   9.7128400e-01  -1.5902400e-01  -2.3350300e-01  -2.0579000e-02
   1.5058900e-01   1.7980200e-01   3.7399000e-02   9.7138800e-01  -1.5736300e-01  -2.3548700e-01  -2.2503000e-02
   1.4226300e-01   1.8329900e-01   4.4643000e-02   9.7168400e-01  -1.5541300e-01  -2.3772800e-01  -2.4466000e-02
   1.3649900e-01   1.8739700e-01   5.2123000e-02   9.7135700e-01  -1.5316900e-01  -2.4023100e-01  -2.6442000e-02
   1.3428300e-01   1.9217200e-01   5.9632000e-02   9.7030000e-01  -1.5062300e-01  -2.4299700e-01  -2.8409000e-02
   1.4045900e-01   1.9799800e-01   6.6129000e-02   9.6783000e-01  -1.4777300e-01  -2.4602400e-01  -3.0335000e-02
   1.3417800e-01   1.9756500e-01   6.7412000e-02   9.6872100e-01  -1.4777300e-01  -2.4602400e-01  -3.0335000e-02
   1.3383500e-01   2.0338600e-01   7.5921000e-02   9.6693200e-01  -1.4462400e-01  -2.4931200e-01  -3.2194000e-02
   1.3377500e-01   2.0964400e-01   8.5084000e-02   9.6483900e-01  -1.4116400e-01  -2.5286800e-01  -3.3984000e-02
   1.3280000e-01   2.1615100e-01   9.5121000e-02   9.6259800e-01  -1.3740000e-01  -2.5667100e-01  -3.5699000e-02
   1.3083200e-01   2.2279200e-01   1.0605100e-01   9.6020800e-01  -1.3334300e-01  -2.6070700e-01  -3.7339000e-02
   1.2778900e-01   2.2946300e-01   1.1785500e-01   9.5766700e-01  -1.2900800e-01  -2.6494700e-01  -3.8889000e-02
   1.2324600e-01   2.3599900e-01   1.3065200e-01   9.5501000e-01  -1.2440500e-01  -2.6938300e-01  -4.0352000e-02
   1.1899400e-01   2.4259600e-01   1.4401500e-01   9.5197000e-01  -1.1952200e-01  -2.7400300e-01  -4.1733000e-02
   1.1670200e-01   2.4946100e-01   1.5738600e-01   9.4835600e-01  -1.1438900e-01  -2.7875600e-01  -4.3035000e-02
   1.1777000e-01   2.5693700e-01   1.7028000e-01   9.4399100e-01  -1.0900200e-01  -2.8361200e-01  -4.4260000e-02
   1.2156100e-01   2.6503700e-01   1.8271200e-01   9.3893300e-01  -1.0337100e-01  -2.8853600e-01  -4.5400000e-02
   1.2491300e-01   2.7323100e-01   1.9529000e-01   9.3359700e-01  -9.7498000e-02  -2.9356200e-01  -4.6451000e-02
   1.2606500e-01   2.8109400e-01   2.0774000e-01   9.2840600e-01  -9.1373000e-02  -2.9895100e-01  -4.7427000e-02
   1.2508500e-01   2.8863700e-01   2.2043700e-01   9.2328200e-01  -8.5017000e-02  -3.0451500e-01  -4.8286000e-02
   1.2441000e-01   2.9640400e-01   2.3281600e-01   9.1785800e-01  -7.8450000e-02  -3.1014300e-01  -4.9019000e-02
   1.2481600e-01   3.0462700e-01   2.4469600e-01   9.1200200e-01  -7.1681000e-02  -3.1578200e-01  -4.9619000e-02
   1.2582100e-01   3.1324100e-01   2.5624300e-01   9.0575300e-01  -6.4724000e-02  -3.2138600e-01  -5.0077000e-02
   1.2623300e-01   3.2194800e-01   2.6786600e-01   8.9925600e-01  -5.7580000e-02  -3.2691900e-01  -5.0386000e-02
   1.2623300e-01   3.2194800e-01   2.6786600e-01   8.9925600e-01  -5.7580000e-02  -3.2691900e-01  -5.0386000e-02
   1.2640600e-01   3.3086300e-01   2.7942900e-01   8.9245200e-01  -5.0254000e-02  -3.3234700e-01  -5.0544000e-02
   1.2750000e-01   3.4036300e-01   2.9047200e-01   8.8516800e-01  -4.2754000e-02  -3.3765400e-01  -5.0551000e-02
   1.3115900e-01   3.6084400e-01   3.1114200e-01   8.6935600e-01  -2.7338000e-02  -3.4776000e-01  -5.0096000e-02
   1.3146900e-01   3.7103900e-01   3.2163000e-01   8.6116200e-01  -1.9460000e-02  -3.5248300e-01  -4.9644000e-02
   1.3323900e-01   3.7773900e-01   3.3049100e-01   8.5459700e-01  -1.3532000e-02  -3.5789600e-01  -4.9514000e-02
   1.3686600e-01   3.8665500e-01   3.4623400e-01   8.4373400e-01  -3.9910000e-03  -3.6937400e-01  -4.9421000e-02
   1.3837700e-01   3.9031900e-01   3.5354600e-01   8.3875400e-01   3.7100000e-04  -3.7508000e-01  -4.9294000e-02
   1.4002000e-01   3.9392300e-01   3.6046500e-01   8.3383700e-01   4.6310000e-03  -3.8067000e-01  -4.9099000e-02
   1.4274700e-01   4.0127900e-01   3.7358500e-01   8.2403400e-01   1.3134000e-02  -3.9137600e-01  -4.8385000e-02
   1.4369200e-01   4.0503700e-01   3.7982700e-01   8.1916400e-01   1.7409000e-02  -3.9651200e-01  -4.7853000e-02
   1.4453600e-01   4.0897300e-01   3.8580000e-01   8.1425300e-01   2.1711000e-02  -4.0148100e-01  -4.7198000e-02
   1.4570500e-01   4.1345700e-01   3.9121100e-01   8.0918300e-01   2.6106000e-02  -4.0628200e-01  -4.6389000e-02
   1.4753300e-01   4.2247700e-01   4.0111400e-01   7.9928400e-01   3.4867000e-02  -4.1542900e-01  -4.4562000e-02
   1.4662100e-01   4.2616200e-01   4.0650200e-01   7.9476100e-01   3.9217000e-02  -4.1978000e-01  -4.3557000e-02
   1.4503600e-01   4.2995600e-01   4.1184800e-01   7.9024300e-01   4.3669000e-02  -4.2392900e-01  -4.2383000e-02
   1.4361700e-01   4.3377000e-01   4.1675900e-01   7.8583100e-01   4.8072000e-02  -4.2793800e-01  -4.1189000e-02
   1.4214700e-01   4.3748100e-01   4.2138900e-01   7.8156000e-01   5.2412000e-02  -4.3180600e-01  -3.9973000e-02
   1.3801600e-01   4.4523500e-01   4.2999900e-01   7.7318700e-01   6.1300000e-02  -4.3908600e-01  -3.7134000e-02
   1.3508700e-01   4.4872100e-01   4.3428000e-01   7.6928700e-01   6.5717000e-02  -4.4252800e-01  -3.5612000e-02
   1.3175500e-01   4.5213000e-01   4.3845300e-01   7.6549200e-01   7.0154000e-02  -4.4585400e-01  -3.3985000e-02
   1.2753200e-01   4.5512800e-01   4.4287900e-01   7.6187400e-01   7.4578000e-02  -4.4904600e-01  -3.2262000e-02
   1.2069300e-01   4.5680400e-01   4.4853600e-01   7.5866900e-01   7.9064000e-02  -4.5215400e-01  -3.0397000e-02
   1.1470700e-01   4.5928700e-01   4.5341600e-01   7.5519000e-01   8.3669000e-02  -4.5521800e-01  -2.8330000e-02
   1.0987600e-01   4.6278400e-01   4.5736200e-01   7.5138400e-01   8.8405000e-02  -4.5823800e-01  -2.6066000e-02
   1.0348400e-01   4.6564600e-01   4.6204800e-01   7.4764800e-01   9.3263000e-02  -4.6120100e-01  -2.3600000e-02
   1.0576400e-01   4.6705300e-01   4.6062500e-01   7.4732900e-01   9.3263000e-02  -4.6120100e-01  -2.3600000e-02
   1.0217300e-01   4.7203300e-01   4.6329000e-01   7.4304000e-01   9.8255000e-02  -4.6410300e-01  -2.0906000e-02
   9.8571000e-02   4.7741300e-01   4.6569900e-01   7.3857000e-01   1.0339600e-01  -4.6694300e-01  -1.7983000e-02
   9.3949000e-02   4.8253300e-01   4.6845500e-01   7.3408800e-01   1.0872500e-01  -4.6972700e-01  -1.4861000e-02
   8.8794000e-02   4.8766300e-01   4.7130500e-01   7.2950100e-01   1.1422300e-01  -4.7243300e-01  -1.1545000e-02
   8.3762000e-02   4.9322400e-01   4.7382100e-01   7.2471200e-01   1.1988000e-01  -4.7504300e-01  -8.0260000e-03
   7.9095000e-02   4.9936100e-01   4.7583600e-01   7.1969600e-01   1.2568300e-01  -4.7754100e-01  -4.3120000e-03
   7.5176000e-02   5.0633400e-01   4.7707000e-01   7.1440800e-01   1.3161200e-01  -4.7990400e-01  -3.9900000e-04
   7.1199000e-02   5.1359700e-01   4.7802900e-01   7.0896900e-01   1.3763500e-01  -4.8210800e-01   3.7110000e-03
   6.7909000e-02   5.2164200e-01   4.7814400e-01   7.0331800e-01   1.4373000e-01  -4.8413400e-01   8.0130000e-03
   6.5484000e-02   5.3058800e-01   4.7724100e-01   6.9744500e-01   1.4987800e-01  -4.8596800e-01   1.2503000e-02
   6.3333000e-02   5.4004300e-01   4.7568100e-01   6.9142700e-01   1.5605300e-01  -4.8759000e-01   1.7189000e-02
   6.0795000e-02   5.4953800e-01   4.7390200e-01   6.8536800e-01   1.6221100e-01  -4.8897600e-01   2.2075000e-02
   5.8411000e-02   5.5938200e-01   4.7143800e-01   6.7928300e-01   1.6829600e-01  -4.9010400e-01   2.7140000e-02
   5.7306000e-02   5.7031500e-01   4.6730100e-01   6.7311700e-01   1.7423500e-01  -4.9095100e-01   3.2385000e-02
   4.9411000e-02   5.7669900e-01   4.6833000e-01   6.6756600e-01   1.7997700e-01  -4.9149900e-01   3.7822000e-02
   5.7098000e-02   5.8205600e-01   4.6165600e-01   6.6695200e-01   1.7997700e-01  -4.9149900e-01   3.7822000e-02
   5.6845000e-02   5.9390900e-01   4.5524900e-01   6.6090000e-01   1.8544100e-01  -4.9172400e-01   4.3462000e-02
   5.5404000e-02   6.0504000e-01   4.4914600e-01   6.5507700e-01   1.9055500e-01  -4.9161200e-01   4.9311000e-02
   5.3612000e-02   6.1598400e-01   4.4255400e-01   6.4948800e-01   1.9531200e-01  -4.9116500e-01   5.5348000e-02
   5.2368000e-02   6.2729700e-01   4.3463800e-01   6.4408500e-01   1.9972300e-01  -4.9039600e-01   6.1543000e-02
   5.2061000e-02   6.3918000e-01   4.2488900e-01   6.3891200e-01   2.0380400e-01  -4.8931100e-01   6.7874000e-02
   5.2740000e-02   6.5158300e-01   4.1319400e-01   6.3397900e-01   2.0752100e-01  -4.8790700e-01   7.4335000e-02
   5.3137000e-02   6.6358400e-01   4.0085300e-01   6.2940400e-01   2.1084900e-01  -4.8618300e-01   8.0905000e-02
   5.2774000e-02   6.7479500e-01   3.8849500e-01   6.2525100e-01   2.1374000e-01  -4.8414300e-01   8.7553000e-02
   5.0664000e-02   6.8460300e-01   3.7730400e-01   6.2160500e-01   2.1619900e-01  -4.8179500e-01   9.4258000e-02
   4.7900000e-02   6.9370100e-01   3.6618200e-01   6.1838200e-01   2.1822900e-01  -4.7914500e-01   1.0100400e-01
   4.5299000e-02   7.0255000e-01   3.5429200e-01   6.1550700e-01   2.1983000e-01  -4.7619700e-01   1.0777400e-01
   4.2738000e-02   7.1104100e-01   3.4185300e-01   6.1296800e-01   2.2098700e-01  -4.7295500e-01   1.1454800e-01
   3.9315000e-02   7.1864400e-01   3.2995600e-01   6.1084700e-01   2.2170100e-01  -4.6942900e-01   1.2130400e-01
   3.4905000e-02   7.2527300e-01   3.1888000e-01   6.0916000e-01   2.2198800e-01  -4.6564200e-01   1.2799100e-01
   3.0495000e-02   7.3147100e-01   3.0753400e-01   6.0781900e-01   2.2186600e-01  -4.6160600e-01   1.3459300e-01
   2.5437000e-02   7.3684600e-01   2.9679700e-01   6.0689600e-01   2.2137600e-01  -4.5736900e-01   1.4103900e-01
   2.0488000e-02   7.4178400e-01   2.8606800e-01   6.0622000e-01   2.2057000e-01  -4.5298600e-01   1.4727100e-01
   1.1292000e-02   7.5044200e-01   2.6445800e-01   6.0561700e-01   2.1819800e-01  -4.4395600e-01   1.5895400e-01
   7.4300000e-03   7.5434000e-01   2.5332700e-01   6.0559200e-01   2.1667000e-01  -4.3936500e-01   1.6438300e-01
   3.1970000e-03   7.5764200e-01   2.4304700e-01   6.0572000e-01   2.1491300e-01  -4.3471600e-01   1.6957200e-01
  -9.9500000e-04   7.6052500e-01   2.3317000e-01   6.0599800e-01   2.1298400e-01  -4.3005600e-01   1.7449000e-01
  -9.9040000e-03   7.6503100e-01   2.1527600e-01   6.0686500e-01   2.0864300e-01  -4.2065900e-01   1.8363500e-01
  -1.3799000e-02   7.6697800e-01   2.0629500e-01   6.0745000e-01   2.0627800e-01  -4.1596600e-01   1.8784800e-01
  -1.7449000e-02   7.6868100e-01   1.9742500e-01   6.0815200e-01   2.0381400e-01  -4.1129700e-01   1.9182000e-01
  -2.0519000e-02   7.7028900e-01   1.8821300e-01   6.0894100e-01   2.0130600e-01  -4.0666300e-01   1.9556700e-01
  -2.4278000e-02   7.7333600e-01   1.6786000e-01   6.1088900e-01   1.9615700e-01  -3.9752200e-01   2.0240200e-01
  -2.9386000e-02   7.7357500e-01   1.6232300e-01   6.1185700e-01   1.9356900e-01  -3.9305900e-01   2.0548500e-01
  -3.3220000e-02   7.7399300e-01   1.5564700e-01   6.1286700e-01   1.9096200e-01  -3.8866400e-01   2.0837100e-01
  -3.6629000e-02   7.7433800e-01   1.4893500e-01   6.1390300e-01   1.8830300e-01  -3.8433000e-01   2.1106600e-01
  -3.9677000e-02   7.7459100e-01   1.4218300e-01   6.1499500e-01   1.8562100e-01  -3.8006800e-01   2.1357400e-01
  -4.4253000e-02   7.7499400e-01   1.2805400e-01   6.1727400e-01   1.8023000e-01  -3.7175700e-01   2.1808100e-01
  -4.6586000e-02   7.7500600e-01   1.2168400e-01   6.1837600e-01   1.7754500e-01  -3.6770900e-01   2.2010500e-01
  -4.8785000e-02   7.7494200e-01   1.1553200e-01   6.1946500e-01   1.7490700e-01  -3.6375700e-01   2.2197800e-01
  -5.0601000e-02   7.7485900e-01   1.0930900e-01   6.2055200e-01   1.7231300e-01  -3.5990100e-01   2.2370800e-01
  -5.2290000e-02   7.7471600e-01   1.0327200e-01   6.2162400e-01   1.6979400e-01  -3.5615100e-01   2.2530400e-01
  -5.1344000e-02   7.7491100e-01   8.6922000e-02   6.2395600e-01   1.6503000e-01  -3.4899300e-01   2.2814000e-01
  -5.0189000e-02   7.7494500e-01   7.8356000e-02   6.2514200e-01   1.6279000e-01  -3.4559300e-01   2.2938700e-01
  -4.9866000e-02   7.7479800e-01   7.1103000e-02   6.2621500e-01   1.6064900e-01  -3.4230300e-01   2.3054000e-01
  -5.0700000e-02   7.7446000e-01   6.5580000e-02   6.2716900e-01   1.5861600e-01  -3.3915200e-01   2.3158900e-01
  -5.0766000e-02   7.7419700e-01   5.9411000e-02   6.2810200e-01   1.5668600e-01  -3.3610900e-01   2.3256600e-01
  -5.0463000e-02   7.7392800e-01   5.2989000e-02   6.2903200e-01   1.5480800e-01  -3.3312800e-01   2.3348000e-01
  -5.0055000e-02   7.7362500e-01   4.6731000e-02   6.2993300e-01   1.5294300e-01  -3.3020200e-01   2.3432700e-01
  -4.9945000e-02   7.7324500e-01   4.1113000e-02   6.3079900e-01   1.5107700e-01  -3.2732900e-01   2.3510500e-01
  -4.9051000e-02   7.7330300e-01   4.0017000e-02   6.3086900e-01   1.5107700e-01  -3.2732900e-01   2.3510500e-01
  -4.7282000e-02   7.7295500e-01   3.2656000e-02   6.3185300e-01   1.4920600e-01  -3.2451100e-01   2.3581300e-01
  -4.5385000e-02   7.7253200e-01   2.5409000e-02   6.3284100e-01   1.4732300e-01  -3.2174000e-01   2.3645400e-01
  -4.4197000e-02   7.7200400e-01   1.9294000e-02   6.3378600e-01   1.4543900e-01  -3.1903400e-01   2.3702400e-01
  -4.2912000e-02   7.7140600e-01   1.3318000e-02   6.3475500e-01   1.4354600e-01  -3.1638800e-01   2.3752200e-01
  -4.1081000e-02   7.7075200e-01   6.9350000e-03   6.3577200e-01   1.4165900e-01  -3.1381400e-01   2.3795100e-01
  -3.9375000e-02   7.7002500e-01   9.2500000e-04   6.3679700e-01   1.3978500e-01  -3.1131200e-01   2.3831400e-01
  -3.8512000e-02   7.6925500e-01  -3.8350000e-03   6.3776900e-01   1.3793700e-01  -3.0888700e-01   2.3861900e-01
  -3.7591000e-02   7.6840800e-01  -8.5700000e-03   6.3879800e-01   1.3617000e-01  -3.0659400e-01   2.3885500e-01
  -3.5951000e-02   7.6747800e-01  -1.4071000e-02   6.3991200e-01   1.3447700e-01  -3.0442400e-01   2.3902900e-01
  -3.4629000e-02   7.6650000e-01  -1.9054000e-02   6.4102700e-01   1.3285100e-01  -3.0236700e-01   2.3915100e-01
  -3.3825000e-02   7.6549900e-01  -2.3275000e-02   6.4212500e-01   1.3128400e-01  -3.0041400e-01   2.3922500e-01
  -3.2125000e-02   7.6442600e-01  -2.8407000e-02   6.4328400e-01   1.2975900e-01  -2.9855600e-01   2.3925300e-01
  -2.8863000e-02   7.6323500e-01  -3.5243000e-02   6.4451300e-01   1.2826500e-01  -2.9676800e-01   2.3924500e-01
  -2.5143000e-02   7.6195500e-01  -4.2438000e-02   6.4574900e-01   1.2679100e-01  -2.9504600e-01   2.3919800e-01
  -2.2995000e-02   7.6073000e-01  -4.7594000e-02   6.4691300e-01   1.2532900e-01  -2.9338300e-01   2.3911600e-01
  -2.1484000e-02   7.5952000e-01  -5.1876000e-02   6.4805700e-01   1.2388400e-01  -2.9177300e-01   2.3900300e-01
  -2.1484000e-02   7.5952000e-01  -5.1876000e-02   6.4805700e-01   1.2388400e-01  -2.9177300e-01   2.3900300e-01
  -2.0046000e-02   7.5828500e-01  -5.5976000e-02   6.4920700e-01   1.2245100e-01  -2.9020500e-01   2.3886000e-01
  -1.9364000e-02   7.5713000e-01  -5.9032000e-02   6.5030300e-01   1.2101100e-01  -2.8864800e-01   2.3869900e-01
  -2.0350000e-02   7.5613500e-01  -6.0044000e-02   6.5133700e-01   1.1957200e-01  -2.8710900e-01   2.3851800e-01
  -2.1953000e-02   7.5520000e-01  -6.0296000e-02   6.5234600e-01   1.1814900e-01  -2.8559300e-01   2.3831900e-01
  -2.3452000e-02   7.5425900e-01  -6.0669000e-02   6.5334800e-01   1.1676000e-01  -2.8410800e-01   2.3810900e-01
  -2.4528000e-02   7.5329500e-01  -6.1509000e-02   6.5434100e-01   1.1541900e-01  -2.8266400e-01   2.3789200e-01
  -2.5366000e-02   7.5235600e-01  -6.2572000e-02   6.5528700e-01   1.1414700e-01  -2.8127000e-01   2.3768000e-01
  -2.6679000e-02   7.5151400e-01  -6.3052000e-02   6.5615400e-01   1.1295900e-01  -2.7993900e-01   2.3747800e-01
  -2.8351000e-02   7.5076500e-01  -6.3079000e-02   6.5694000e-01   1.1186500e-01  -2.7868000e-01   2.3728900e-01
  -2.9460000e-02   7.5003900e-01  -6.3653000e-02   6.5766400e-01   1.1086200e-01  -2.7749500e-01   2.3711700e-01
  -3.0208000e-02   7.4935100e-01  -6.4533000e-02   6.5832800e-01   1.0995200e-01  -2.7639100e-01   2.3696200e-01
  -3.0912000e-02   7.4872900e-01  -6.5360000e-02   6.5892200e-01   1.0912800e-01  -2.7536700e-01   2.3682400e-01
  -3.1524000e-02   7.4816000e-01  -6.6167000e-02   6.5945800e-01   1.0838500e-01  -2.7442900e-01   2.3669600e-01
  -3.2248000e-02   7.4763400e-01  -6.6783000e-02   6.5995700e-01   1.0772800e-01  -2.7359300e-01   2.3657500e-01
  -3.2949000e-02   7.4714500e-01  -6.7333000e-02   6.6042000e-01   1.0713700e-01  -2.7283800e-01   2.3646000e-01
  -3.3750000e-02   7.4671000e-01  -6.7657000e-02   6.6083900e-01   1.0660300e-01  -2.7215800e-01   2.3635100e-01
  -3.4768000e-02   7.4589000e-01  -6.8686000e-02   6.6160500e-01   1.0566300e-01  -2.7096200e-01   2.3614800e-01
  -3.4989000e-02   7.4550000e-01  -6.9384000e-02   6.6196100e-01   1.0524100e-01  -2.7043600e-01   2.3605200e-01
  -3.4976000e-02   7.4511200e-01  -7.0243000e-02   6.6230700e-01   1.0484200e-01  -2.6995200e-01   2.3595700e-01
  -3.5038000e-02   7.4475500e-01  -7.0917000e-02   6.6263300e-01   1.0447300e-01  -2.6952400e-01   2.3586000e-01
  -3.4979000e-02   7.4406600e-01  -7.2265000e-02   6.6326400e-01   1.0378000e-01  -2.6876500e-01   2.3566100e-01
  -3.5317000e-02   7.4377900e-01  -7.2449000e-02   6.6354900e-01   1.0345200e-01  -2.6842400e-01   2.3556100e-01
  -3.5548000e-02   7.4349500e-01  -7.2740000e-02   6.6382300e-01   1.0314500e-01  -2.6810000e-01   2.3546600e-01
  -3.5805000e-02   7.4322600e-01  -7.2987000e-02   6.6408200e-01   1.0285800e-01  -2.6779500e-01   2.3537600e-01
  -3.6224000e-02   7.4300100e-01  -7.3027000e-02   6.6430700e-01   1.0259100e-01  -2.6750100e-01   2.3529600e-01
  -3.7009000e-02   7.4262700e-01  -7.3117000e-02   6.6467200e-01   1.0213500e-01  -2.6695600e-01   2.3517100e-01
  -3.7049000e-02   7.4244800e-01  -7.3489000e-02   6.6482900e-01   1.0193500e-01  -2.6670100e-01   2.3512300e-01
  -3.7033000e-02   7.4228900e-01  -7.3887000e-02   6.6496300e-01   1.0175300e-01  -2.6645900e-01   2.3508300e-01
  -3.6793000e-02   7.4210200e-01  -7.4545000e-02   6.6511200e-01   1.0159600e-01  -2.6624600e-01   2.3504600e-01
  -3.6669000e-02   7.4194100e-01  -7.5058000e-02   6.6524100e-01   1.0145900e-01  -2.6605500e-01   2.3501400e-01
  -3.6731000e-02   7.4168500e-01  -7.5710000e-02   6.6544900e-01   1.0122500e-01  -2.6570300e-01   2.3496500e-01
  -3.6849000e-02   7.4155900e-01  -7.5939000e-02   6.6555700e-01   1.0112500e-01  -2.6555700e-01   2.3493800e-01
  -3.6760000e-02   7.4141400e-01  -7.6400000e-02   6.6567100e-01   1.0104000e-01  -2.6542400e-01   2.3491400e-01
  -3.6500000e-02   7.4124600e-01  -7.7065000e-02   6.6579500e-01   1.0095600e-01  -2.6529100e-01   2.3489100e-01
  -3.6435000e-02   7.4108600e-01  -7.7557000e-02   6.6592000e-01   1.0088100e-01  -2.6516300e-01   2.3486800e-01
  -3.6391000e-02   7.4092100e-01  -7.8064000e-02   6.6604700e-01   1.0080900e-01  -2.6503100e-01   2.3484700e-01
  -3.5919000e-02   7.4068400e-01  -7.9077000e-02   6.6621600e-01   1.0073200e-01  -2.6489900e-01   2.3482000e-01
  -3.5582000e-02   7.4044200e-01  -7.9992000e-02   6.6639400e-01   1.0064100e-01  -2.6474700e-01   2.3478800e-01
  -3.5658000e-02   7.4023600e-01  -8.0471000e-02   6.6656100e-01   1.0054000e-01  -2.6458300e-01   2.3475400e-01
  -3.6254000e-02   7.4006000e-01  -8.0435000e-02   6.6672900e-01   1.0043400e-01  -2.6441800e-01   2.3471100e-01
  -3.6794000e-02   7.3985700e-01  -8.0492000e-02   6.6691800e-01   1.0031700e-01  -2.6424600e-01   2.3466300e-01
  -3.7182000e-02   7.3962000e-01  -8.0750000e-02   6.6712700e-01   1.0018800e-01  -2.6405800e-01   2.3461000e-01
  -3.7262000e-02   7.3930000e-01  -8.1432000e-02   6.6739500e-01   1.0004900e-01  -2.6386600e-01   2.3454600e-01
  -3.7547000e-02   7.3900200e-01  -8.1896000e-02   6.6765200e-01   9.9892000e-02  -2.6365000e-01   2.3448000e-01
  -3.7889000e-02   7.3870400e-01  -8.2332000e-02   6.6790900e-01   9.9723000e-02  -2.6340800e-01   2.3441400e-01
  -3.8414000e-02   7.3843700e-01  -8.2559000e-02   6.6814600e-01   9.9546000e-02  -2.6315200e-01   2.3435000e-01
  -3.8468000e-02   7.3812200e-01  -8.3318000e-02   6.6839700e-01   9.9376000e-02  -2.6288800e-01   2.3429200e-01
  -3.8428000e-02   7.3782900e-01  -8.4163000e-02   6.6861700e-01   9.9221000e-02  -2.6261800e-01   2.3424900e-01
  -3.8489000e-02   7.3759900e-01  -8.4843000e-02   6.6878100e-01   9.9076000e-02  -2.6233500e-01   2.3422100e-01
  -3.8198000e-02   7.3737100e-01  -8.5855000e-02   6.6892000e-01   9.8946000e-02  -2.6204900e-01   2.3420900e-01
  -3.7807000e-02   7.3717000e-01  -8.6951000e-02   6.6902200e-01   9.8835000e-02  -2.6175800e-01   2.3421400e-01
  -3.7457000e-02   7.3701100e-01  -8.7977000e-02   6.6908300e-01   9.8746000e-02  -2.6147100e-01   2.3423400e-01
  -3.7641000e-02   7.3693900e-01  -8.8406000e-02   6.6909500e-01   9.8683000e-02  -2.6120200e-01   2.3426300e-01
  -3.6824000e-02   7.3683100e-01  -8.9305000e-02   6.6914000e-01   9.8683000e-02  -2.6120200e-01   2.3426300e-01
  -3.6001000e-02   7.3662900e-01  -9.0860000e-02   6.6919800e-01   9.8648000e-02  -2.6095700e-01   2.3430100e-01
  -3.5604000e-02   7.3646500e-01  -9.2000000e-02   6.6924400e-01   9.8646000e-02  -2.6074800e-01   2.3434200e-01
  -3.5787000e-02   7.3635500e-01  -9.2586000e-02   6.6927400e-01   9.8687000e-02  -2.6058100e-01   2.3438900e-01
  -3.7081000e-02   7.3632300e-01  -9.2077000e-02   6.6931000e-01   9.8773000e-02  -2.6048900e-01   2.3442500e-01
  -3.8766000e-02   7.3623800e-01  -9.1299000e-02   6.6941400e-01   9.8900000e-02  -2.6047800e-01   2.3444200e-01
  -4.0087000e-02   7.3602100e-01  -9.1053000e-02   6.6960800e-01   9.9064000e-02  -2.6053500e-01   2.3444600e-01
  -4.1299000e-02   7.3570900e-01  -9.1050000e-02   6.6987800e-01   9.9250000e-02  -2.6063900e-01   2.3443600e-01
  -4.3029000e-02   7.3543800e-01  -9.0544000e-02   6.7013500e-01   9.9457000e-02  -2.6076500e-01   2.3442500e-01
