   2.0270900e-01  -1.3409500e-01  -2.1521000e-02   9.6977600e-01   1.6722400e-01  -2.2990700e-01   3.1834000e-02
   2.0428600e-01  -1.3048700e-01  -2.2054000e-02   9.6992500e-01   1.6771800e-01  -2.2993500e-01   3.3140000e-02
   2.0656600e-01  -1.2729800e-01  -2.2518000e-02   9.6985500e-01   1.6813500e-01  -2.2999700e-01   3.4346000e-02
   2.0902500e-01  -1.2443900e-01  -2.3002000e-02   9.6968800e-01   1.6849200e-01  -2.3009500e-01   3.5472000e-02
   2.1177900e-01  -1.2189300e-01  -2.3493000e-02   9.6940200e-01   1.6879300e-01  -2.3022800e-01   3.6520000e-02
   2.1398300e-01  -1.1965700e-01  -2.4060000e-02   9.6918300e-01   1.6903900e-01  -2.3038200e-01   3.7489000e-02
   2.1491600e-01  -1.1769800e-01  -2.4804000e-02   9.6919700e-01   1.6922900e-01  -2.3056400e-01   3.8395000e-02
   2.1513800e-01  -1.1600700e-01  -2.5686000e-02   9.6932900e-01   1.6936300e-01  -2.3078400e-01   3.9258000e-02
   2.1618700e-01  -1.1462900e-01  -2.6553000e-02   9.6923600e-01   1.6943600e-01  -2.3105800e-01   4.0098000e-02
   2.1661700e-01  -1.1351500e-01  -2.7582000e-02   9.6924200e-01   1.6944400e-01  -2.3138300e-01   4.0934000e-02
   2.1716000e-01  -1.1273300e-01  -2.8702000e-02   9.6918000e-01   1.6937200e-01  -2.3176500e-01   4.1789000e-02
   2.1736800e-01  -1.1226900e-01  -2.9971000e-02   9.6914800e-01   1.6920800e-01  -2.3220600e-01   4.2691000e-02
   2.1760200e-01  -1.1213900e-01  -3.1369000e-02   9.6906700e-01   1.6894400e-01  -2.3271100e-01   4.3664000e-02
   2.1773600e-01  -1.1235700e-01  -3.2928000e-02   9.6896000e-01   1.6857000e-01  -2.3328700e-01   4.4715000e-02
   2.1719500e-01  -1.1291700e-01  -3.4735000e-02   9.6895300e-01   1.6807300e-01  -2.3394000e-01   4.5864000e-02
   2.1599200e-01  -1.1381400e-01  -3.6837000e-02   9.6903900e-01   1.6744500e-01  -2.3468800e-01   4.7120000e-02
   2.1477700e-01  -1.1504200e-01  -3.9176000e-02   9.6907200e-01   1.6668200e-01  -2.3553300e-01   4.8490000e-02
   2.1351900e-01  -1.1658600e-01  -4.1779000e-02   9.6905700e-01   1.6577600e-01  -2.3648100e-01   4.9984000e-02
   2.1164200e-01  -1.1843000e-01  -4.4724000e-02   9.6911400e-01   1.6471600e-01  -2.3753200e-01   5.1598000e-02
   2.1445700e-01  -1.2083300e-01  -4.7375000e-02   9.6807200e-01   1.6348700e-01  -2.3869300e-01   5.3337000e-02
   2.0835700e-01  -1.2053300e-01  -4.8135000e-02   9.6940300e-01   1.6348700e-01  -2.3869300e-01   5.3337000e-02
   2.0461500e-01  -1.2294000e-01  -5.1934000e-02   9.6970200e-01   1.6207500e-01  -2.3997300e-01   5.5192000e-02
   2.0073400e-01  -1.2563700e-01  -5.6098000e-02   9.6993500e-01   1.6047700e-01  -2.4137400e-01   5.7153000e-02
   1.9589300e-01  -1.2856300e-01  -6.0736000e-02   9.7026200e-01   1.5868400e-01  -2.4289200e-01   5.9204000e-02
   1.9055700e-01  -1.3174200e-01  -6.5831000e-02   9.7056600e-01   1.5668500e-01  -2.4454100e-01   6.1328000e-02
   1.8559500e-01  -1.3519200e-01  -7.1312000e-02   9.7066600e-01   1.5447200e-01  -2.4633200e-01   6.3519000e-02
   1.8159000e-01  -1.3895500e-01  -7.7131000e-02   9.7044700e-01   1.5204100e-01  -2.4828100e-01   6.5754000e-02
   1.7742900e-01  -1.4297700e-01  -8.3463000e-02   9.7010800e-01   1.4937000e-01  -2.5039400e-01   6.8019000e-02
   1.7217900e-01  -1.4713800e-01  -9.0489000e-02   9.6980200e-01   1.4645700e-01  -2.5268300e-01   7.0296000e-02
   1.6685000e-01  -1.5151600e-01  -9.8098000e-02   9.6932000e-01   1.4328800e-01  -2.5515800e-01   7.2566000e-02
   1.6170800e-01  -1.5612100e-01  -1.0626800e-01   9.6859900e-01   1.3985800e-01  -2.5782600e-01   7.4809000e-02
   1.5628600e-01  -1.6090200e-01  -1.1508900e-01   9.6769800e-01   1.3616100e-01  -2.6069100e-01   7.6996000e-02
   1.5110900e-01  -1.6591200e-01  -1.2446000e-01   9.6651400e-01   1.3218600e-01  -2.6374100e-01   7.9119000e-02
   1.4729700e-01  -1.7128700e-01  -1.3419000e-01   9.6486100e-01   1.2792700e-01  -2.6697800e-01   8.1166000e-02
   1.4438500e-01  -1.7701200e-01  -1.4430200e-01   9.6280700e-01   1.2338100e-01  -2.7038300e-01   8.3111000e-02
   1.4138300e-01  -1.8293100e-01  -1.5494700e-01   9.6048900e-01   1.1855200e-01  -2.7394400e-01   8.4943000e-02
   1.3681200e-01  -1.8875000e-01  -1.6638400e-01   9.5810900e-01   1.1344800e-01  -2.7764300e-01   8.6654000e-02
   1.3151500e-01  -1.9455300e-01  -1.7853300e-01   9.5549900e-01   1.0806300e-01  -2.8150300e-01   8.8238000e-02
   1.2719700e-01  -2.0063800e-01  -1.9100100e-01   9.5241000e-01   1.0241700e-01  -2.8550300e-01   8.9668000e-02
   1.2645100e-01  -2.1432400e-01  -2.1469000e-01   9.4444900e-01   9.0727000e-02  -2.9352300e-01   9.2096000e-02
   1.2497900e-01  -2.2087600e-01  -2.2680600e-01   9.4029400e-01   8.4743000e-02  -2.9747900e-01   9.3103000e-02
   1.2613100e-01  -2.2811000e-01  -2.3821300e-01   9.3558100e-01   7.8665000e-02  -3.0135400e-01   9.3972000e-02
   1.2706500e-01  -2.3529300e-01  -2.4938100e-01   9.3075300e-01   7.2542000e-02  -3.0519100e-01   9.4720000e-02
   1.2706500e-01  -2.3529300e-01  -2.4938100e-01   9.3075300e-01   7.2542000e-02  -3.0519100e-01   9.4720000e-02
   1.2706500e-01  -2.3529300e-01  -2.4938100e-01   9.3075300e-01   7.2542000e-02  -3.0519100e-01   9.4720000e-02
   1.2706500e-01  -2.3529300e-01  -2.4938100e-01   9.3075300e-01   7.2542000e-02  -3.0519100e-01   9.4720000e-02
   1.2706500e-01  -2.3529300e-01  -2.4938100e-01   9.3075300e-01   7.2542000e-02  -3.0519100e-01   9.4720000e-02
   1.2706500e-01  -2.3529300e-01  -2.4938100e-01   9.3075300e-01   7.2542000e-02  -3.0519100e-01   9.4720000e-02
   1.2706500e-01  -2.3529300e-01  -2.4938100e-01   9.3075300e-01   7.2542000e-02  -3.0519100e-01   9.4720000e-02
   1.2706500e-01  -2.3529300e-01  -2.4938100e-01   9.3075300e-01   7.2542000e-02  -3.0519100e-01   9.4720000e-02
   1.2706500e-01  -2.3529300e-01  -2.4938100e-01   9.3075300e-01   7.2542000e-02  -3.0519100e-01   9.4720000e-02
   1.2706500e-01  -2.3529300e-01  -2.4938100e-01   9.3075300e-01   7.2542000e-02  -3.0519100e-01   9.4720000e-02
   1.2706500e-01  -2.3529300e-01  -2.4938100e-01   9.3075300e-01   7.2542000e-02  -3.0519100e-01   9.4720000e-02
   1.2706500e-01  -2.3529300e-01  -2.4938100e-01   9.3075300e-01   7.2542000e-02  -3.0519100e-01   9.4720000e-02
   1.2706500e-01  -2.3529300e-01  -2.4938100e-01   9.3075300e-01   7.2542000e-02  -3.0519100e-01   9.4720000e-02
   1.2706500e-01  -2.3529300e-01  -2.4938100e-01   9.3075300e-01   7.2542000e-02  -3.0519100e-01   9.4720000e-02
   1.2706500e-01  -2.3529300e-01  -2.4938100e-01   9.3075300e-01   7.2542000e-02  -3.0519100e-01   9.4720000e-02
   1.2706500e-01  -2.3529300e-01  -2.4938100e-01   9.3075300e-01   7.2542000e-02  -3.0519100e-01   9.4720000e-02
   1.2706500e-01  -2.3529300e-01  -2.4938100e-01   9.3075300e-01   7.2542000e-02  -3.0519100e-01   9.4720000e-02
   1.2706500e-01  -2.3529300e-01  -2.4938100e-01   9.3075300e-01   7.2542000e-02  -3.0519100e-01   9.4720000e-02
   1.2706500e-01  -2.3529300e-01  -2.4938100e-01   9.3075300e-01   7.2542000e-02  -3.0519100e-01   9.4720000e-02
   1.2706500e-01  -2.3529300e-01  -2.4938100e-01   9.3075300e-01   7.2542000e-02  -3.0519100e-01   9.4720000e-02
   1.2706500e-01  -2.3529300e-01  -2.4938100e-01   9.3075300e-01   7.2542000e-02  -3.0519100e-01   9.4720000e-02
   1.2706500e-01  -2.3529300e-01  -2.4938100e-01   9.3075300e-01   7.2542000e-02  -3.0519100e-01   9.4720000e-02
   1.2706500e-01  -2.3529300e-01  -2.4938100e-01   9.3075300e-01   7.2542000e-02  -3.0519100e-01   9.4720000e-02
   1.2706500e-01  -2.3529300e-01  -2.4938100e-01   9.3075300e-01   7.2542000e-02  -3.0519100e-01   9.4720000e-02
   1.2706500e-01  -2.3529300e-01  -2.4938100e-01   9.3075300e-01   7.2542000e-02  -3.0519100e-01   9.4720000e-02
   1.2706500e-01  -2.3529300e-01  -2.4938100e-01   9.3075300e-01   7.2542000e-02  -3.0519100e-01   9.4720000e-02
   1.2706500e-01  -2.3529300e-01  -2.4938100e-01   9.3075300e-01   7.2542000e-02  -3.0519100e-01   9.4720000e-02
   1.2706500e-01  -2.3529300e-01  -2.4938100e-01   9.3075300e-01   7.2542000e-02  -3.0519100e-01   9.4720000e-02
   1.2706500e-01  -2.3529300e-01  -2.4938100e-01   9.3075300e-01   7.2542000e-02  -3.0519100e-01   9.4720000e-02
   1.2706500e-01  -2.3529300e-01  -2.4938100e-01   9.3075300e-01   7.2542000e-02  -3.0519100e-01   9.4720000e-02
   1.2706500e-01  -2.3529300e-01  -2.4938100e-01   9.3075300e-01   7.2542000e-02  -3.0519100e-01   9.4720000e-02
   1.2706500e-01  -2.3529300e-01  -2.4938100e-01   9.3075300e-01   7.2542000e-02  -3.0519100e-01   9.4720000e-02
   1.2706500e-01  -2.3529300e-01  -2.4938100e-01   9.3075300e-01   7.2542000e-02  -3.0519100e-01   9.4720000e-02
   1.2706500e-01  -2.3529300e-01  -2.4938100e-01   9.3075300e-01   7.2542000e-02  -3.0519100e-01   9.4720000e-02
   1.2706500e-01  -2.3529300e-01  -2.4938100e-01   9.3075300e-01   7.2542000e-02  -3.0519100e-01   9.4720000e-02
   1.2706500e-01  -2.3529300e-01  -2.4938100e-01   9.3075300e-01   7.2542000e-02  -3.0519100e-01   9.4720000e-02
   1.2706500e-01  -2.3529300e-01  -2.4938100e-01   9.3075300e-01   7.2542000e-02  -3.0519100e-01   9.4720000e-02
   1.2706500e-01  -2.3529300e-01  -2.4938100e-01   9.3075300e-01   7.2542000e-02  -3.0519100e-01   9.4720000e-02
   7.3428000e-02  -4.9725500e-01  -5.2377000e-01   6.8775800e-01  -1.7569000e-01  -4.9717500e-01   2.1193000e-02
   7.1660000e-02  -5.1160800e-01  -5.1900800e-01   6.8099400e-01  -1.8105100e-01  -4.9846100e-01   1.3603000e-02
   7.0490000e-02  -5.2674000e-01  -5.1259500e-01   6.7440500e-01  -1.8606300e-01  -4.9935500e-01   5.6620000e-03
   7.0309000e-02  -5.4290100e-01  -5.0413700e-01   6.6795300e-01  -1.9071500e-01  -4.9984700e-01  -2.6260000e-03
   6.9044000e-02  -5.5846800e-01  -4.9527000e-01   6.6185600e-01  -1.9497300e-01  -4.9991600e-01  -1.1261000e-02
   6.6898000e-02  -5.7352800e-01  -4.8591500e-01   6.5610700e-01  -1.9884600e-01  -4.9955400e-01  -2.0208000e-02
   6.5086000e-02  -5.8892400e-01  -4.7507700e-01   6.5056500e-01  -2.0235000e-01  -4.9875300e-01  -2.9433000e-02
   6.3796000e-02  -6.0471600e-01  -4.6257500e-01   6.4519200e-01  -2.0548300e-01  -4.9750000e-01  -3.8910000e-02
   6.1848000e-02  -6.1998300e-01  -4.4951200e-01   6.4010500e-01  -2.0827200e-01  -4.9578500e-01  -4.8603000e-02
   5.4637000e-02  -6.3151300e-01  -4.4055300e-01   6.3570400e-01  -2.1077300e-01  -4.9361100e-01  -5.8460000e-02
   6.0104000e-02  -6.3528000e-01  -4.3510400e-01   6.3521000e-01  -2.1077300e-01  -4.9361100e-01  -5.8460000e-02
   5.8112000e-02  -6.5020000e-01  -4.1988200e-01   6.3052500e-01  -2.1299400e-01  -4.9097500e-01  -6.8428000e-02
   5.5692000e-02  -6.6457300e-01  -4.0413100e-01   6.2603500e-01  -2.1494600e-01  -4.8787500e-01  -7.8464000e-02
   5.5640000e-02  -6.8009400e-01  -3.8487500e-01   6.2148800e-01  -2.1664800e-01  -4.8431200e-01  -8.8523000e-02
   5.2511000e-02  -6.9337400e-01  -3.6790500e-01   6.1735100e-01  -2.1810900e-01  -4.8025600e-01  -9.8638000e-02
   5.0091000e-02  -7.0655300e-01  -3.4961100e-01   6.1322600e-01  -2.1934900e-01  -4.7578400e-01  -1.0862000e-01
   4.6602000e-02  -7.1858000e-01  -3.3199300e-01   6.0930400e-01  -2.2042300e-01  -4.7091500e-01  -1.1843600e-01
   4.3372000e-02  -7.3019600e-01  -3.1363500e-01   6.0544700e-01  -2.2131100e-01  -4.6566100e-01  -1.2806700e-01
   4.0109000e-02  -7.4119300e-01  -2.9497800e-01   6.0167500e-01  -2.2200800e-01  -4.6004300e-01  -1.3748600e-01
   3.5606000e-02  -7.5096400e-01  -2.7771100e-01   5.9804800e-01  -2.2251900e-01  -4.5409800e-01  -1.4664500e-01
   3.0110000e-02  -7.5969300e-01  -2.6171200e-01   5.9453000e-01  -2.2285700e-01  -4.4786400e-01  -1.5551600e-01
   2.5447000e-02  -7.6820000e-01  -2.4473700e-01   5.9103700e-01  -2.2302500e-01  -4.4136700e-01  -1.6408500e-01
   2.1622000e-02  -7.7641500e-01  -2.2688000e-01   5.8757000e-01  -2.2298500e-01  -4.3462800e-01  -1.7234600e-01
   1.6642000e-02  -7.8345300e-01  -2.1084300e-01   5.8435400e-01  -2.2279000e-01  -4.2774600e-01  -1.8020800e-01
   7.2730000e-03  -7.9568400e-01  -1.7982800e-01   5.7835700e-01  -2.2199900e-01  -4.1382100e-01  -1.9462600e-01
  -1.1150000e-03  -7.9972500e-01  -1.7066900e-01   5.7559500e-01  -2.2142200e-01  -4.0689100e-01  -2.0115800e-01
  -6.8780000e-03  -8.0400500e-01  -1.5890900e-01   5.7295400e-01  -2.2076100e-01  -4.0008200e-01  -2.0721200e-01
  -1.2555000e-02  -8.0784000e-01  -1.4795700e-01   5.7039000e-01  -2.2000500e-01  -3.9335300e-01  -2.1287000e-01
  -2.0603000e-02  -8.1488100e-01  -1.2424000e-01   5.6578200e-01  -2.1824000e-01  -3.8032600e-01  -2.2297100e-01
  -2.6912000e-02  -8.1725900e-01  -1.1704900e-01   5.6361700e-01  -2.1721700e-01  -3.7403300e-01  -2.2747400e-01
  -3.1348000e-02  -8.1970400e-01  -1.0802200e-01   5.6163500e-01  -2.1612100e-01  -3.6788200e-01  -2.3165600e-01
  -3.5635000e-02  -8.2187400e-01  -9.9531000e-02   5.5977400e-01  -2.1493700e-01  -3.6184000e-01  -2.3555900e-01
  -4.0021000e-02  -8.2369600e-01  -9.1914000e-02   5.5810000e-01  -2.1367500e-01  -3.5596400e-01  -2.3915900e-01
  -4.5495000e-02  -8.2692900e-01  -7.3785000e-02   5.5558400e-01  -2.1092600e-01  -3.4469800e-01  -2.4553200e-01
  -5.0694000e-02  -8.2779300e-01  -6.9314000e-02   5.5442200e-01  -2.0942000e-01  -3.3930100e-01  -2.4833900e-01
  -5.3599000e-02  -8.2869300e-01  -6.2050000e-02   5.5366600e-01  -2.0784500e-01  -3.3409800e-01  -2.5089400e-01
  -5.6946000e-02  -8.2932400e-01  -5.6074000e-02   5.5302200e-01  -2.0619900e-01  -3.2906400e-01  -2.5322900e-01
  -5.9999000e-02  -8.2975800e-01  -5.0266000e-02   5.5260700e-01  -2.0448800e-01  -3.2423400e-01  -2.5533500e-01
  -6.2524000e-02  -8.3003900e-01  -4.4236000e-02   5.5242100e-01  -2.0270000e-01  -3.1957600e-01  -2.5724000e-01
  -6.5866000e-02  -8.3017000e-01  -3.1279000e-02   5.5272100e-01  -1.9892400e-01  -3.1078100e-01  -2.6049500e-01
  -6.6900000e-02  -8.2999400e-01  -2.4541000e-02   5.5320200e-01  -1.9694400e-01  -3.0663000e-01  -2.6186600e-01
  -6.7370000e-02  -8.2966500e-01  -1.7399000e-02   5.5390800e-01  -1.9492800e-01  -3.0265900e-01  -2.6307500e-01
  -6.8159000e-02  -8.2918800e-01  -1.1201000e-02   5.5468600e-01  -1.9288100e-01  -2.9884900e-01  -2.6414100e-01
  -6.9014000e-02  -8.2860200e-01  -5.5510000e-03   5.5554000e-01  -1.9081300e-01  -2.9519100e-01  -2.6507900e-01
  -6.9595000e-02  -8.2792900e-01   1.0600000e-04   5.5649800e-01  -1.8874400e-01  -2.9168200e-01  -2.6589900e-01
  -6.9730000e-02  -8.2714500e-01   6.1170000e-03   5.5761300e-01  -1.8665600e-01  -2.8830300e-01  -2.6660600e-01
  -7.0007000e-02  -8.2624500e-01   1.1677000e-02   5.5882300e-01  -1.8454100e-01  -2.8503400e-01  -2.6721000e-01
  -7.0834000e-02  -8.2524500e-01   1.6199000e-02   5.6008200e-01  -1.8239300e-01  -2.8187500e-01  -2.6771100e-01
  -7.1879000e-02  -8.2415700e-01   2.0200000e-02   5.6141800e-01  -1.8022600e-01  -2.7882500e-01  -2.6811600e-01
  -7.2749000e-02  -8.2297600e-01   2.4282000e-02   5.6287500e-01  -1.7804900e-01  -2.7588900e-01  -2.6842800e-01
  -7.3210000e-02  -8.2170500e-01   2.8736000e-02   5.6446100e-01  -1.7587600e-01  -2.7307800e-01  -2.6865300e-01
  -7.3140000e-02  -8.2033300e-01   3.3746000e-02   5.6618500e-01  -1.7370500e-01  -2.7038400e-01  -2.6879700e-01
  -7.3395000e-02  -8.2034800e-01   3.3377000e-02   5.6615200e-01  -1.7370500e-01  -2.7038400e-01  -2.6879700e-01
  -7.3516000e-02  -8.1892100e-01   3.7887000e-02   5.6791600e-01  -1.7153400e-01  -2.6780400e-01  -2.6886300e-01
  -7.3444000e-02  -8.1742800e-01   4.2446000e-02   5.6975100e-01  -1.6937300e-01  -2.6533600e-01  -2.6886000e-01
  -7.3158000e-02  -8.1587200e-01   4.7087000e-02   5.7164900e-01  -1.6722300e-01  -2.6297400e-01  -2.6879400e-01
  -7.2702000e-02  -8.1426200e-01   5.1757000e-02   5.7359700e-01  -1.6508700e-01  -2.6071000e-01  -2.6866900e-01
  -7.3173000e-02  -8.1268500e-01   5.4910000e-02   5.7547700e-01  -1.6295100e-01  -2.5854500e-01  -2.6848300e-01
  -7.4307000e-02  -8.1113800e-01   5.6938000e-02   5.7731400e-01  -1.6081200e-01  -2.5647000e-01  -2.6824000e-01
  -7.5266000e-02  -8.0954400e-01   5.9041000e-02   5.7921200e-01  -1.5866500e-01  -2.5447300e-01  -2.6794300e-01
  -7.5491000e-02  -8.0786700e-01   6.1956000e-02   5.8121800e-01  -1.5651700e-01  -2.5254800e-01  -2.6760100e-01
  -7.5427000e-02  -8.0611300e-01   6.4987000e-02   5.8332700e-01  -1.5436800e-01  -2.5070400e-01  -2.6729500e-01
  -7.6110000e-02  -8.0329100e-01   6.5614000e-02   5.8704800e-01  -1.5166000e-01  -2.4920800e-01  -2.6798600e-01
  -7.7461000e-02  -8.0013500e-01   6.4679000e-02   5.9127000e-01  -1.4877900e-01  -2.4788800e-01  -2.6906300e-01
  -7.7882000e-02  -7.9663400e-01   6.4508000e-02   5.9594300e-01  -1.4577700e-01  -2.4671200e-01  -2.7029800e-01
  -7.6767000e-02  -7.9284600e-01   6.5981000e-02   6.0095600e-01  -1.4271000e-01  -2.4564600e-01  -2.7158400e-01
  -7.6444000e-02  -7.8908500e-01   6.6092000e-02   6.0591500e-01  -1.3962400e-01  -2.4468400e-01  -2.7286200e-01
  -7.6620000e-02  -7.8537000e-01   6.5303000e-02   6.1078600e-01  -1.3654400e-01  -2.4382400e-01  -2.7408400e-01
  -7.7035000e-02  -7.8169300e-01   6.3989000e-02   6.1557100e-01  -1.3348400e-01  -2.4306300e-01  -2.7523600e-01
  -7.7035000e-02  -7.8169300e-01   6.3989000e-02   6.1557100e-01  -1.3348400e-01  -2.4306300e-01  -2.7523600e-01
  -7.6649000e-02  -7.7796800e-01   6.3480000e-02   6.2037200e-01  -1.3046800e-01  -2.4241000e-01  -2.7631600e-01
  -7.5780000e-02  -7.7423900e-01   6.3387000e-02   6.2513500e-01  -1.2750500e-01  -2.4186100e-01  -2.7731900e-01
  -7.5508000e-02  -7.7063700e-01   6.2400000e-02   6.2970100e-01  -1.2461300e-01  -2.4141400e-01  -2.7823900e-01
  -7.5669000e-02  -7.6715600e-01   6.0752000e-02   6.3407900e-01  -1.2180400e-01  -2.4107300e-01  -2.7907700e-01
  -7.5646000e-02  -7.6375000e-01   5.9218000e-02   6.3832300e-01  -1.1909400e-01  -2.4082900e-01  -2.7984600e-01
  -7.5653000e-02  -7.6044600e-01   5.7571000e-02   6.4240500e-01  -1.1648800e-01  -2.4067400e-01  -2.8055200e-01
  -7.5156000e-02  -7.5721700e-01   5.6453000e-02   6.4636500e-01  -1.1399900e-01  -2.4060200e-01  -2.8119400e-01
  -7.4753000e-02  -7.5413100e-01   5.5154000e-02   6.5012000e-01  -1.1163600e-01  -2.4060500e-01  -2.8178700e-01
  -7.4488000e-02  -7.5118100e-01   5.3657000e-02   6.5368100e-01  -1.0939700e-01  -2.4067600e-01  -2.8233800e-01
  -7.4268000e-02  -7.4575400e-01   5.0270000e-02   6.6015800e-01  -1.0532800e-01  -2.4098100e-01  -2.8333600e-01
  -7.4027000e-02  -7.4328300e-01   4.8779000e-02   6.6307700e-01  -1.0351700e-01  -2.4118600e-01  -2.8378500e-01
  -7.3831000e-02  -7.4097900e-01   4.7268000e-02   6.6578100e-01  -1.0184600e-01  -2.4141700e-01  -2.8421300e-01
  -7.3440000e-02  -7.3882800e-01   4.5993000e-02   6.6829900e-01  -1.0031000e-01  -2.4167500e-01  -2.8461500e-01
  -7.2835000e-02  -7.3683000e-01   4.4970000e-02   6.7063700e-01  -9.8902000e-02  -2.4195000e-01  -2.8499400e-01
  -7.2242000e-02  -7.3333900e-01   4.2346000e-02   6.7468700e-01  -9.6436000e-02  -2.4253100e-01  -2.8568100e-01
  -7.1875000e-02  -7.3180000e-01   4.1150000e-02   6.7646900e-01  -9.5360000e-02  -2.4283700e-01  -2.8599200e-01
  -7.1278000e-02  -7.3039000e-01   4.0215000e-02   6.7810900e-01  -9.4387000e-02  -2.4315300e-01  -2.8628600e-01
  -7.0681000e-02  -7.2911100e-01   3.9315000e-02   6.7960000e-01  -9.3511000e-02  -2.4348000e-01  -2.8656000e-01
  -6.9948000e-02  -7.2691400e-01   3.7183000e-02   6.8214400e-01  -9.2016000e-02  -2.4414900e-01  -2.8704500e-01
  -6.9942000e-02  -7.2598100e-01   3.5831000e-02   6.8321000e-01  -9.1386000e-02  -2.4449100e-01  -2.8726000e-01
  -7.0189000e-02  -7.2514400e-01   3.4279000e-02   6.8415200e-01  -9.0823000e-02  -2.4483700e-01  -2.8745800e-01
  -7.0254000e-02  -7.2437900e-01   3.3005000e-02   6.8501800e-01  -9.0327000e-02  -2.4517900e-01  -2.8763700e-01
  -7.0138000e-02  -7.2367900e-01   3.2009000e-02   6.8581700e-01  -8.9892000e-02  -2.4551700e-01  -2.8780000e-01
  -7.0314000e-02  -7.2305100e-01   3.0795000e-02   6.8651700e-01  -8.9511000e-02  -2.4585400e-01  -2.8794900e-01
  -7.0892000e-02  -7.2249400e-01   2.9224000e-02   6.8711200e-01  -8.9175000e-02  -2.4618800e-01  -2.8808400e-01
  -7.1441000e-02  -7.2199300e-01   2.7759000e-02   6.8764200e-01  -8.8883000e-02  -2.4651700e-01  -2.8819700e-01
  -7.1713000e-02  -7.2154400e-01   2.6632000e-02   6.8812900e-01  -8.8636000e-02  -2.4684600e-01  -2.8829100e-01
  -7.1408000e-02  -7.2113900e-01   2.6165000e-02   6.8860400e-01  -8.8434000e-02  -2.4716800e-01  -2.8836800e-01
  -7.1151000e-02  -7.2081500e-01   2.5683000e-02   6.8898800e-01  -8.8280000e-02  -2.4748200e-01  -2.8843000e-01
