   2.3707700e-01  -1.4655100e-01  -1.5923000e-02   9.6024200e-01   1.7441900e-01  -2.3391800e-01  -1.4371000e-02
   2.3736300e-01  -1.4529800e-01  -1.6547000e-02   9.6035100e-01   1.7446600e-01  -2.3403100e-01  -1.2915000e-02
   2.3577500e-01  -1.4527000e-01  -1.6788000e-02   9.6074200e-01   1.7446600e-01  -2.3403100e-01  -1.2915000e-02
   2.3499300e-01  -1.4485400e-01  -1.7266000e-02   9.6098800e-01   1.7445600e-01  -2.3412200e-01  -1.2268000e-02
   2.3425600e-01  -1.4456400e-01  -1.7768000e-02   9.6120200e-01   1.7442800e-01  -2.3423800e-01  -1.1660000e-02
   2.3395700e-01  -1.4440900e-01  -1.8281000e-02   9.6128900e-01   1.7438000e-01  -2.3439800e-01  -1.1078000e-02
   2.3199100e-01  -1.4433500e-01  -1.9122000e-02   9.6176000e-01   1.7431000e-01  -2.3460100e-01  -1.0504000e-02
   2.2993100e-01  -1.4435200e-01  -2.0109000e-02   9.6223200e-01   1.7422000e-01  -2.3486700e-01  -9.9250000e-03
   2.2885700e-01  -1.4448600e-01  -2.1119000e-02   9.6244600e-01   1.7410500e-01  -2.3521100e-01  -9.3070000e-03
   2.2854000e-01  -1.4473400e-01  -2.2228000e-02   9.6245900e-01   1.7396100e-01  -2.3565100e-01  -8.6350000e-03
   2.2813900e-01  -1.4508600e-01  -2.3590000e-02   9.6246900e-01   1.7378100e-01  -2.3619600e-01  -7.8850000e-03
   2.2661000e-01  -1.4549700e-01  -2.5397000e-02   9.6272200e-01   1.7356300e-01  -2.3685900e-01  -7.0250000e-03
   2.2446600e-01  -1.4595100e-01  -2.7602000e-02   9.6309500e-01   1.7330400e-01  -2.3764700e-01  -6.0350000e-03
   2.2260300e-01  -1.4643300e-01  -3.0111000e-02   9.6337900e-01   1.7300500e-01  -2.3857500e-01  -4.8940000e-03
   2.2148700e-01  -1.4694700e-01  -3.2888000e-02   9.6346700e-01   1.7266200e-01  -2.3965500e-01  -3.5890000e-03
   2.2033400e-01  -1.4744500e-01  -3.6096000e-02   9.6354000e-01   1.7227100e-01  -2.4090200e-01  -2.1050000e-03
   2.1926700e-01  -1.4789100e-01  -3.9744000e-02   9.6357200e-01   1.7183600e-01  -2.4232400e-01  -4.5500000e-04
   2.1800500e-01  -1.4827700e-01  -4.3885000e-02   9.6361900e-01   1.7134800e-01  -2.4392600e-01   1.3750000e-03
   2.1717700e-01  -1.4862800e-01  -4.8428000e-02   9.6353400e-01   1.7080300e-01  -2.4570800e-01   3.3690000e-03
   2.2276700e-01  -1.4971100e-01  -5.7264000e-02   9.6160400e-01   1.6953600e-01  -2.4960200e-01   7.6840000e-03
   2.1403300e-01  -1.4963500e-01  -6.3813000e-02   9.6318600e-01   1.6879000e-01  -2.5167800e-01   9.9720000e-03
   2.1277500e-01  -1.5013800e-01  -6.9421000e-02   9.6299800e-01   1.6794400e-01  -2.5384100e-01   1.2344000e-02
   2.1109000e-01  -1.5068800e-01  -7.5250000e-02   9.6284600e-01   1.6701600e-01  -2.5606000e-01   1.4758000e-02
   2.0669900e-01  -1.5217400e-01  -8.7495000e-02   9.6253000e-01   1.6482000e-01  -2.6065300e-01   1.9772000e-02
   2.0452900e-01  -1.5319600e-01  -9.3822000e-02   9.6223500e-01   1.6353800e-01  -2.6302400e-01   2.2332000e-02
   2.0347100e-01  -1.5449300e-01  -1.0008200e-01   9.6162100e-01   1.6214200e-01  -2.6543200e-01   2.4895000e-02
   2.0244700e-01  -1.5604500e-01  -1.0642100e-01   9.6090600e-01   1.6059600e-01  -2.6786300e-01   2.7506000e-02
   2.0024300e-01  -1.5975900e-01  -1.1967400e-01   9.5919600e-01   1.5705900e-01  -2.7291000e-01   3.2786000e-02
   1.9926600e-01  -1.6195500e-01  -1.2646800e-01   9.5815900e-01   1.5507100e-01  -2.7548900e-01   3.5412000e-02
   1.9739400e-01  -1.6426200e-01  -1.3350600e-01   9.5719900e-01   1.5291200e-01  -2.7808300e-01   3.8063000e-02
   1.9440100e-01  -1.6656300e-01  -1.4088100e-01   9.5635700e-01   1.5060500e-01  -2.8071100e-01   4.0693000e-02
   1.8603500e-01  -1.7142600e-01  -1.5655900e-01   9.5472200e-01   1.4541500e-01  -2.8607700e-01   4.5976000e-02
   1.8156300e-01  -1.7406500e-01  -1.6473700e-01   9.5372800e-01   1.4252700e-01  -2.8881600e-01   4.8613000e-02
   1.7637200e-01  -1.7671900e-01  -1.7327000e-01   9.5270200e-01   1.3945300e-01  -2.9160500e-01   5.1203000e-02
   1.7118000e-01  -1.7951400e-01  -1.8201000e-01   9.5149600e-01   1.3615500e-01  -2.9442100e-01   5.3814000e-02
   1.6378800e-01  -1.8603500e-01  -1.9824200e-01   9.4829600e-01   1.2884300e-01  -3.0078000e-01   5.9014000e-02
   1.5961700e-01  -1.8943200e-01  -2.0651300e-01   9.4656800e-01   1.2483400e-01  -3.0414500e-01   6.1581000e-02
   1.5458300e-01  -1.9284200e-01  -2.1514000e-01   9.4479100e-01   1.2054100e-01  -3.0758600e-01   6.4152000e-02
   1.4707300e-01  -1.9576300e-01  -2.2449300e-01   9.4321200e-01   1.1601200e-01  -3.1108400e-01   6.6689000e-02
   1.3557000e-01  -2.0270100e-01  -2.4313500e-01   9.3883900e-01   1.0610200e-01  -3.1825900e-01   7.1781000e-02
   1.2826100e-01  -2.0581100e-01  -2.5315000e-01   9.3654000e-01   1.0072000e-01  -3.2194200e-01   7.4341000e-02
   1.2533400e-01  -2.1020800e-01  -2.6240100e-01   9.3340800e-01   9.4984000e-02  -3.2573100e-01   7.6939000e-02
   1.2226700e-01  -2.1462300e-01  -2.7185500e-01   9.3009800e-01   8.8971000e-02  -3.2960600e-01   7.9506000e-02
   1.1222200e-01  -2.2240200e-01  -2.9199400e-01   9.2340800e-01   7.6105000e-02  -3.3757900e-01   8.4541000e-02
   1.0450900e-01  -2.2541800e-01  -3.0270900e-01   9.2012600e-01   6.9238000e-02  -3.4164200e-01   8.7037000e-02
   9.9772000e-02  -2.2929000e-01  -3.1299400e-01   9.1624600e-01   6.2185000e-02  -3.4574300e-01   8.9415000e-02
   9.5933000e-02  -2.3348100e-01  -3.2316900e-01   9.1205600e-01   5.4911000e-02  -3.4987400e-01   9.1683000e-02
   9.2559000e-02  -2.3789200e-01  -3.3330500e-01   9.0760600e-01   4.7406000e-02  -3.5404600e-01   9.3833000e-02
   8.8843000e-02  -2.4242000e-01  -3.4381500e-01   9.0284600e-01   3.9554000e-02  -3.5831400e-01   9.5829000e-02
   8.8843000e-02  -2.4242000e-01  -3.4381500e-01   9.0284600e-01   3.9554000e-02  -3.5831400e-01   9.5829000e-02
   8.8843000e-02  -2.4242000e-01  -3.4381500e-01   9.0284600e-01   3.9554000e-02  -3.5831400e-01   9.5829000e-02
   8.8843000e-02  -2.4242000e-01  -3.4381500e-01   9.0284600e-01   3.9554000e-02  -3.5831400e-01   9.5829000e-02
   8.8843000e-02  -2.4242000e-01  -3.4381500e-01   9.0284600e-01   3.9554000e-02  -3.5831400e-01   9.5829000e-02
   8.8843000e-02  -2.4242000e-01  -3.4381500e-01   9.0284600e-01   3.9554000e-02  -3.5831400e-01   9.5829000e-02
   8.8843000e-02  -2.4242000e-01  -3.4381500e-01   9.0284600e-01   3.9554000e-02  -3.5831400e-01   9.5829000e-02
   8.8843000e-02  -2.4242000e-01  -3.4381500e-01   9.0284600e-01   3.9554000e-02  -3.5831400e-01   9.5829000e-02
   8.8843000e-02  -2.4242000e-01  -3.4381500e-01   9.0284600e-01   3.9554000e-02  -3.5831400e-01   9.5829000e-02
   8.8843000e-02  -2.4242000e-01  -3.4381500e-01   9.0284600e-01   3.9554000e-02  -3.5831400e-01   9.5829000e-02
   8.8843000e-02  -2.4242000e-01  -3.4381500e-01   9.0284600e-01   3.9554000e-02  -3.5831400e-01   9.5829000e-02
   8.8843000e-02  -2.4242000e-01  -3.4381500e-01   9.0284600e-01   3.9554000e-02  -3.5831400e-01   9.5829000e-02
   8.8843000e-02  -2.4242000e-01  -3.4381500e-01   9.0284600e-01   3.9554000e-02  -3.5831400e-01   9.5829000e-02
   8.8843000e-02  -2.4242000e-01  -3.4381500e-01   9.0284600e-01   3.9554000e-02  -3.5831400e-01   9.5829000e-02
   8.8843000e-02  -2.4242000e-01  -3.4381500e-01   9.0284600e-01   3.9554000e-02  -3.5831400e-01   9.5829000e-02
   8.8843000e-02  -2.4242000e-01  -3.4381500e-01   9.0284600e-01   3.9554000e-02  -3.5831400e-01   9.5829000e-02
   8.8843000e-02  -2.4242000e-01  -3.4381500e-01   9.0284600e-01   3.9554000e-02  -3.5831400e-01   9.5829000e-02
   8.8843000e-02  -2.4242000e-01  -3.4381500e-01   9.0284600e-01   3.9554000e-02  -3.5831400e-01   9.5829000e-02
   8.8843000e-02  -2.4242000e-01  -3.4381500e-01   9.0284600e-01   3.9554000e-02  -3.5831400e-01   9.5829000e-02
   8.8843000e-02  -2.4242000e-01  -3.4381500e-01   9.0284600e-01   3.9554000e-02  -3.5831400e-01   9.5829000e-02
   8.8843000e-02  -2.4242000e-01  -3.4381500e-01   9.0284600e-01   3.9554000e-02  -3.5831400e-01   9.5829000e-02
   8.8843000e-02  -2.4242000e-01  -3.4381500e-01   9.0284600e-01   3.9554000e-02  -3.5831400e-01   9.5829000e-02
   8.8843000e-02  -2.4242000e-01  -3.4381500e-01   9.0284600e-01   3.9554000e-02  -3.5831400e-01   9.5829000e-02
   8.8843000e-02  -2.4242000e-01  -3.4381500e-01   9.0284600e-01   3.9554000e-02  -3.5831400e-01   9.5829000e-02
   8.8843000e-02  -2.4242000e-01  -3.4381500e-01   9.0284600e-01   3.9554000e-02  -3.5831400e-01   9.5829000e-02
   8.8843000e-02  -2.4242000e-01  -3.4381500e-01   9.0284600e-01   3.9554000e-02  -3.5831400e-01   9.5829000e-02
   8.8843000e-02  -2.4242000e-01  -3.4381500e-01   9.0284600e-01   3.9554000e-02  -3.5831400e-01   9.5829000e-02
   8.8843000e-02  -2.4242000e-01  -3.4381500e-01   9.0284600e-01   3.9554000e-02  -3.5831400e-01   9.5829000e-02
   8.8843000e-02  -2.4242000e-01  -3.4381500e-01   9.0284600e-01   3.9554000e-02  -3.5831400e-01   9.5829000e-02
   8.8843000e-02  -2.4242000e-01  -3.4381500e-01   9.0284600e-01   3.9554000e-02  -3.5831400e-01   9.5829000e-02
   8.8843000e-02  -2.4242000e-01  -3.4381500e-01   9.0284600e-01   3.9554000e-02  -3.5831400e-01   9.5829000e-02
   8.8843000e-02  -2.4242000e-01  -3.4381500e-01   9.0284600e-01   3.9554000e-02  -3.5831400e-01   9.5829000e-02
   8.8843000e-02  -2.4242000e-01  -3.4381500e-01   9.0284600e-01   3.9554000e-02  -3.5831400e-01   9.5829000e-02
   8.8843000e-02  -2.4242000e-01  -3.4381500e-01   9.0284600e-01   3.9554000e-02  -3.5831400e-01   9.5829000e-02
   7.6351000e-02  -5.5573200e-01  -5.1627400e-01   6.4714200e-01  -2.1412400e-01  -5.0517200e-01   1.8250000e-03
   8.0674000e-02  -5.7592200e-01  -5.0322100e-01   6.3919800e-01  -2.1975000e-01  -5.0537000e-01  -6.1350000e-03
   7.8055000e-02  -5.9064900e-01  -4.9518000e-01   6.3232800e-01  -2.2507900e-01  -5.0520700e-01  -1.4283000e-02
   7.6024000e-02  -6.0560000e-01  -4.8574800e-01   6.2571400e-01  -2.3007300e-01  -5.0469700e-01  -2.2472000e-02
   7.4249000e-02  -6.2060800e-01  -4.7511000e-01   6.1935600e-01  -2.3472700e-01  -5.0383600e-01  -3.0776000e-02
   7.2415000e-02  -6.5083000e-01  -4.4958400e-01   6.0749500e-01  -2.4309200e-01  -5.0114600e-01  -4.7353000e-02
   7.1444000e-02  -6.6528500e-01  -4.3557200e-01   6.0213600e-01  -2.4684000e-01  -4.9933600e-01  -5.5610000e-02
   7.0056000e-02  -6.7905500e-01  -4.2121900e-01   5.9711800e-01  -2.5027500e-01  -4.9721200e-01  -6.3873000e-02
   6.9030000e-02  -6.9269300e-01  -4.0569200e-01   5.9230500e-01  -2.5339200e-01  -4.9477400e-01  -7.2147000e-02
   6.7923000e-02  -7.0596400e-01  -3.8933300e-01   5.8772500e-01  -2.5618800e-01  -4.9199200e-01  -8.0503000e-02
   6.6201000e-02  -7.1855100e-01  -3.7267300e-01   5.8345300e-01  -2.5865100e-01  -4.8883600e-01  -8.8982000e-02
   6.3111000e-02  -7.2996000e-01  -3.5666200e-01   5.7962600e-01  -2.6082700e-01  -4.8530500e-01  -9.7545000e-02
   5.6043000e-02  -7.3864400e-01  -3.4489700e-01   5.7646400e-01  -2.6269700e-01  -4.8140500e-01  -1.0613900e-01
   5.9534000e-02  -7.4072000e-01  -3.4041600e-01   5.7611400e-01  -2.6269700e-01  -4.8140500e-01  -1.0613900e-01
   5.6261000e-02  -7.5122800e-01  -3.2308000e-01   5.7280900e-01  -2.6424200e-01  -4.7714900e-01  -1.1471300e-01
   5.2836000e-02  -7.6116200e-01  -3.0538900e-01   5.6971800e-01  -2.6545300e-01  -4.7255100e-01  -1.2322500e-01
   4.9267000e-02  -7.7047300e-01  -2.8760600e-01   5.6676900e-01  -2.6625700e-01  -4.6763000e-01  -1.3164000e-01
   4.6195000e-02  -7.7939600e-01  -2.6904100e-01   5.6393700e-01  -2.6665400e-01  -4.6242500e-01  -1.3989400e-01
   4.4241000e-02  -7.8811600e-01  -2.4892100e-01   5.6120800e-01  -2.6666900e-01  -4.5697500e-01  -1.4794700e-01
   4.3104000e-02  -7.9637000e-01  -2.2776700e-01   5.5862200e-01  -2.6630600e-01  -4.5131300e-01  -1.5576900e-01
   4.0814000e-02  -8.0333500e-01  -2.0850600e-01   5.5633800e-01  -2.6557200e-01  -4.4546800e-01  -1.6334500e-01
   3.9169000e-02  -8.0971800e-01  -1.8875600e-01   5.5425000e-01  -2.6448300e-01  -4.3949100e-01  -1.7063800e-01
   3.6329000e-02  -8.1495300e-01  -1.7125900e-01   5.5245100e-01  -2.6307600e-01  -4.3339400e-01  -1.7765700e-01
   3.2723000e-02  -8.1928900e-01  -1.5558000e-01   5.5089900e-01  -2.6135100e-01  -4.2721200e-01  -1.8439000e-01
   2.8859000e-02  -8.2296200e-01  -1.4097500e-01   5.4957000e-01  -2.5933600e-01  -4.2095500e-01  -1.9084500e-01
   2.4843000e-02  -8.2596800e-01  -1.2722000e-01   5.4861200e-01  -2.5707500e-01  -4.1466900e-01  -1.9698300e-01
   2.0473000e-02  -8.2831200e-01  -1.1469000e-01   5.4802000e-01  -2.5456200e-01  -4.0837200e-01  -2.0280400e-01
   1.5247000e-02  -8.2996900e-01  -1.0411800e-01   5.4779400e-01  -2.5182500e-01  -4.0207800e-01  -2.0831200e-01
   9.0590000e-03  -8.3101700e-01  -9.5558000e-02   5.4790200e-01  -2.4890700e-01  -3.9578700e-01  -2.1351900e-01
   7.2800000e-03  -8.3235500e-01  -8.0816000e-02   5.4827100e-01  -2.4581600e-01  -3.8950700e-01  -2.1842900e-01
   2.5250000e-03  -8.3162300e-01  -8.8030000e-02   5.4831300e-01  -2.4581600e-01  -3.8950700e-01  -2.1842900e-01
  -3.8210000e-03  -8.3190800e-01  -8.0750000e-02   5.4899400e-01  -2.4256000e-01  -3.8325500e-01  -2.2303900e-01
  -9.7950000e-03  -8.3190800e-01  -7.3398000e-02   5.4995100e-01  -2.3915200e-01  -3.7704400e-01  -2.2734800e-01
  -1.6157000e-02  -8.3155200e-01  -6.7093000e-02   5.5114400e-01  -2.3561400e-01  -3.7088400e-01  -2.3136300e-01
  -2.2646000e-02  -8.3092200e-01  -6.1437000e-02   5.5252200e-01  -2.3198500e-01  -3.6479500e-01  -2.3508200e-01
  -2.8927000e-02  -8.3010400e-01  -5.5933000e-02   5.5404200e-01  -2.2829600e-01  -3.5879000e-01  -2.3851400e-01
  -3.4233000e-02  -8.2919500e-01  -4.9464000e-02   5.5571300e-01  -2.2456600e-01  -3.5288400e-01  -2.4166700e-01
  -3.9851000e-02  -8.2809400e-01  -4.3997000e-02   5.5743700e-01  -2.2080900e-01  -3.4709400e-01  -2.4454600e-01
  -4.6313000e-02  -8.2681000e-01  -4.0339000e-02   5.5911800e-01  -2.1704600e-01  -3.4143200e-01  -2.4716200e-01
  -5.1630000e-02  -8.2552500e-01  -3.5638000e-02   5.6086700e-01  -2.1330200e-01  -3.3593300e-01  -2.4951900e-01
  -5.4369000e-02  -8.2430900e-01  -2.7805000e-02   5.6283700e-01  -2.0959800e-01  -3.3060700e-01  -2.5162800e-01
  -5.5655000e-02  -8.2305000e-01  -1.8522000e-02   5.6493200e-01  -2.0595700e-01  -3.2546600e-01  -2.5350400e-01
  -5.7234000e-02  -8.2168600e-01  -1.0351000e-02   5.6696400e-01  -2.0239200e-01  -3.2051900e-01  -2.5516200e-01
  -6.0847000e-02  -8.2019100e-01  -5.7290000e-03   5.6881600e-01  -1.9890400e-01  -3.1579500e-01  -2.5659700e-01
  -6.7554000e-02  -8.1726400e-01   2.2830000e-03   5.7228500e-01  -1.9234200e-01  -3.0706800e-01  -2.5890200e-01
  -6.9486000e-02  -8.1583900e-01   7.3830000e-03   5.7404200e-01  -1.8927700e-01  -3.0306300e-01  -2.5980800e-01
  -7.0714000e-02  -8.1441200e-01   1.2923000e-02   5.7581800e-01  -1.8635300e-01  -2.9929400e-01  -2.6056800e-01
  -7.2120000e-02  -8.1302700e-01   1.7678000e-02   5.7747100e-01  -1.8356200e-01  -2.9572300e-01  -2.6121400e-01
  -7.3749000e-02  -8.1165900e-01   2.1693000e-02   5.7905100e-01  -1.8089200e-01  -2.9235100e-01  -2.6174600e-01
  -7.5711000e-02  -8.0898300e-01   3.0273000e-02   5.8215000e-01  -1.7587300e-01  -2.8610700e-01  -2.6254700e-01
  -7.6925000e-02  -8.0768300e-01   3.3742000e-02   5.8360300e-01  -1.7351200e-01  -2.8321900e-01  -2.6283000e-01
  -7.8860000e-02  -8.0646000e-01   3.5918000e-02   5.8490400e-01  -1.7124100e-01  -2.8046300e-01  -2.6304900e-01
  -8.1386000e-02  -8.0529100e-01   3.7027000e-02   5.8609800e-01  -1.6905200e-01  -2.7785000e-01  -2.6320300e-01
  -8.4249000e-02  -8.0421700e-01   3.7374000e-02   5.8714600e-01  -1.6695000e-01  -2.7534800e-01  -2.6331500e-01
  -8.7346000e-02  -8.0267700e-01   3.6698000e-02   5.8884100e-01  -1.6467400e-01  -2.7306600e-01  -2.6385000e-01
  -8.6589000e-02  -7.9993300e-01   4.0037000e-02   5.9245900e-01  -1.6200800e-01  -2.7113400e-01  -2.6524200e-01
  -8.8811000e-02  -8.0007700e-01   3.7035000e-02   5.9213000e-01  -1.6200800e-01  -2.7113400e-01  -2.6524200e-01
  -9.0219000e-02  -7.9698800e-01   3.6826000e-02   5.9608300e-01  -1.5915200e-01  -2.6939200e-01  -2.6701600e-01
  -9.3011000e-02  -7.9372800e-01   3.4422000e-02   6.0013300e-01  -1.5620300e-01  -2.6777300e-01  -2.6892700e-01
  -9.5397000e-02  -7.9031900e-01   3.2322000e-02   6.0436000e-01  -1.5322300e-01  -2.6626200e-01  -2.7084700e-01
  -9.6073000e-02  -7.8677600e-01   3.2233000e-02   6.0886400e-01  -1.5025400e-01  -2.6485800e-01  -2.7271700e-01
  -9.4783000e-02  -7.8313100e-01   3.4420000e-02   6.1362600e-01  -1.4732100e-01  -2.6356000e-01  -2.7450800e-01
  -9.3563000e-02  -7.7953300e-01   3.6216000e-02   6.1827300e-01  -1.4444800e-01  -2.6237100e-01  -2.7621700e-01
  -9.3264000e-02  -7.7604800e-01   3.6600000e-02   6.2266600e-01  -1.4164600e-01  -2.6129000e-01  -2.7783600e-01
  -9.3820000e-02  -7.7268000e-01   3.5694000e-02   6.2680900e-01  -1.3892300e-01  -2.6032700e-01  -2.7936500e-01
  -9.3758000e-02  -7.6934500e-01   3.5328000e-02   6.3092700e-01  -1.3627900e-01  -2.5948600e-01  -2.8080200e-01
  -9.3261000e-02  -7.6607200e-01   3.5264000e-02   6.3497400e-01  -1.3372600e-01  -2.5876300e-01  -2.8216000e-01
  -9.2981000e-02  -7.6290200e-01   3.4723000e-02   6.3885000e-01  -1.3127000e-01  -2.5815800e-01  -2.8344300e-01
  -9.2984000e-02  -7.5983800e-01   3.3639000e-02   6.4254800e-01  -1.2891600e-01  -2.5767600e-01  -2.8465700e-01
  -9.2310000e-02  -7.5682500e-01   3.3192000e-02   6.4621500e-01  -1.2666500e-01  -2.5730700e-01  -2.8580800e-01
  -9.1813000e-02  -7.5391300e-01   3.2369000e-02   6.4972200e-01  -1.2450900e-01  -2.5704200e-01  -2.8689500e-01
  -9.1253000e-02  -7.5108500e-01   3.1463000e-02   6.5311200e-01  -1.2244700e-01  -2.5687700e-01  -2.8793000e-01
  -9.0454000e-02  -7.4832500e-01   3.0695000e-02   6.5641900e-01  -1.2047400e-01  -2.5680500e-01  -2.8891700e-01
  -8.9170000e-02  -7.4560900e-01   3.0333000e-02   6.5969400e-01  -1.1858000e-01  -2.5682400e-01  -2.8986100e-01
  -9.0105000e-02  -7.4565100e-01   2.9276000e-02   6.5956700e-01  -1.1858000e-01  -2.5682400e-01  -2.8986100e-01
  -8.9746000e-02  -7.4303900e-01   2.7775000e-02   6.6262100e-01  -1.1676100e-01  -2.5692600e-01  -2.9075800e-01
  -8.8949000e-02  -7.4046400e-01   2.6698000e-02   6.6564900e-01  -1.1501300e-01  -2.5709900e-01  -2.9161300e-01
  -8.7731000e-02  -7.3792600e-01   2.6006000e-02   6.6865000e-01  -1.1332700e-01  -2.5733500e-01  -2.9242700e-01
  -8.6706000e-02  -7.3544500e-01   2.5031000e-02   6.7154800e-01  -1.1169400e-01  -2.5763300e-01  -2.9319400e-01
  -8.6145000e-02  -7.3302100e-01   2.3502000e-02   6.7432000e-01  -1.1011200e-01  -2.5798400e-01  -2.9392300e-01
  -8.5156000e-02  -7.3064300e-01   2.2380000e-02   6.7705800e-01  -1.0857900e-01  -2.5837600e-01  -2.9460900e-01
  -8.3411000e-02  -7.2830900e-01   2.2009000e-02   6.7979700e-01  -1.0709500e-01  -2.5880700e-01  -2.9525100e-01
  -8.1471000e-02  -7.2603900e-01   2.1800000e-02   6.8246300e-01  -1.0566500e-01  -2.5926600e-01  -2.9585700e-01
  -7.9861000e-02  -7.2385800e-01   2.1195000e-02   6.8498400e-01  -1.0429000e-01  -2.5974700e-01  -2.9643200e-01
  -7.9393000e-02  -7.2178800e-01   1.9369000e-02   6.8727300e-01  -1.0296800e-01  -2.6024200e-01  -2.9697600e-01
  -7.8794000e-02  -7.1979700e-01   1.7681000e-02   6.8947200e-01  -1.0169500e-01  -2.6074200e-01  -2.9748500e-01
  -7.7382000e-02  -7.1787700e-01   1.6868000e-02   6.9165000e-01  -1.0048100e-01  -2.6123400e-01  -2.9796700e-01
  -7.6147000e-02  -7.1604300e-01   1.5936000e-02   6.9370700e-01  -9.9323000e-02  -2.6171000e-01  -2.9842500e-01
  -7.5768000e-02  -7.1431600e-01   1.4171000e-02   6.9556500e-01  -9.8222000e-02  -2.6217100e-01  -2.9886200e-01
  -7.5758000e-02  -7.1266200e-01   1.2106000e-02   6.9730000e-01  -9.7172000e-02  -2.6262100e-01  -2.9927600e-01
  -7.5720000e-02  -7.1109400e-01   1.0155000e-02   6.9893400e-01  -9.6177000e-02  -2.6305200e-01  -2.9966000e-01
  -7.5025000e-02  -7.0960000e-01   8.9800000e-03   7.0054100e-01  -9.5236000e-02  -2.6346000e-01  -3.0001300e-01
  -7.3847000e-02  -7.0690400e-01   6.8560000e-03   7.0341000e-01  -9.3563000e-02  -2.6417800e-01  -3.0065300e-01
  -7.3688000e-02  -7.0569400e-01   5.5670000e-03   7.0465200e-01  -9.2825000e-02  -2.6449900e-01  -3.0094200e-01
  -7.3513000e-02  -7.0456200e-01   4.4250000e-03   7.0581100e-01  -9.2139000e-02  -2.6479900e-01  -3.0119600e-01
  -7.3252000e-02  -7.0350800e-01   3.4930000e-03   7.0689300e-01  -9.1504000e-02  -2.6507700e-01  -3.0141800e-01
  -7.2723000e-02  -7.0253800e-01   2.9190000e-03   7.0791500e-01  -9.0917000e-02  -2.6532900e-01  -3.0162100e-01
  -7.2296000e-02  -7.0165300e-01   2.3510000e-03   7.0883800e-01  -9.0384000e-02  -2.6555500e-01  -3.0180500e-01
  -7.2630000e-02  -7.0085200e-01   1.1250000e-03   7.0959900e-01  -8.9902000e-02  -2.6576300e-01  -3.0196700e-01
  -7.3438000e-02  -6.9947500e-01  -1.2980000e-03   7.1087300e-01  -8.9078000e-02  -2.6614300e-01  -3.0225300e-01
  -7.2924000e-02  -6.9890000e-01  -1.5400000e-03   7.1149100e-01  -8.8727000e-02  -2.6630800e-01  -3.0238000e-01
  -7.3563000e-02  -6.9889800e-01  -2.1670000e-03   7.1142500e-01  -8.8727000e-02  -2.6630800e-01  -3.0238000e-01
  -7.3146000e-02  -6.9838700e-01  -2.4370000e-03   7.1196900e-01  -8.8420000e-02  -2.6646000e-01  -3.0249900e-01
  -7.2752000e-02  -6.9793000e-01  -2.6780000e-03   7.1245600e-01  -8.8155000e-02  -2.6661400e-01  -3.0260500e-01
  -7.2551000e-02  -6.9753800e-01  -3.0540000e-03   7.1285900e-01  -8.7941000e-02  -2.6676800e-01  -3.0270400e-01
  -7.2367000e-02  -6.9721100e-01  -3.4220000e-03   7.1319600e-01  -8.7772000e-02  -2.6692500e-01  -3.0279700e-01
  -7.2142000e-02  -6.9695400e-01  -3.7130000e-03   7.1346800e-01  -8.7652000e-02  -2.6707800e-01  -3.0288500e-01
  -7.1909000e-02  -6.9676500e-01  -3.9710000e-03   7.1367500e-01  -8.7578000e-02  -2.6723100e-01  -3.0296800e-01
  -7.1483000e-02  -6.9664100e-01  -4.0060000e-03   7.1383900e-01  -8.7546000e-02  -2.6738200e-01  -3.0304300e-01
  -7.1350000e-02  -6.9657000e-01  -4.3060000e-03   7.1391900e-01  -8.7549000e-02  -2.6753100e-01  -3.0311300e-01
  -7.1180000e-02  -6.9654500e-01  -4.5140000e-03   7.1395900e-01  -8.7587000e-02  -2.6767700e-01  -3.0317400e-01
