   1.1533900e-01  -1.2999200e-01  -1.6048000e-02   9.8465300e-01   1.7298300e-01  -2.2423000e-01   1.1335000e-02
   1.1533900e-01  -1.2999200e-01  -1.6048000e-02   9.8465300e-01   1.7298300e-01  -2.2423000e-01   1.1335000e-02
   1.1773000e-01  -1.2940700e-01  -1.6040000e-02   9.8444700e-01   1.7306700e-01  -2.2433700e-01   1.1534000e-02
   1.2011200e-01  -1.2896900e-01  -1.6063000e-02   9.8421700e-01   1.7312300e-01  -2.2446000e-01   1.1720000e-02
   1.2174500e-01  -1.2866600e-01  -1.6248000e-02   9.8405200e-01   1.7314900e-01  -2.2461300e-01   1.1911000e-02
   1.2230900e-01  -1.2852200e-01  -1.6644000e-02   9.8399500e-01   1.7313400e-01  -2.2479800e-01   1.2123000e-02
   1.2187700e-01  -1.2850900e-01  -1.7257000e-02   9.8403900e-01   1.7308000e-01  -2.2502100e-01   1.2376000e-02
   1.2150000e-01  -1.2866900e-01  -1.7956000e-02   9.8405300e-01   1.7297700e-01  -2.2528300e-01   1.2689000e-02
   1.2131400e-01  -1.2903800e-01  -1.8740000e-02   9.8401300e-01   1.7281500e-01  -2.2559100e-01   1.3076000e-02
   1.2161500e-01  -1.2961100e-01  -1.9585000e-02   9.8388400e-01   1.7259300e-01  -2.2595000e-01   1.3544000e-02
   1.2110700e-01  -1.3041000e-01  -2.0674000e-02   9.8381900e-01   1.7229200e-01  -2.2636300e-01   1.4127000e-02
   1.1871700e-01  -1.3144600e-01  -2.2187000e-02   9.8393900e-01   1.7189600e-01  -2.2684400e-01   1.4839000e-02
   1.1637200e-01  -1.3278800e-01  -2.3864000e-02   9.8400000e-01   1.7139300e-01  -2.2738700e-01   1.5686000e-02
   1.1424600e-01  -1.3450700e-01  -2.5699000e-02   9.8396900e-01   1.7075700e-01  -2.2799700e-01   1.6684000e-02
   1.1063400e-01  -1.3658800e-01  -2.7950000e-02   9.8403400e-01   1.6997200e-01  -2.2868100e-01   1.7831000e-02
   1.0511200e-01  -1.3899700e-01  -3.0718000e-02   9.8421900e-01   1.6902900e-01  -2.2944600e-01   1.9123000e-02
   9.8065000e-02  -1.4171100e-01  -3.4001000e-02   9.8445200e-01   1.6791700e-01  -2.3030500e-01   2.0560000e-02
   9.0635000e-02  -1.4476600e-01  -3.7697000e-02   9.8458500e-01   1.6661600e-01  -2.3127000e-01   2.2146000e-02
   9.1732000e-02  -1.4846400e-01  -4.0197000e-02   9.8383300e-01   1.6506700e-01  -2.3250400e-01   2.3887000e-02
   8.2568000e-02  -1.4808300e-01  -4.1578000e-02   9.8464500e-01   1.6506700e-01  -2.3250400e-01   2.3887000e-02
   7.5315000e-02  -1.5170700e-01  -4.5302000e-02   9.8451000e-01   1.6323100e-01  -2.3407500e-01   2.5779000e-02
   6.8067000e-02  -1.5563700e-01  -4.9213000e-02   9.8423700e-01   1.6112300e-01  -2.3588400e-01   2.7799000e-02
   5.9386000e-02  -1.5985800e-01  -5.3658000e-02   9.8389000e-01   1.5871300e-01  -2.3790400e-01   2.9943000e-02
   4.8563000e-02  -1.6430200e-01  -5.8889000e-02   9.8345200e-01   1.5599600e-01  -2.4010200e-01   3.2183000e-02
   3.7297000e-02  -1.6904000e-01  -6.4727000e-02   9.8277400e-01   1.5295700e-01  -2.4248200e-01   3.4489000e-02
   2.7056000e-02  -1.7415700e-01  -7.1029000e-02   9.8178000e-01   1.4959100e-01  -2.4502000e-01   3.6823000e-02
   1.8303000e-02  -1.7969000e-01  -7.7742000e-02   9.8047600e-01   1.4588100e-01  -2.4772900e-01   3.9154000e-02
   8.8750000e-03  -1.8543500e-01  -8.5248000e-02   9.7891200e-01   1.4182000e-01  -2.5062100e-01   4.1454000e-02
  -2.5260000e-03  -1.9119600e-01  -9.3896000e-02   9.7704700e-01   1.3742600e-01  -2.5369000e-01   4.3670000e-02
  -1.2828000e-02  -1.9717000e-01  -1.0308000e-01   9.7485100e-01   1.3269100e-01  -2.5697100e-01   4.5791000e-02
  -1.9889000e-02  -2.0352000e-01  -1.1230800e-01   9.7240500e-01   1.2763900e-01  -2.6048200e-01   4.7803000e-02
  -2.4568000e-02  -2.1022000e-01  -1.2167500e-01   9.6974200e-01   1.2227700e-01  -2.6423000e-01   4.9664000e-02
  -2.9770000e-02  -2.1693800e-01  -1.3174400e-01   9.6679600e-01   1.1657200e-01  -2.6821100e-01   5.1406000e-02
  -3.6531000e-02  -2.2343400e-01  -1.4277400e-01   9.6351400e-01   1.1055200e-01  -2.7241900e-01   5.3011000e-02
  -4.2720000e-02  -2.2997900e-01  -1.5432800e-01   9.5993100e-01   1.0424900e-01  -2.7682200e-01   5.4439000e-02
  -4.6048000e-02  -2.3693400e-01  -1.6586600e-01   9.5615400e-01   9.7707000e-02  -2.8138800e-01   5.5667000e-02
  -4.5672000e-02  -2.4459100e-01  -1.7711100e-01   9.5221900e-01   9.0926000e-02  -2.8610700e-01   5.6679000e-02
  -4.8974000e-02  -2.5163800e-01  -1.8997200e-01   9.4772900e-01   8.3924000e-02  -2.9096200e-01   5.7446000e-02
  -5.0427000e-02  -2.5913400e-01  -2.0299300e-01   9.4292100e-01   7.6709000e-02  -2.9595800e-01   5.7943000e-02
  -5.2464000e-02  -2.7415900e-01  -2.2956200e-01   9.3240800e-01   6.2061000e-02  -3.0595900e-01   5.8244000e-02
  -5.4689000e-02  -2.8128700e-01  -2.4329500e-01   9.2665700e-01   5.4675000e-02  -3.1090000e-01   5.8082000e-02
  -5.4689000e-02  -2.8128700e-01  -2.4329500e-01   9.2665700e-01   5.4675000e-02  -3.1090000e-01   5.8082000e-02
  -5.4689000e-02  -2.8128700e-01  -2.4329500e-01   9.2665700e-01   5.4675000e-02  -3.1090000e-01   5.8082000e-02
  -5.4689000e-02  -2.8128700e-01  -2.4329500e-01   9.2665700e-01   5.4675000e-02  -3.1090000e-01   5.8082000e-02
  -5.4689000e-02  -2.8128700e-01  -2.4329500e-01   9.2665700e-01   5.4675000e-02  -3.1090000e-01   5.8082000e-02
  -5.4689000e-02  -2.8128700e-01  -2.4329500e-01   9.2665700e-01   5.4675000e-02  -3.1090000e-01   5.8082000e-02
  -5.4689000e-02  -2.8128700e-01  -2.4329500e-01   9.2665700e-01   5.4675000e-02  -3.1090000e-01   5.8082000e-02
  -5.4689000e-02  -2.8128700e-01  -2.4329500e-01   9.2665700e-01   5.4675000e-02  -3.1090000e-01   5.8082000e-02
  -5.4689000e-02  -2.8128700e-01  -2.4329500e-01   9.2665700e-01   5.4675000e-02  -3.1090000e-01   5.8082000e-02
  -5.4689000e-02  -2.8128700e-01  -2.4329500e-01   9.2665700e-01   5.4675000e-02  -3.1090000e-01   5.8082000e-02
  -5.4689000e-02  -2.8128700e-01  -2.4329500e-01   9.2665700e-01   5.4675000e-02  -3.1090000e-01   5.8082000e-02
  -5.4689000e-02  -2.8128700e-01  -2.4329500e-01   9.2665700e-01   5.4675000e-02  -3.1090000e-01   5.8082000e-02
  -5.4689000e-02  -2.8128700e-01  -2.4329500e-01   9.2665700e-01   5.4675000e-02  -3.1090000e-01   5.8082000e-02
  -5.4689000e-02  -2.8128700e-01  -2.4329500e-01   9.2665700e-01   5.4675000e-02  -3.1090000e-01   5.8082000e-02
  -5.4689000e-02  -2.8128700e-01  -2.4329500e-01   9.2665700e-01   5.4675000e-02  -3.1090000e-01   5.8082000e-02
  -8.4084000e-02  -3.4159800e-01  -4.2396300e-01   8.3456400e-01  -4.0711000e-02  -4.1554600e-01   3.2573000e-02
  -8.2795000e-02  -3.4903800e-01  -4.3318400e-01   8.2684300e-01  -4.8022000e-02  -4.2268000e-01   2.8403000e-02
  -8.1550000e-02  -3.5757000e-01  -4.4220100e-01   8.1850600e-01  -5.5739000e-02  -4.2954100e-01   2.3753000e-02
  -8.1408000e-02  -3.6607800e-01  -4.5140500e-01   8.0968700e-01  -6.3683000e-02  -4.3614300e-01   1.8795000e-02
  -8.1441000e-02  -3.7502400e-01  -4.6032600e-01   8.0051500e-01  -7.1806000e-02  -4.4242800e-01   1.3542000e-02
  -8.0471000e-02  -3.8559800e-01  -4.6824400e-01   7.9094000e-01  -8.0228000e-02  -4.4827700e-01   7.8760000e-03
  -8.0471000e-02  -3.8559800e-01  -4.6824400e-01   7.9094000e-01  -8.0228000e-02  -4.4827700e-01   7.8760000e-03
  -7.8442000e-02  -3.9733700e-01  -4.7502500e-01   7.8123000e-01  -8.8755000e-02  -4.5372800e-01   1.9660000e-03
  -7.6330000e-02  -4.0985400e-01  -4.8097300e-01   7.7127100e-01  -9.7387000e-02  -4.5871500e-01  -4.2250000e-03
  -7.5329000e-02  -4.2236900e-01  -4.8660800e-01   7.6101400e-01  -1.0606400e-01  -4.6319800e-01  -1.0683000e-02
  -7.4604000e-02  -4.3531000e-01  -4.9148700e-01   7.5058700e-01  -1.1475100e-01  -4.6716600e-01  -1.7365000e-02
  -7.3160000e-02  -4.4933300e-01  -4.9491000e-01   7.4014300e-01  -1.2340000e-01  -4.7059700e-01  -2.4274000e-02
  -7.0668000e-02  -4.6467200e-01  -4.9654800e-01   7.2974400e-01  -1.3196100e-01  -4.7347400e-01  -3.1405000e-02
  -6.8537000e-02  -4.8036100e-01  -4.9712200e-01   7.1932400e-01  -1.4038600e-01  -4.7578300e-01  -3.8747000e-02
  -6.6824000e-02  -4.9630700e-01  -4.9663100e-01   7.0892300e-01  -1.4864700e-01  -4.7752200e-01  -4.6286000e-02
  -6.5075000e-02  -5.1273600e-01  -4.9473900e-01   6.9864200e-01  -1.5670000e-01  -4.7869200e-01  -5.3986000e-02
  -6.3482000e-02  -5.2941500e-01  -4.9155300e-01   6.8852400e-01  -1.6450800e-01  -4.7930100e-01  -6.1807000e-02
  -6.2345000e-02  -5.4609200e-01  -4.8726100e-01   6.7858200e-01  -1.7204300e-01  -4.7935100e-01  -6.9747000e-02
  -6.1201000e-02  -5.6303900e-01  -4.8148400e-01   6.6889100e-01  -1.7927100e-01  -4.7884200e-01  -7.7795000e-02
  -5.9867000e-02  -5.8037400e-01  -4.7403000e-01   6.5945200e-01  -1.8617900e-01  -4.7777600e-01  -8.5967000e-02
  -5.9410000e-02  -5.9719800e-01  -4.6588200e-01   6.5021500e-01  -1.9272200e-01  -4.7616400e-01  -9.4214000e-02
  -5.8994000e-02  -6.1402700e-01  -4.5640000e-01   6.4124100e-01  -1.9888700e-01  -4.7402200e-01  -1.0251100e-01
  -6.5332000e-02  -6.2601100e-01  -4.5229400e-01   6.3188000e-01  -2.0465100e-01  -4.7136200e-01  -1.1083600e-01
  -5.8787000e-02  -6.3066000e-01  -4.4578900e-01   6.3252200e-01  -2.0465100e-01  -4.7136200e-01  -1.1083600e-01
  -5.8519000e-02  -6.4720500e-01  -4.3387100e-01   6.2406500e-01  -2.0999400e-01  -4.6819700e-01  -1.1916800e-01
  -5.8226000e-02  -6.6356000e-01  -4.2066900e-01   6.1590200e-01  -2.1497100e-01  -4.6456600e-01  -1.2746200e-01
  -5.7678000e-02  -6.7979200e-01  -4.0595700e-01   6.0807500e-01  -2.1955600e-01  -4.6048100e-01  -1.3569800e-01
  -5.7447000e-02  -6.9537600e-01  -3.9046400e-01   6.0057500e-01  -2.2376000e-01  -4.5598700e-01  -1.4381300e-01
  -5.6695000e-02  -7.1076500e-01  -3.7337400e-01   5.9345700e-01  -2.2757800e-01  -4.5111900e-01  -1.5177800e-01
  -5.5872000e-02  -7.3903500e-01  -3.3771900e-01   5.8021600e-01  -2.3400500e-01  -4.4044600e-01  -1.6708000e-01
  -5.5974000e-02  -7.5158900e-01  -3.2008700e-01   5.7404200e-01  -2.3662300e-01  -4.3480400e-01  -1.7428600e-01
  -5.5898000e-02  -7.6329000e-01  -3.0227000e-01   5.6824000e-01  -2.3888500e-01  -4.2907200e-01  -1.8112200e-01
  -5.3189000e-02  -7.8515000e-01  -2.6370000e-01   5.5782900e-01  -2.4245700e-01  -4.1749500e-01  -1.9371500e-01
  -5.1789000e-02  -7.9477200e-01  -2.4462100e-01   5.5300600e-01  -2.4381900e-01  -4.1165100e-01  -1.9955600e-01
  -5.1507000e-02  -8.0315400e-01  -2.2746000e-01   5.4822800e-01  -2.4492400e-01  -4.0576100e-01  -2.0515100e-01
  -5.2149000e-02  -8.1042300e-01  -2.1205100e-01   5.4362700e-01  -2.4580500e-01  -3.9989400e-01  -2.1045300e-01
  -5.4536000e-02  -8.2275200e-01  -1.8439700e-01   5.3488600e-01  -2.4691100e-01  -3.8818200e-01  -2.2032800e-01
  -5.3523000e-02  -8.2878400e-01  -1.6796700e-01   5.3107300e-01  -2.4713700e-01  -3.8237100e-01  -2.2491000e-01
  -5.1830000e-02  -8.3434700e-01  -1.5085000e-01   5.2765700e-01  -2.4715400e-01  -3.7661900e-01  -2.2924500e-01
  -4.9331000e-02  -8.3948800e-01  -1.3295900e-01   5.2454600e-01  -2.4695400e-01  -3.7091100e-01  -2.3336900e-01
  -4.7556000e-02  -8.4383400e-01  -1.1681000e-01   5.2157200e-01  -2.4653100e-01  -3.6524900e-01  -2.3729600e-01
  -4.6424000e-02  -8.5033400e-01  -9.0292000e-02   5.1635700e-01  -2.4505300e-01  -3.5423600e-01  -2.4446600e-01
  -4.4876000e-02  -8.5298800e-01  -7.6359000e-02   5.1436000e-01  -2.4401300e-01  -3.4892100e-01  -2.4770800e-01
  -4.1043000e-02  -8.5543600e-01  -5.9333000e-02   5.1286000e-01  -2.4277800e-01  -3.4374700e-01  -2.5073300e-01
  -3.8019000e-02  -8.5720400e-01  -4.4168000e-02   5.1166900e-01  -2.4135600e-01  -3.3872200e-01  -2.5353700e-01
  -3.6247000e-02  -8.5843700e-01  -3.1812000e-02   5.1064700e-01  -2.3977800e-01  -3.3385400e-01  -2.5613700e-01
  -3.7856000e-02  -8.5915600e-01  -2.5818000e-02   5.0965800e-01  -2.3803700e-01  -3.2912100e-01  -2.5855300e-01
  -3.6901000e-02  -8.5994300e-01  -8.5080000e-03   5.0898400e-01  -2.3410300e-01  -3.2013800e-01  -2.6280500e-01
  -3.4257000e-02  -8.6000500e-01   2.8540000e-03   5.0912700e-01  -2.3195700e-01  -3.1586000e-01  -2.6468300e-01
  -3.0620000e-02  -8.5971000e-01   1.5475000e-02   5.0962900e-01  -2.2973700e-01  -3.1177800e-01  -2.6637000e-01
  -2.8515000e-02  -8.5919600e-01   2.5030000e-02   5.1023800e-01  -2.2746300e-01  -3.0787200e-01  -2.6789100e-01
  -2.7439000e-02  -8.5857000e-01   3.2315000e-02   5.1094100e-01  -2.2515500e-01  -3.0414400e-01  -2.6926000e-01
  -2.6620000e-02  -8.5779400e-01   3.8817000e-02   5.1183400e-01  -2.2277600e-01  -3.0054300e-01  -2.7049600e-01
  -2.4583000e-02  -8.5673300e-01   4.7031000e-02   5.1302200e-01  -2.2029400e-01  -2.9705100e-01  -2.7160400e-01
  -2.2849000e-02  -8.5551600e-01   5.4373000e-02   5.1440600e-01  -2.1771300e-01  -2.9367300e-01  -2.7258600e-01
  -2.2385000e-02  -8.5429100e-01   5.9231000e-02   5.1592300e-01  -2.1504200e-01  -2.9041000e-01  -2.7344900e-01
  -2.3038000e-02  -8.5310300e-01   6.1870000e-02   5.1754800e-01  -2.1229800e-01  -2.8725800e-01  -2.7419800e-01
  -2.1220000e-02  -8.5152400e-01   6.8206000e-02   5.1942700e-01  -2.0948700e-01  -2.8422000e-01  -2.7483600e-01
  -2.2229000e-02  -8.5165500e-01   6.6551000e-02   5.1938500e-01  -2.0948700e-01  -2.8422000e-01  -2.7483600e-01
  -2.1374000e-02  -8.5011700e-01   7.0946000e-02   5.2135400e-01  -2.0662600e-01  -2.8130200e-01  -2.7536600e-01
  -2.0490000e-02  -8.4850800e-01   7.5069000e-02   5.2343100e-01  -2.0373800e-01  -2.7850200e-01  -2.7579400e-01
  -2.0502000e-02  -8.4697000e-01   7.7448000e-02   5.2557000e-01  -2.0082900e-01  -2.7582000e-01  -2.7612500e-01
  -2.0306000e-02  -8.4534300e-01   7.9904000e-02   5.2782300e-01  -1.9790500e-01  -2.7326200e-01  -2.7635800e-01
  -1.9876000e-02  -8.4362300e-01   8.2511000e-02   5.3018600e-01  -1.9497500e-01  -2.7083100e-01  -2.7649700e-01
  -1.8426000e-02  -8.4121400e-01   8.5846000e-02   5.3352600e-01  -1.9188700e-01  -2.6867300e-01  -2.7712300e-01
  -1.6483000e-02  -8.3782400e-01   8.8693000e-02   5.3843500e-01  -1.8851300e-01  -2.6686700e-01  -2.7864700e-01
  -1.5810000e-02  -8.3413700e-01   8.9016000e-02   5.4409600e-01  -1.8498600e-01  -2.6525900e-01  -2.8055700e-01
  -1.5843000e-02  -8.3024100e-01   8.8052000e-02   5.5017900e-01  -1.8135600e-01  -2.6377700e-01  -2.8260400e-01
  -1.5546000e-02  -8.2606800e-01   8.7497000e-02   5.5652000e-01  -1.7766000e-01  -2.6239300e-01  -2.8467600e-01
  -1.4857000e-02  -8.2168100e-01   8.7418000e-02   5.6300800e-01  -1.7391700e-01  -2.6109100e-01  -2.8672400e-01
  -1.5163000e-02  -8.1732800e-01   8.5821000e-02   5.6954300e-01  -1.7013900e-01  -2.5986000e-01  -2.8871500e-01
  -1.5851000e-02  -8.1293200e-01   8.3644000e-02   5.7610300e-01  -1.6633500e-01  -2.5869400e-01  -2.9063900e-01
  -1.5717000e-02  -8.0833700e-01   8.2597000e-02   5.8268500e-01  -1.6252200e-01  -2.5760200e-01  -2.9247800e-01
  -1.4667000e-02  -8.0356700e-01   8.2744000e-02   5.8925300e-01  -1.5871400e-01  -2.5657600e-01  -2.9423200e-01
  -1.4359000e-02  -7.9888000e-01   8.1802000e-02   5.9572900e-01  -1.5492300e-01  -2.5561500e-01  -2.9588800e-01
  -1.4359000e-02  -7.9888000e-01   8.1802000e-02   5.9572900e-01  -1.5492300e-01  -2.5561500e-01  -2.9588800e-01
  -1.5942000e-02  -7.9443900e-01   7.8297000e-02   6.0206500e-01  -1.5116600e-01  -2.5472100e-01  -2.9745500e-01
  -1.6747000e-02  -7.8989300e-01   7.5797000e-02   6.0831200e-01  -1.4745100e-01  -2.5389800e-01  -2.9893400e-01
  -1.5760000e-02  -7.8514900e-01   7.5566000e-02   6.1447800e-01  -1.4378800e-01  -2.5313600e-01  -3.0032500e-01
  -1.4359000e-02  -7.8039400e-01   7.5776000e-02   6.2051400e-01  -1.4018900e-01  -2.5243400e-01  -3.0163700e-01
  -1.3521000e-02  -7.7576000e-01   7.5192000e-02   6.2638600e-01  -1.3666500e-01  -2.5179600e-01  -3.0287500e-01
  -1.2936000e-02  -7.7121300e-01   7.4186000e-02   6.3210700e-01  -1.3322100e-01  -2.5122400e-01  -3.0405700e-01
  -1.1648000e-02  -7.6664200e-01   7.3971000e-02   6.3769400e-01  -1.2985800e-01  -2.5071500e-01  -3.0517600e-01
  -9.8720000e-03  -7.6208000e-01   7.4254000e-02   6.4313500e-01  -1.2657800e-01  -2.5026300e-01  -3.0623400e-01
  -8.9510000e-03  -7.5770700e-01   7.3403000e-02   6.4839200e-01  -1.2339100e-01  -2.4987400e-01  -3.0724000e-01
  -8.5440000e-03  -7.5347200e-01   7.1862000e-02   6.5348600e-01  -1.2029300e-01  -2.4954400e-01  -3.0819900e-01
  -6.1600000e-03  -7.4511900e-01   7.0543000e-02   6.6316200e-01  -1.1438500e-01  -2.4902800e-01  -3.0991500e-01
  -5.4780000e-03  -7.4123700e-01   6.9375000e-02   6.6762600e-01  -1.1163200e-01  -2.4882300e-01  -3.1065400e-01
  -5.0350000e-03  -7.3756300e-01   6.7985000e-02   6.7182900e-01  -1.0902300e-01  -2.4864300e-01  -3.1132600e-01
  -4.5860000e-03  -7.3407200e-01   6.6675000e-02   6.7577500e-01  -1.0656300e-01  -2.4848800e-01  -3.1193800e-01
  -4.1880000e-03  -7.3077400e-01   6.5392000e-02   6.7946700e-01  -1.0424600e-01  -2.4834900e-01  -3.1248700e-01
  -3.9840000e-03  -7.2763800e-01   6.4047000e-02   6.8295300e-01  -1.0203700e-01  -2.4820700e-01  -3.1296400e-01
  -2.9670000e-03  -7.2172900e-01   6.2431000e-02   6.8934800e-01  -9.7947000e-02  -2.4791600e-01  -3.1374600e-01
  -5.3110000e-03  -7.1921000e-01   5.8834000e-02   6.9227700e-01  -9.6049000e-02  -2.4777100e-01  -3.1406600e-01
  -6.1290000e-03  -7.1666600e-01   5.6970000e-02   6.9505900e-01  -9.4244000e-02  -2.4763000e-01  -3.1434100e-01
  -6.5580000e-03  -7.1420200e-01   5.5665000e-02   6.9769200e-01  -9.2528000e-02  -2.4749200e-01  -3.1456200e-01
  -7.7130000e-03  -7.1191900e-01   5.3777000e-02   7.0015700e-01  -9.0913000e-02  -2.4735400e-01  -3.1474000e-01
  -1.1132000e-02  -7.0779000e-01   4.9351000e-02   7.0460900e-01  -8.7967000e-02  -2.4709000e-01  -3.1496400e-01
  -1.2660000e-02  -7.0587800e-01   4.7532000e-02   7.0662300e-01  -8.6625000e-02  -2.4696200e-01  -3.1501900e-01
  -1.2684000e-02  -7.0398400e-01   4.7345000e-02   7.0852200e-01  -8.5370000e-02  -2.4683300e-01  -3.1503800e-01
  -1.4064000e-02  -7.0407500e-01   4.5973000e-02   7.0849600e-01  -8.5370000e-02  -2.4683300e-01  -3.1503800e-01
  -1.4786000e-02  -7.0234600e-01   4.5226000e-02   7.1024400e-01  -8.4202000e-02  -2.4669800e-01  -3.1503000e-01
  -1.5503000e-02  -7.0073300e-01   4.4604000e-02   7.1185900e-01  -8.3119000e-02  -2.4655500e-01  -3.1499900e-01
  -1.6334000e-02  -6.9925100e-01   4.3959000e-02   7.1333600e-01  -8.2118000e-02  -2.4639900e-01  -3.1495300e-01
  -1.7266000e-02  -6.9791700e-01   4.3282000e-02   7.1466100e-01  -8.1209000e-02  -2.4623000e-01  -3.1490100e-01
  -1.8102000e-02  -6.9671300e-01   4.2742000e-02   7.1584600e-01  -8.0389000e-02  -2.4604900e-01  -3.1485100e-01
  -1.8684000e-02  -6.9562500e-01   4.2486000e-02   7.1690400e-01  -7.9657000e-02  -2.4585600e-01  -3.1481100e-01
  -1.9248000e-02  -6.9467000e-01   4.2273000e-02   7.1782800e-01  -7.9020000e-02  -2.4564800e-01  -3.1479700e-01
  -1.9894000e-02  -6.9385200e-01   4.2012000e-02   7.1861600e-01  -7.8480000e-02  -2.4542500e-01  -3.1480900e-01
  -2.0797000e-02  -6.9316500e-01   4.1541000e-02   7.1928000e-01  -7.8027000e-02  -2.4518900e-01  -3.1484900e-01
  -2.1701000e-02  -6.9258900e-01   4.1108000e-02   7.1983300e-01  -7.7665000e-02  -2.4494600e-01  -3.1491600e-01
  -2.3013000e-02  -6.9213700e-01   4.0346000e-02   7.2027000e-01  -7.7385000e-02  -2.4469200e-01  -3.1500600e-01
  -2.5032000e-02  -6.9181700e-01   3.8962000e-02   7.2058600e-01  -7.7184000e-02  -2.4443100e-01  -3.1511600e-01
  -2.6528000e-02  -6.9155600e-01   3.8147000e-02   7.2082700e-01  -7.7054000e-02  -2.4416100e-01  -3.1523900e-01
  -2.7580000e-02  -6.9134500e-01   3.7804000e-02   7.2100800e-01  -7.6985000e-02  -2.4388700e-01  -3.1537700e-01
  -2.9003000e-02  -6.9121000e-01   3.7149000e-02   7.2111500e-01  -7.6967000e-02  -2.4361000e-01  -3.1552500e-01
  -3.0170000e-02  -6.9109800e-01   3.6794000e-02   7.2119300e-01  -7.6986000e-02  -2.4332600e-01  -3.1568400e-01
  -3.0480000e-02  -6.9097100e-01   3.7297000e-02   7.2127600e-01  -7.7031000e-02  -2.4303200e-01  -3.1585200e-01
  -3.1172000e-02  -6.9089000e-01   3.7446000e-02   7.2131600e-01  -7.7096000e-02  -2.4273100e-01  -3.1602800e-01
  -3.0568000e-02  -6.9085800e-01   3.8024000e-02   7.2134200e-01  -7.7096000e-02  -2.4273100e-01  -3.1602800e-01
  -3.1324000e-02  -6.9080600e-01   3.8102000e-02   7.2135600e-01  -7.7175000e-02  -2.4242900e-01  -3.1620500e-01
  -3.2079000e-02  -6.9076700e-01   3.8154000e-02   7.2135700e-01  -7.7257000e-02  -2.4212800e-01  -3.1638400e-01
  -3.2512000e-02  -6.9071400e-01   3.8481000e-02   7.2137100e-01  -7.7335000e-02  -2.4182500e-01  -3.1656700e-01
  -3.3009000e-02  -6.9065500e-01   3.8695000e-02   7.2139400e-01  -7.7402000e-02  -2.4152400e-01  -3.1675700e-01
  -3.3645000e-02  -6.9059800e-01   3.8717000e-02   7.2141800e-01  -7.7456000e-02  -2.4123100e-01  -3.1694600e-01
  -3.3886000e-02  -6.9051200e-01   3.9064000e-02   7.2146900e-01  -7.7499000e-02  -2.4095500e-01  -3.1712900e-01
  -3.3468000e-02  -6.9037200e-01   3.9979000e-02   7.2157300e-01  -7.7527000e-02  -2.4069300e-01  -3.1731500e-01
  -3.3241000e-02  -6.9023400e-01   4.0642000e-02   7.2167900e-01  -7.7544000e-02  -2.4045100e-01  -3.1749600e-01
  -3.3142000e-02  -6.9011800e-01   4.1094000e-02   7.2176800e-01  -7.7556000e-02  -2.4023300e-01  -3.1766900e-01
  -3.2756000e-02  -6.8999800e-01   4.1747000e-02   7.2186300e-01  -7.7577000e-02  -2.4005200e-01  -3.1783700e-01
  -3.2133000e-02  -6.8989800e-01   4.2553000e-02   7.2194000e-01  -7.7614000e-02  -2.3990600e-01  -3.1799400e-01
  -3.1635000e-02  -6.8984700e-01   4.3191000e-02   7.2197300e-01  -7.7676000e-02  -2.3979200e-01  -3.1814300e-01
  -3.1323000e-02  -6.8985000e-01   4.3633000e-02   7.2195700e-01  -7.7772000e-02  -2.3970900e-01  -3.1828400e-01
  -3.1776000e-02  -6.8993500e-01   4.3340000e-02   7.2187400e-01  -7.7901000e-02  -2.3965100e-01  -3.1842000e-01
  -3.2393000e-02  -6.9006300e-01   4.2878000e-02   7.2175100e-01  -7.8063000e-02  -2.3961700e-01  -3.1856100e-01
