   9.4899000e-02  -1.8345800e-01   1.3151000e-02   9.7834800e-01   1.6332900e-01  -2.1186700e-01  -2.5200000e-03
   9.4980000e-02  -1.8422000e-01   1.1888000e-02   9.7821300e-01   1.6322700e-01  -2.1245000e-01  -2.8100000e-03
   9.4599000e-02  -1.8503800e-01   1.0328000e-02   9.7811300e-01   1.6309900e-01  -2.1311900e-01  -3.0460000e-03
   9.3898000e-02  -1.8547400e-01   9.4120000e-03   9.7810700e-01   1.6302400e-01  -2.1346800e-01  -3.1420000e-03
   9.2893000e-02  -1.8593800e-01   8.4060000e-03   9.7812400e-01   1.6293100e-01  -2.1382800e-01  -3.1980000e-03
   8.9527000e-02  -1.8696400e-01   5.9360000e-03   9.7826100e-01   1.6268800e-01  -2.1462000e-01  -3.1880000e-03
   8.7547000e-02  -1.8819800e-01   3.2060000e-03   9.7821600e-01   1.6234100e-01  -2.1561900e-01  -3.0070000e-03
   8.5802000e-02  -1.8946900e-01   6.1000000e-05   9.7813100e-01   1.6191700e-01  -2.1679300e-01  -2.5910000e-03
   8.1569000e-02  -1.9080000e-01  -3.9600000e-03   9.7822600e-01   1.6140100e-01  -2.1810900e-01  -1.9510000e-03
   7.3953000e-02  -1.9211700e-01  -9.1870000e-03   9.7853900e-01   1.6078400e-01  -2.1962400e-01  -1.0420000e-03
   6.9216000e-02  -1.9274800e-01  -1.2257000e-02   9.7872700e-01   1.6043700e-01  -2.2048600e-01  -4.9000000e-04
   6.3498000e-02  -1.9336300e-01  -1.5709000e-02   9.7894400e-01   1.6005900e-01  -2.2141800e-01   1.1700000e-04
   5.5817000e-02  -1.9392400e-01  -1.9770000e-02   9.7922800e-01   1.5964600e-01  -2.2243400e-01   7.8900000e-04
   5.1843000e-02  -1.9567100e-01  -2.6773000e-02   9.7893200e-01   1.5841800e-01  -2.2524100e-01   2.6140000e-03
   5.4550000e-02  -1.9792000e-01  -3.3171000e-02   9.7813700e-01   1.5673200e-01  -2.2922900e-01   4.6980000e-03
   6.0323000e-02  -2.0069700e-01  -3.9772000e-02   9.7698500e-01   1.5473900e-01  -2.3385400e-01   6.8260000e-03
   6.9230000e-02  -2.0415600e-01  -4.6578000e-02   9.7537600e-01   1.5243600e-01  -2.3902000e-01   8.9210000e-03
   7.3636000e-02  -2.0804500e-01  -5.5246000e-02   9.7377800e-01   1.4975100e-01  -2.4484500e-01   1.0948000e-02
   7.3636000e-02  -2.0804500e-01  -5.5246000e-02   9.7377800e-01   1.4975100e-01  -2.4484500e-01   1.0948000e-02
   7.2836000e-02  -2.1214000e-01  -6.5792000e-02   9.7229800e-01   1.4666000e-01  -2.5128600e-01   1.2917000e-02
   7.2313000e-02  -2.1456800e-01  -7.1598000e-02   9.7139300e-01   1.4477200e-01  -2.5503500e-01   1.3962000e-02
   7.0268000e-02  -2.2018700e-01  -8.5168000e-02   9.6918900e-01   1.4024300e-01  -2.6381500e-01   1.6043000e-02
   6.4048000e-02  -2.2594500e-01  -1.0077700e-01   9.6679400e-01   1.3502400e-01  -2.7342200e-01   1.7972000e-02
   5.4027000e-02  -2.3140200e-01  -1.1770500e-01   9.6419900e-01   1.2932300e-01  -2.8325100e-01   1.9695000e-02
   3.9302000e-02  -2.3615900e-01  -1.3623400e-01   9.6131400e-01   1.2315900e-01  -2.9316100e-01   2.1257000e-02
   2.9006000e-02  -2.3805400e-01  -1.4633100e-01   9.5972700e-01   1.1989700e-01  -2.9809100e-01   2.1971000e-02
   1.8368000e-02  -2.3982600e-01  -1.5657900e-01   9.5793000e-01   1.1651100e-01  -3.0298500e-01   2.2638000e-02
  -1.0572000e-02  -2.4208000e-01  -1.7948500e-01   9.5345200e-01   1.0910100e-01  -3.1286800e-01   2.3851000e-02
  -1.4638000e-02  -2.4552200e-01  -1.8890500e-01   9.5069400e-01   1.0486100e-01  -3.1803700e-01   2.4365000e-02
  -1.7280000e-02  -2.5440400e-01  -2.0680400e-01   9.4457000e-01   9.5676000e-02  -3.2831100e-01   2.5101000e-02
  -1.8525000e-02  -2.6431900e-01  -2.2425200e-01   9.3781900e-01   8.5941000e-02  -3.3809800e-01   2.5501000e-02
  -1.9995000e-02  -2.6930300e-01  -2.3302200e-01   9.3422500e-01   8.0940000e-02  -3.4272200e-01   2.5568000e-02
  -2.3325000e-02  -2.7392200e-01  -2.4204400e-01   9.3050400e-01   7.5854000e-02  -3.4715800e-01   2.5581000e-02
  -2.3325000e-02  -2.7392200e-01  -2.4204400e-01   9.3050400e-01   7.5854000e-02  -3.4715800e-01   2.5581000e-02
  -3.5644000e-02  -2.8279100e-01  -2.6205300e-01   9.2200200e-01   6.4835000e-02  -3.5584600e-01   2.5241000e-02
  -4.0707000e-02  -2.8825200e-01  -2.7231600e-01   9.1711400e-01   5.8815000e-02  -3.6008700e-01   2.4835000e-02
  -4.4223000e-02  -2.9469000e-01  -2.8237600e-01   9.1184700e-01   5.2448000e-02  -3.6425000e-01   2.4255000e-02
  -4.6827000e-02  -3.0198500e-01  -2.9234000e-01   9.0617300e-01   4.5738000e-02  -3.6830000e-01   2.3488000e-02
  -4.6902000e-02  -3.0196100e-01  -2.9236500e-01   9.0616900e-01   4.5738000e-02  -3.6830000e-01   2.3488000e-02
  -5.1334000e-02  -3.0919700e-01  -3.0293600e-01   8.9999500e-01   3.8715000e-02  -3.7220300e-01   2.2536000e-02
  -5.5182000e-02  -3.1711500e-01  -3.1330900e-01   8.9343700e-01   3.1406000e-02  -3.7592200e-01   2.1406000e-02
  -5.7481000e-02  -3.2604700e-01  -3.2307600e-01   8.8657200e-01   2.3849000e-02  -3.7943800e-01   2.0100000e-02
  -5.8951000e-02  -3.3577800e-01  -3.3235800e-01   8.7938400e-01   1.6079000e-02  -3.8271400e-01   1.8613000e-02
  -5.9743000e-02  -3.4623700e-01  -3.4102400e-01   8.7192500e-01   8.1120000e-03  -3.8575100e-01   1.6973000e-02
  -6.0302000e-02  -3.5726100e-01  -3.4913500e-01   8.6419500e-01  -2.1000000e-05  -3.8851600e-01   1.5192000e-02
  -5.9537000e-02  -3.6930600e-01  -3.5616000e-01   8.5628200e-01  -8.2980000e-03  -3.9098400e-01   1.3281000e-02
  -5.6429000e-02  -3.8073900e-01  -3.6146200e-01   8.4923400e-01  -1.5798000e-02  -3.9378300e-01   1.1365000e-02
  -5.1672000e-02  -3.8953800e-01  -3.6530600e-01   8.4388500e-01  -2.1757000e-02  -3.9753500e-01   9.5110000e-03
  -4.8479000e-02  -3.9619100e-01  -3.6937200e-01   8.3919400e-01  -2.6997000e-02  -4.0172200e-01   7.5930000e-03
  -4.7499000e-02  -4.0126700e-01  -3.7410600e-01   8.3473000e-01  -3.1914000e-02  -4.0606800e-01   5.5660000e-03
  -4.7883000e-02  -4.0554600e-01  -3.7922200e-01   8.3031900e-01  -3.6708000e-02  -4.1043200e-01   3.4070000e-03
  -4.8264000e-02  -4.0989600e-01  -3.8410700e-01   8.2590400e-01  -4.1484000e-02  -4.1473000e-01   1.0960000e-03
  -4.9203000e-02  -4.1435300e-01  -3.8901200e-01   8.2131600e-01  -4.6333000e-02  -4.1887600e-01  -1.4250000e-03
  -5.0685000e-02  -4.1839100e-01  -3.9403800e-01   8.1677000e-01  -5.1111000e-02  -4.2293100e-01  -3.9740000e-03
  -5.0911000e-02  -4.2313400e-01  -3.9820700e-01   8.1227900e-01  -5.5877000e-02  -4.2684400e-01  -6.6310000e-03
  -5.0911000e-02  -4.2313400e-01  -3.9820700e-01   8.1227900e-01  -5.5877000e-02  -4.2684400e-01  -6.6310000e-03
  -5.0300000e-02  -4.2874500e-01  -4.0160900e-01   8.0768700e-01  -6.0720000e-02  -4.3054600e-01  -9.4880000e-03
  -4.9959000e-02  -4.3468600e-01  -4.0478800e-01   8.0293100e-01  -6.5638000e-02  -4.3403400e-01  -1.2543000e-02
  -4.9336000e-02  -4.4089400e-01  -4.0748400e-01   7.9820700e-01  -7.0521000e-02  -4.3736200e-01  -1.5705000e-02
  -4.7538000e-02  -4.4783100e-01  -4.0918400e-01   7.9357200e-01  -7.5373000e-02  -4.4053500e-01  -1.8974000e-02
  -4.4937000e-02  -4.5561100e-01  -4.0993300e-01   7.8889400e-01  -8.0262000e-02  -4.4347000e-01  -2.2408000e-02
  -4.3465000e-02  -4.6325300e-01  -4.1078900e-01   7.8406600e-01  -8.5176000e-02  -4.4615400e-01  -2.6024000e-02
  -4.2804000e-02  -4.7056500e-01  -4.1168000e-01   7.7926600e-01  -8.9999000e-02  -4.4864800e-01  -2.9738000e-02
  -4.1640000e-02  -4.7821300e-01  -4.1182000e-01   7.7458500e-01  -9.4716000e-02  -4.5094900e-01  -3.3542000e-02
  -3.9192000e-02  -4.8713900e-01  -4.1047500e-01   7.6985000e-01  -9.9456000e-02  -4.5293300e-01  -3.7570000e-02
  -3.6847000e-02  -4.9609500e-01  -4.0864800e-01   7.6520500e-01  -1.0406200e-01  -4.5470800e-01  -4.1705000e-02
  -3.3662000e-02  -5.1383800e-01  -4.0416900e-01   7.5596700e-01  -1.1296900e-01  -4.5751100e-01  -5.0369000e-02
  -2.8617000e-02  -5.3249300e-01  -3.9648700e-01   7.4728200e-01  -1.2125500e-01  -4.5938700e-01  -5.9040000e-02
  -2.3303000e-02  -5.5047600e-01  -3.8721800e-01   7.3925300e-01  -1.2882300e-01  -4.6050300e-01  -6.7309000e-02
  -2.0643000e-02  -5.6611800e-01  -3.7890700e-01   7.3178800e-01  -1.3573000e-01  -4.6101600e-01  -7.5103000e-02
  -2.0643000e-02  -5.6611800e-01  -3.7890700e-01   7.3178800e-01  -1.3573000e-01  -4.6101600e-01  -7.5103000e-02
  -1.8212000e-02  -5.8075500e-01  -3.7011100e-01   7.2485100e-01  -1.4201700e-01  -4.6102800e-01  -8.2459000e-02
  -1.5354000e-02  -5.9566100e-01  -3.5970100e-01   7.1803000e-01  -1.4801100e-01  -4.6050900e-01  -8.9941000e-02
  -1.9804000e-02  -6.0494600e-01  -3.5560200e-01   7.1217600e-01  -1.5310300e-01  -4.5974600e-01  -9.6374000e-02
  -1.2884000e-02  -6.1548000e-01  -3.4434000e-01   7.0883600e-01  -1.5628700e-01  -4.5914300e-01  -1.0037300e-01
  -1.1242000e-02  -6.2894800e-01  -3.3247900e-01   7.0267800e-01  -1.6200800e-01  -4.5780200e-01  -1.0754700e-01
  -1.0442000e-02  -6.3796100e-01  -3.2394800e-01   6.9853700e-01  -1.6587400e-01  -4.5665000e-01  -1.1249000e-01
  -1.0773000e-02  -6.4461800e-01  -3.1772000e-01   6.9527400e-01  -1.6891100e-01  -4.5560900e-01  -1.1641500e-01
  -1.0246000e-02  -6.5073100e-01  -3.1133700e-01   6.9246900e-01  -1.7152100e-01  -4.5461300e-01  -1.1982000e-01
  -8.4970000e-03  -6.6198100e-01  -2.9840600e-01   6.8750500e-01  -1.7607400e-01  -4.5255600e-01  -1.2598100e-01
  -1.0299000e-02  -6.7126000e-01  -2.8786500e-01   6.8296200e-01  -1.8028300e-01  -4.5014600e-01  -1.3208300e-01
  -1.1270000e-02  -6.8025400e-01  -2.7601200e-01   6.7892900e-01  -1.8401800e-01  -4.4746200e-01  -1.3797600e-01
  -1.5266000e-02  -6.8729100e-01  -2.6714200e-01   6.7530200e-01  -1.8718500e-01  -4.4457200e-01  -1.4357100e-01
  -1.1622000e-02  -6.9275400e-01  -2.5692600e-01   6.7375500e-01  -1.8854100e-01  -4.4304500e-01  -1.4627400e-01
  -1.1699000e-02  -7.0022400e-01  -2.4396400e-01   6.7084400e-01  -1.9080900e-01  -4.3985500e-01  -1.5148400e-01
  -1.1643000e-02  -7.0371900e-01  -2.3736800e-01   6.6955300e-01  -1.9174200e-01  -4.3820200e-01  -1.5399400e-01
  -1.3181000e-02  -7.0976100e-01  -2.2560100e-01   6.6721000e-01  -1.9319200e-01  -4.3468500e-01  -1.5895600e-01
  -8.0220000e-03  -7.1462000e-01  -2.1284900e-01   6.6629500e-01  -1.9367400e-01  -4.3271700e-01  -1.6151800e-01
  -6.3450000e-03  -7.2087200e-01  -1.9615500e-01   6.6470100e-01  -1.9419900e-01  -4.2857600e-01  -1.6655000e-01
  -5.8630000e-03  -7.2359700e-01  -1.8796300e-01   6.6411100e-01  -1.9423500e-01  -4.2639300e-01  -1.6902700e-01
   1.2500000e-04  -7.2532000e-01  -1.8149900e-01   6.6405500e-01  -1.9432800e-01  -4.2642600e-01  -1.6902400e-01
  -3.9710000e-03  -7.2759400e-01  -1.7404900e-01   6.6355000e-01  -1.9390000e-01  -4.2293000e-01  -1.7271000e-01
   1.5950000e-03  -7.2902800e-01  -1.6794000e-01   6.6356000e-01  -1.9390000e-01  -4.2293000e-01  -1.7271000e-01
   2.6790000e-03  -7.3182300e-01  -1.5627500e-01   6.6332900e-01  -1.9331100e-01  -4.1980400e-01  -1.7582700e-01
   3.9980000e-03  -7.3414700e-01  -1.4489700e-01   6.6333800e-01  -1.9251200e-01  -4.1677800e-01  -1.7867600e-01
   6.4690000e-03  -7.3628300e-01  -1.3232200e-01   6.6357800e-01  -1.9148300e-01  -4.1371800e-01  -1.8139300e-01
   1.0203000e-02  -7.3822800e-01  -1.1828300e-01   6.6402200e-01  -1.9020300e-01  -4.1057100e-01  -1.8402700e-01
   1.2613000e-02  -7.3950800e-01  -1.0557100e-01   6.6469800e-01  -1.8867000e-01  -4.0730600e-01  -1.8660200e-01
   1.2802000e-02  -7.4007700e-01  -9.5239000e-02   6.6562100e-01  -1.8688200e-01  -4.0392600e-01  -1.8910900e-01
   1.0866000e-02  -7.4003500e-01  -8.7212000e-02   6.6680200e-01  -1.8484200e-01  -4.0044100e-01  -1.9153100e-01
   8.4140000e-03  -7.3967400e-01  -7.9719000e-02   6.6817400e-01  -1.8257800e-01  -3.9685900e-01  -1.9386500e-01
   8.6600000e-03  -7.3935800e-01  -6.9200000e-02   6.6969100e-01  -1.8009800e-01  -3.9317700e-01  -1.9610700e-01
   8.7810000e-03  -7.3870700e-01  -5.8845000e-02   6.7139600e-01  -1.7743400e-01  -3.8942500e-01  -1.9823500e-01
   7.9430000e-03  -7.3768100e-01  -4.9660000e-02   6.7327300e-01  -1.7458500e-01  -3.8561900e-01  -2.0023300e-01
   5.2000000e-03  -7.3628000e-01  -4.2705000e-02   6.7530800e-01  -1.7152500e-01  -3.8175000e-01  -2.0209500e-01
   3.7530000e-03  -7.3476300e-01  -3.4508000e-02   6.7743500e-01  -1.6829700e-01  -3.7783700e-01  -2.0381800e-01
   4.9570000e-03  -7.3313500e-01  -2.3604000e-02   6.7965500e-01  -1.6488700e-01  -3.7386300e-01  -2.0540400e-01
   4.9570000e-03  -7.3313500e-01  -2.3604000e-02   6.7965500e-01  -1.6488700e-01  -3.7386300e-01  -2.0540400e-01
   6.7220000e-03  -7.3122100e-01  -1.2278000e-02   6.8199700e-01  -1.6130200e-01  -3.6983200e-01  -2.0684100e-01
   2.5600000e-03  -7.2648000e-01   1.8260000e-03   6.8718000e-01  -1.5387800e-01  -3.6172200e-01  -2.0924300e-01
   2.5600000e-03  -7.2648000e-01   1.8260000e-03   6.8718000e-01  -1.5387800e-01  -3.6172200e-01  -2.0924300e-01
  -6.0000000e-04  -7.2385200e-01   7.6690000e-03   6.8991200e-01  -1.5005000e-01  -3.5761200e-01  -2.1023400e-01
  -6.5610000e-03  -7.2117200e-01   1.0570000e-02   6.9264500e-01  -1.4615400e-01  -3.5344400e-01  -2.1110300e-01
  -1.4881000e-02  -7.1847800e-01   1.1091000e-02   6.9530200e-01  -1.4224300e-01  -3.4923400e-01  -2.1185900e-01
  -2.2316000e-02  -7.1578200e-01   1.2643000e-02   6.9785300e-01  -1.3835200e-01  -3.4497100e-01  -2.1252600e-01
  -3.0178000e-02  -7.1310400e-01   1.3925000e-02   7.0027000e-01  -1.3447100e-01  -3.4062800e-01  -2.1311200e-01
  -3.7933000e-02  -7.1049800e-01   1.5445000e-02   7.0250700e-01  -1.3063300e-01  -3.3621400e-01  -2.1363600e-01
  -4.4746000e-02  -7.0795300e-01   1.7959000e-02   7.0461200e-01  -1.2686400e-01  -3.3176500e-01  -2.1408700e-01
  -4.9386000e-02  -7.0543200e-01   2.2656000e-02   7.0669200e-01  -1.2326700e-01  -3.2735500e-01  -2.1447400e-01
  -5.3194000e-02  -7.0300500e-01   2.8068000e-02   7.0863700e-01  -1.1987300e-01  -3.2301700e-01  -2.1481300e-01
  -5.7146000e-02  -7.0072400e-01   3.3177000e-02   7.1036600e-01  -1.1668400e-01  -3.1876100e-01  -2.1511400e-01
  -6.0773000e-02  -6.9857900e-01   3.8446000e-02   7.1191000e-01  -1.1370000e-01  -3.1458800e-01  -2.1539000e-01
  -6.0773000e-02  -6.9857900e-01   3.8446000e-02   7.1191000e-01  -1.1370000e-01  -3.1458800e-01  -2.1539000e-01
  -6.8116000e-02  -6.9488200e-01   4.8233000e-02   7.1426400e-01  -1.0826500e-01  -3.0643600e-01  -2.1591100e-01
  -7.2217000e-02  -6.9330600e-01   5.2353000e-02   7.1510200e-01  -1.0579800e-01  -3.0249400e-01  -2.1614000e-01
  -7.5837000e-02  -6.9181400e-01   5.6664000e-02   7.1584300e-01  -1.0350600e-01  -2.9869300e-01  -2.1633700e-01
  -8.0327000e-02  -6.8889400e-01   6.6976000e-02   7.1727800e-01  -9.9423000e-02  -2.9158800e-01  -2.1662600e-01
  -8.8019000e-02  -6.8811700e-01   6.6271000e-02   7.1718600e-01  -9.7648000e-02  -2.8835600e-01  -2.1672200e-01
  -9.5416000e-02  -6.8626500e-01   7.1059000e-02   7.1755700e-01  -9.4624000e-02  -2.8261800e-01  -2.1684800e-01
  -9.8618000e-02  -6.8548600e-01   7.3191000e-02   7.1765400e-01  -9.3352000e-02  -2.8011100e-01  -2.1688400e-01
  -1.0161800e-01  -6.8479400e-01   7.5086000e-02   7.1770000e-01  -9.2216000e-02  -2.7782000e-01  -2.1690700e-01
  -1.0652000e-01  -6.8364700e-01   7.8824000e-02   7.1768100e-01  -9.0287000e-02  -2.7374300e-01  -2.1695700e-01
  -1.1031000e-01  -6.8277000e-01   8.2489000e-02   7.1753300e-01  -8.8861000e-02  -2.7030800e-01  -2.1707200e-01
  -1.1381600e-01  -6.8222300e-01   8.5332000e-02   7.1717200e-01  -8.7823000e-02  -2.6742400e-01  -2.1724200e-01
  -1.1558900e-01  -6.8208800e-01   8.6350000e-02   7.1689600e-01  -8.7417000e-02  -2.6615300e-01  -2.1734600e-01
  -1.1706100e-01  -6.8201600e-01   8.7418000e-02   7.1659600e-01  -8.7061000e-02  -2.6496000e-01  -2.1746400e-01
  -1.1853400e-01  -6.8202000e-01   8.8296000e-02   7.1624200e-01  -8.6767000e-02  -2.6385200e-01  -2.1759700e-01
  -1.1971500e-01  -6.8207600e-01   8.9347000e-02   7.1586100e-01  -8.6564000e-02  -2.6281200e-01  -2.1777100e-01
  -1.2110800e-01  -6.8224700e-01   9.0089000e-02   7.1537100e-01  -8.6452000e-02  -2.6184200e-01  -2.1798700e-01
  -1.2290900e-01  -6.8254400e-01   9.0327000e-02   7.1475000e-01  -8.6417000e-02  -2.6094200e-01  -2.1823400e-01
  -1.2460900e-01  -6.8290700e-01   9.0544000e-02   7.1408200e-01  -8.6436000e-02  -2.6008800e-01  -2.1850800e-01
  -1.2554700e-01  -6.8323800e-01   9.1362000e-02   7.1349600e-01  -8.6507000e-02  -2.5929100e-01  -2.1880300e-01
  -1.2584500e-01  -6.8354700e-01   9.2686000e-02   7.1297700e-01  -8.6625000e-02  -2.5854100e-01  -2.1911700e-01
  -1.2648200e-01  -6.8392800e-01   9.3605000e-02   7.1237800e-01  -8.6767000e-02  -2.5782700e-01  -2.1943800e-01
  -1.2648200e-01  -6.8392800e-01   9.3605000e-02   7.1237800e-01  -8.6767000e-02  -2.5782700e-01  -2.1943800e-01
  -1.2730900e-01  -6.8440500e-01   9.4255000e-02   7.1168700e-01  -8.6921000e-02  -2.5711200e-01  -2.1977400e-01
  -1.2773800e-01  -6.8533800e-01   9.6490000e-02   7.1041100e-01  -8.7190000e-02  -2.5564400e-01  -2.2044400e-01
  -1.2772700e-01  -6.8533700e-01   9.6501000e-02   7.1041300e-01  -8.7190000e-02  -2.5564400e-01  -2.2044400e-01
  -1.2725900e-01  -6.8573700e-01   9.8130000e-02   7.0988800e-01  -8.7299000e-02  -2.5492800e-01  -2.2076000e-01
  -1.2689900e-01  -6.8615100e-01   9.9566000e-02   7.0935200e-01  -8.7389000e-02  -2.5422800e-01  -2.2105900e-01
  -1.2665300e-01  -6.8655400e-01   1.0081000e-01   7.0883000e-01  -8.7455000e-02  -2.5355600e-01  -2.2133200e-01
  -1.2640400e-01  -6.8689400e-01   1.0199600e-01   7.0837500e-01  -8.7504000e-02  -2.5293500e-01  -2.2157100e-01
  -1.2589200e-01  -6.8716400e-01   1.0335500e-01   7.0800800e-01  -8.7533000e-02  -2.5235100e-01  -2.2178400e-01
  -1.2493300e-01  -6.8732100e-01   1.0507200e-01   7.0777200e-01  -8.7521000e-02  -2.5178800e-01  -2.2195900e-01
  -1.2438300e-01  -6.8750500e-01   1.0632400e-01   7.0750300e-01  -8.7471000e-02  -2.5124000e-01  -2.2210400e-01
  -1.2443300e-01  -6.8774700e-01   1.0695800e-01   7.0716400e-01  -8.7400000e-02  -2.5070800e-01  -2.2222800e-01
  -1.2504300e-01  -6.8804200e-01   1.0700600e-01   7.0676200e-01  -8.7304000e-02  -2.5018900e-01  -2.2232700e-01
  -1.2472100e-01  -6.8816200e-01   1.0791600e-01   7.0656300e-01  -8.7180000e-02  -2.4968600e-01  -2.2240200e-01
