  -7.9630000e-03  -2.0324800e-01  -2.8307000e-02   9.7868600e-01   1.6136000e-01  -2.2808000e-01  -2.3752000e-02
  -8.6820000e-03  -2.0364300e-01  -2.8494000e-02   9.7859200e-01   1.6130400e-01  -2.2818100e-01  -2.4113000e-02
  -1.0195000e-02  -2.0409700e-01  -2.8817000e-02   9.7847300e-01   1.6119500e-01  -2.2830800e-01  -2.4375000e-02
  -1.1064000e-02  -2.0452500e-01  -2.9030000e-02   9.7836800e-01   1.6108000e-01  -2.2844700e-01  -2.4550000e-02
  -1.2061000e-02  -2.0471900e-01  -2.9292000e-02   9.7830800e-01   1.6101800e-01  -2.2852400e-01  -2.4612000e-02
  -1.1321000e-02  -2.0522800e-01  -2.9396000e-02   9.7820700e-01   1.6086700e-01  -2.2872000e-01  -2.4647000e-02
  -9.8560000e-03  -2.0581000e-01  -2.9511000e-02   9.7809700e-01   1.6065600e-01  -2.2898600e-01  -2.4491000e-02
  -6.0210000e-03  -2.0623700e-01  -2.8984000e-02   9.7805400e-01   1.6052000e-01  -2.2914600e-01  -2.4326000e-02
  -2.4870000e-03  -2.0667400e-01  -2.8573000e-02   9.7798900e-01   1.6036300e-01  -2.2932300e-01  -2.4096000e-02
  -1.9150000e-03  -2.0708800e-01  -2.8923000e-02   9.7789300e-01   1.6016800e-01  -2.2952100e-01  -2.3750000e-02
   1.5200000e-03  -2.0718900e-01  -2.8195000e-02   9.7789300e-01   1.6016800e-01  -2.2952100e-01  -2.3750000e-02
   6.8440000e-03  -2.0783500e-01  -2.7735000e-02   9.7774700e-01   1.5990800e-01  -2.2977900e-01  -2.3227000e-02
   1.3327000e-02  -2.0857300e-01  -2.7219000e-02   9.7753700e-01   1.5957900e-01  -2.3010900e-01  -2.2487000e-02
   2.0009000e-02  -2.0936700e-01  -2.6874000e-02   9.7726300e-01   1.5916000e-01  -2.3055100e-01  -2.1484000e-02
   2.5714000e-02  -2.1020500e-01  -2.6933000e-02   9.7694800e-01   1.5862400e-01  -2.3114200e-01  -2.0182000e-02
   3.0895000e-02  -2.1109100e-01  -2.7346000e-02   9.7659500e-01   1.5794800e-01  -2.3192500e-01  -1.8547000e-02
   3.6543000e-02  -2.1196800e-01  -2.8006000e-02   9.7619100e-01   1.5715800e-01  -2.3291500e-01  -1.6601000e-02
   4.4005000e-02  -2.1284600e-01  -2.8675000e-02   9.7567300e-01   1.5624600e-01  -2.3414500e-01  -1.4320000e-02
   5.1337000e-02  -2.1365300e-01  -2.9814000e-02   9.7510400e-01   1.5519900e-01  -2.3564700e-01  -1.1706000e-02
   5.7850000e-02  -2.1436900e-01  -3.1621000e-02   9.7452500e-01   1.5400100e-01  -2.3744900e-01  -8.7620000e-03
   6.5246000e-02  -2.1508400e-01  -3.3743000e-02   9.7382900e-01   1.5263900e-01  -2.3954200e-01  -5.5160000e-03
   7.2727000e-02  -2.1579100e-01  -3.6421000e-02   9.7304600e-01   1.5111600e-01  -2.4192700e-01  -2.0190000e-03
   8.2814000e-02  -2.1662000e-01  -3.9156000e-02   9.7194900e-01   1.4944800e-01  -2.4456900e-01   1.6530000e-03
   9.1573000e-02  -2.1744000e-01  -4.3031000e-02   9.7081500e-01   1.4761700e-01  -2.4756400e-01   5.4900000e-03
   1.0097100e-01  -2.1845600e-01  -4.7651000e-02   9.6943900e-01   1.4559500e-01  -2.5090000e-01   9.4390000e-03
   1.1230000e-01  -2.1982000e-01  -5.2722000e-02   9.6762000e-01   1.4336300e-01  -2.5457900e-01   1.3458000e-02
   1.2380800e-01  -2.2155800e-01  -5.8596000e-02   9.6547900e-01   1.4089500e-01  -2.5859800e-01   1.7484000e-02
   1.3486700e-01  -2.2371800e-01  -6.5410000e-02   9.6305900e-01   1.3819200e-01  -2.6293100e-01   2.1439000e-02
   1.4166100e-01  -2.2606300e-01  -7.4038000e-02   9.6090900e-01   1.3524500e-01  -2.6759100e-01   2.5262000e-02
   1.4629600e-01  -2.2641700e-01  -7.2947000e-02   9.6021400e-01   1.3524500e-01  -2.6759100e-01   2.5262000e-02
   1.6039900e-01  -2.2991400e-01  -8.0624000e-02   9.5651000e-01   1.3205300e-01  -2.7257800e-01   2.8892000e-02
   1.7828800e-01  -2.3445900e-01  -8.8118000e-02   9.5156600e-01   1.2863400e-01  -2.7786500e-01   3.2252000e-02
   1.9516500e-01  -2.3977200e-01  -9.6444000e-02   9.4610700e-01   1.2494600e-01  -2.8347000e-01   3.5314000e-02
   2.0956900e-01  -2.4571400e-01  -1.0596000e-01   9.4046700e-01   1.2101800e-01  -2.8934900e-01   3.8018000e-02
   2.2214300e-01  -2.5240000e-01  -1.1643400e-01   9.3455300e-01   1.1681500e-01  -2.9547500e-01   4.0339000e-02
   2.3533600e-01  -2.6018600e-01  -1.2720400e-01   9.2776000e-01   1.1233300e-01  -3.0181300e-01   4.2247000e-02
   2.4895800e-01  -2.6913600e-01  -1.3809800e-01   9.2006200e-01   1.0753800e-01  -3.0831900e-01   4.3739000e-02
   2.6038700e-01  -2.7889700e-01  -1.4970600e-01   9.1214200e-01   1.0240300e-01  -3.1497900e-01   4.4802000e-02
   2.6472900e-01  -2.8854100e-01  -1.6345700e-01   9.0550800e-01   9.6883000e-02  -3.2176500e-01   4.5459000e-02
   2.6168400e-01  -2.9764900e-01  -1.7953700e-01   9.0038500e-01   9.0954000e-02  -3.2865400e-01   4.5735000e-02
   2.4936300e-01  -3.0536400e-01  -1.9873500e-01   8.9726000e-01   8.4613000e-02  -3.3558600e-01   4.5663000e-02
   2.3628500e-01  -3.1313100e-01  -2.1805600e-01   8.9362800e-01   7.7802000e-02  -3.4251500e-01   4.5335000e-02
   2.2787400e-01  -3.2229200e-01  -2.3544000e-01   8.8812700e-01   7.0579000e-02  -3.4943200e-01   4.4711000e-02
   2.2083400e-01  -3.4480800e-01  -2.6496600e-01   8.7300200e-01   5.4983000e-02  -3.6291300e-01   4.2571000e-02
   2.1774700e-01  -3.6917800e-01  -2.8943000e-01   8.5587600e-01   3.8940000e-02  -3.7505000e-01   3.9713000e-02
   2.1572200e-01  -3.8090600e-01  -3.0040500e-01   8.4742600e-01   3.1129000e-02  -3.8044500e-01   3.8128000e-02
   2.0935500e-01  -4.0278000e-01  -3.2057600e-01   8.3136700e-01   1.6038000e-02  -3.8997500e-01   3.4745000e-02
   2.0234200e-01  -4.2346200e-01  -3.3753800e-01   8.1596900e-01   1.6890000e-03  -3.9800000e-01   3.1109000e-02
   1.9557800e-01  -4.4359400e-01  -3.5133900e-01   8.0095800e-01  -1.1927000e-02  -4.0465900e-01   2.7183000e-02
   1.8988100e-01  -4.6301800e-01  -3.6203800e-01   7.8644000e-01  -2.4567000e-02  -4.1036300e-01   2.2998000e-02
   1.8574900e-01  -4.7648500e-01  -3.7053400e-01   7.7534800e-01  -3.4080000e-02  -4.1723900e-01   1.8703000e-02
   1.7936300e-01  -4.8668500e-01  -3.7911800e-01   7.6631300e-01  -4.2359000e-02  -4.2419000e-01   1.3999000e-02
   1.7949400e-01  -4.9314600e-01  -3.8083000e-01   7.6128700e-01  -4.6275000e-02  -4.2751300e-01   1.1518000e-02
   1.7521100e-01  -5.0419000e-01  -3.8590800e-01   7.5244200e-01  -5.4055000e-02  -4.3371700e-01   6.2140000e-03
   1.7129100e-01  -5.1552500e-01  -3.8932400e-01   7.4385500e-01  -6.1621000e-02  -4.3935800e-01   5.6200000e-04
   1.6626300e-01  -5.2712500e-01  -3.9198500e-01   7.3542000e-01  -6.9172000e-02  -4.4432600e-01  -5.6490000e-03
   1.5994900e-01  -5.3831400e-01  -3.9441100e-01   7.2737500e-01  -7.6530000e-02  -4.4870700e-01  -1.2289000e-02
   1.5292300e-01  -5.4932800e-01  -3.9637000e-01   7.1954500e-01  -8.3708000e-02  -4.5253100e-01  -1.9322000e-02
   1.4576600e-01  -5.6098500e-01  -3.9718200e-01   7.1154400e-01  -9.0867000e-02  -4.5570400e-01  -2.6848000e-02
   1.3774600e-01  -5.7234100e-01  -3.9761400e-01   7.0381400e-01  -9.7820000e-02  -4.5830000e-01  -3.4749000e-02
   1.3585600e-01  -5.7934600e-01  -3.9566700e-01   6.9953400e-01  -1.0124800e-01  -4.5937500e-01  -3.8845000e-02
   1.2972000e-01  -5.9225800e-01  -3.9282200e-01   6.9144300e-01  -1.0798000e-01  -4.6105900e-01  -4.7317000e-02
   1.2238100e-01  -6.0480000e-01  -3.8967600e-01   6.8366100e-01  -1.1452700e-01  -4.6209500e-01  -5.6167000e-02
   1.1428400e-01  -6.1725200e-01  -3.8572500e-01   6.7613300e-01  -1.2095200e-01  -4.6249500e-01  -6.5365000e-02
   1.0549100e-01  -6.2951900e-01  -3.8113400e-01   6.6881600e-01  -1.2720400e-01  -4.6223900e-01  -7.4849000e-02
   9.6529000e-02  -6.4180300e-01  -3.7552100e-01   6.6163100e-01  -1.3321100e-01  -4.6129200e-01  -8.4579000e-02
   8.7593000e-02  -6.5423600e-01  -3.6858500e-01   6.5455900e-01  -1.3896400e-01  -4.5962400e-01  -9.4564000e-02
   8.2977000e-02  -6.6039400e-01  -3.6486200e-01   6.5105400e-01  -1.4170600e-01  -4.5849600e-01  -9.9658000e-02
   7.8123000e-02  -6.6641200e-01  -3.6115600e-01   6.4757900e-01  -1.4437900e-01  -4.5719000e-01  -1.0478800e-01
   6.7423000e-02  -6.7837600e-01  -3.5327900e-01   6.4066700e-01  -1.4957600e-01  -4.5387900e-01  -1.1547600e-01
   5.6502000e-02  -6.9098400e-01  -3.4320700e-01   6.3368500e-01  -1.5458800e-01  -4.4951300e-01  -1.2679300e-01
   4.5770000e-02  -7.0326200e-01  -3.3216200e-01   6.2689500e-01  -1.5923600e-01  -4.4442600e-01  -1.3793500e-01
   3.4931000e-02  -7.1477400e-01  -3.2101000e-01   6.2034700e-01  -1.6343100e-01  -4.3871200e-01  -1.4873400e-01
   2.4697000e-02  -7.2593400e-01  -3.0878900e-01   6.1405200e-01  -1.6717000e-01  -4.3238000e-01  -1.5920400e-01
   1.4903000e-02  -7.3654300e-01  -2.9584900e-01   6.0807500e-01  -1.7042400e-01  -4.2549800e-01  -1.6927200e-01
   6.4820000e-03  -7.4701800e-01  -2.8106600e-01   6.0243200e-01  -1.7326900e-01  -4.1817200e-01  -1.7887700e-01
  -6.0800000e-04  -7.5718600e-01  -2.6446800e-01   5.9726500e-01  -1.7568500e-01  -4.1048200e-01  -1.8795900e-01
  -7.7280000e-03  -7.6631900e-01  -2.4828500e-01   5.9249500e-01  -1.7754300e-01  -4.0243500e-01  -1.9653900e-01
  -1.5085000e-02  -7.7431100e-01  -2.3302500e-01   5.8814500e-01  -1.7892000e-01  -3.9419400e-01  -2.0452700e-01
  -1.9561000e-02  -7.7764600e-01  -2.2666900e-01   5.8609400e-01  -1.7945600e-01  -3.9002300e-01  -2.0830400e-01
  -2.9176000e-02  -7.8348100e-01  -2.1524600e-01   5.8221600e-01  -1.8022700e-01  -3.8156700e-01  -2.1546500e-01
  -3.7578000e-02  -7.8901500e-01  -2.0264800e-01   5.7877200e-01  -1.8058600e-01  -3.7297000e-01  -2.2211700e-01
  -4.4839000e-02  -7.9421400e-01  -1.8891000e-01   5.7578400e-01  -1.8060000e-01  -3.6429600e-01  -2.2825800e-01
  -5.2312000e-02  -7.9861000e-01  -1.7600000e-01   5.7315700e-01  -1.8027000e-01  -3.5559400e-01  -2.3389000e-01
  -5.9406000e-02  -8.0243500e-01  -1.6308600e-01   5.7094000e-01  -1.7960100e-01  -3.4688300e-01  -2.3902900e-01
  -6.6370000e-02  -8.0562200e-01  -1.5059500e-01   5.6911200e-01  -1.7861100e-01  -3.3822200e-01  -2.4367300e-01
  -7.2343000e-02  -8.0843800e-01  -1.3728300e-01   5.6775800e-01  -1.7735200e-01  -3.2965800e-01  -2.4783400e-01
  -7.7332000e-02  -8.1089200e-01  -1.2307400e-01   5.6685800e-01  -1.7586600e-01  -3.2119700e-01  -2.5154700e-01
  -7.9552000e-02  -8.1194300e-01  -1.1572400e-01   5.6659300e-01  -1.7503300e-01  -3.1701000e-01  -2.5323600e-01
  -8.4513000e-02  -8.1351200e-01  -1.0211400e-01   5.6624100e-01  -1.7322100e-01  -3.0874900e-01  -2.5629400e-01
  -8.9555000e-02  -8.1456100e-01  -8.9185000e-02   5.6614100e-01  -1.7126800e-01  -3.0068700e-01  -2.5894000e-01
  -9.3741000e-02  -8.1526000e-01  -7.5730000e-02   5.6641700e-01  -1.6917700e-01  -2.9286500e-01  -2.6118900e-01
  -9.6987000e-02  -8.1565500e-01  -6.1612000e-02   5.6701400e-01  -1.6701500e-01  -2.8528800e-01  -2.6308600e-01
  -1.0066800e-01  -8.1554200e-01  -4.8813000e-02   5.6778000e-01  -1.6474600e-01  -2.7799900e-01  -2.6462400e-01
  -1.0571000e-01  -8.1492700e-01  -3.8608000e-02   5.6853100e-01  -1.6238700e-01  -2.7101300e-01  -2.6582600e-01
  -1.1024900e-01  -8.1403200e-01  -2.8469000e-02   5.6954900e-01  -1.5997500e-01  -2.6438800e-01  -2.6671400e-01
  -1.1257700e-01  -8.1345300e-01  -2.3737000e-02   5.7013700e-01  -1.5874500e-01  -2.6122300e-01  -2.6704100e-01
  -1.1792800e-01  -8.1204300e-01  -1.5586000e-02   5.7134600e-01  -1.5624100e-01  -2.5513200e-01  -2.6748900e-01
  -1.2438600e-01  -8.1033000e-01  -9.5580000e-03   5.7254000e-01  -1.5368100e-01  -2.4942300e-01  -2.6766500e-01
  -1.3084300e-01  -8.0837000e-01  -4.1370000e-03   5.7393400e-01  -1.5106300e-01  -2.4411800e-01  -2.6758800e-01
  -1.3710700e-01  -8.0617200e-01   1.0510000e-03   5.7557600e-01  -1.4842500e-01  -2.3924500e-01  -2.6728100e-01
  -1.4312300e-01  -8.0377400e-01   6.1010000e-03   5.7743000e-01  -1.4579700e-01  -2.3479000e-01  -2.6678000e-01
  -1.4823000e-01  -8.0119500e-01   1.1875000e-02   5.7963300e-01  -1.4319800e-01  -2.3075100e-01  -2.6611600e-01
  -1.5029900e-01  -7.9983000e-01   1.5278000e-02   5.8090400e-01  -1.4191400e-01  -2.2887100e-01  -2.6573100e-01
  -1.5490800e-01  -7.9698400e-01   2.1118000e-02   5.8341600e-01  -1.3936500e-01  -2.2537500e-01  -2.6486600e-01
  -1.6066200e-01  -7.9284300e-01   2.4335000e-02   5.8736300e-01  -1.3629000e-01  -2.2236500e-01  -2.6498300e-01
  -1.6615700e-01  -7.8766200e-01   2.6955000e-02   5.9266600e-01  -1.3279500e-01  -2.1975300e-01  -2.6583100e-01
  -1.7055900e-01  -7.8226300e-01   3.0286000e-02   5.9837800e-01  -1.2926500e-01  -2.1741000e-01  -2.6674100e-01
  -1.7449300e-01  -7.7697500e-01   3.3368000e-02   6.0394400e-01  -1.2581700e-01  -2.1529700e-01  -2.6755300e-01
  -1.7895400e-01  -7.7196200e-01   3.4963000e-02   6.0895600e-01  -1.2250800e-01  -2.1339400e-01  -2.6824400e-01
  -1.8338300e-01  -7.6721900e-01   3.5871000e-02   6.1356200e-01  -1.1933500e-01  -2.1168700e-01  -2.6878800e-01
  -1.8644100e-01  -7.6273100e-01   3.7692000e-02   6.1811000e-01  -1.1632100e-01  -2.1015600e-01  -2.6921000e-01
  -1.8763500e-01  -7.6060600e-01   3.8711000e-02   6.2030000e-01  -1.1488400e-01  -2.0945400e-01  -2.6938400e-01
  -1.8954700e-01  -7.5658100e-01   4.0802000e-02   6.2449400e-01  -1.1216800e-01  -2.0817300e-01  -2.6971600e-01
  -1.9233100e-01  -7.5296100e-01   4.1164000e-02   6.2798400e-01  -1.0965700e-01  -2.0703800e-01  -2.7002800e-01
  -1.9495700e-01  -7.4966500e-01   4.1054000e-02   6.3111700e-01  -1.0732600e-01  -2.0605700e-01  -2.7030300e-01
  -1.9580000e-01  -7.4662700e-01   4.2365000e-02   6.3436200e-01  -1.0520000e-01  -2.0523300e-01  -2.7055400e-01
  -1.9584900e-01  -7.4392600e-01   4.4043000e-02   6.3739900e-01  -1.0331400e-01  -2.0452300e-01  -2.7081800e-01
  -1.9636300e-01  -7.4160800e-01   4.4702000e-02   6.3989100e-01  -1.0165400e-01  -2.0390900e-01  -2.7111300e-01
  -1.9727800e-01  -7.3965700e-01   4.4353000e-02   6.4189000e-01  -1.0018300e-01  -2.0339700e-01  -2.7143700e-01
  -1.9733600e-01  -7.3797700e-01   4.4471000e-02   6.4379400e-01  -9.8886000e-02  -2.0299600e-01  -2.7174400e-01
  -1.9648800e-01  -7.3654400e-01   4.5192000e-02   6.4564200e-01  -9.7755000e-02  -2.0267400e-01  -2.7205300e-01
  -1.9577200e-01  -7.3590800e-01   4.5761000e-02   6.4654300e-01  -9.7252000e-02  -2.0254200e-01  -2.7220800e-01
  -1.9502100e-01  -7.3485700e-01   4.5957000e-02   6.4795100e-01  -9.6364000e-02  -2.0234500e-01  -2.7250600e-01
  -1.9498200e-01  -7.3406300e-01   4.5192000e-02   6.4891500e-01  -9.5629000e-02  -2.0223100e-01  -2.7277700e-01
  -1.9454400e-01  -7.3340500e-01   4.4786000e-02   6.4981800e-01  -9.5016000e-02  -2.0219700e-01  -2.7299400e-01
  -1.9323100e-01  -7.3283500e-01   4.5272000e-02   6.5081900e-01  -9.4503000e-02  -2.0224000e-01  -2.7314900e-01
  -1.9173900e-01  -7.3240300e-01   4.5919000e-02   6.5170100e-01  -9.4103000e-02  -2.0234600e-01  -2.7324600e-01
  -1.9101300e-01  -7.3215200e-01   4.5703000e-02   6.5221100e-01  -9.3810000e-02  -2.0250300e-01  -2.7330600e-01
  -1.9078900e-01  -7.3202200e-01   4.5056000e-02   6.5246700e-01  -9.3626000e-02  -2.0268700e-01  -2.7335500e-01
  -1.9106800e-01  -7.3202100e-01   4.4302000e-02   6.5243900e-01  -9.3560000e-02  -2.0278100e-01  -2.7337300e-01
  -1.9035400e-01  -7.3199200e-01   4.4257000e-02   6.5268200e-01  -9.3475000e-02  -2.0296900e-01  -2.7339000e-01
  -1.8935500e-01  -7.3199900e-01   4.4646000e-02   6.5293900e-01  -9.3447000e-02  -2.0315400e-01  -2.7338400e-01
  -1.8895000e-01  -7.3210800e-01   4.4423000e-02   6.5294900e-01  -9.3466000e-02  -2.0334300e-01  -2.7334800e-01
  -1.8900700e-01  -7.3232100e-01   4.3712000e-02   6.5274200e-01  -9.3527000e-02  -2.0352100e-01  -2.7328800e-01
  -1.8867300e-01  -7.3258700e-01   4.3525000e-02   6.5255200e-01  -9.3631000e-02  -2.0366800e-01  -2.7319100e-01
  -1.8803400e-01  -7.3290200e-01   4.3736000e-02   6.5236900e-01  -9.3758000e-02  -2.0378400e-01  -2.7304500e-01
  -1.8754200e-01  -7.3326900e-01   4.3819000e-02   6.5209300e-01  -9.3902000e-02  -2.0388200e-01  -2.7287500e-01
  -1.8759600e-01  -7.3348200e-01   4.3542000e-02   6.5185600e-01  -9.3981000e-02  -2.0392600e-01  -2.7278400e-01
  -1.8775400e-01  -7.3392500e-01   4.2944000e-02   6.5135100e-01  -9.4139000e-02  -2.0401100e-01  -2.7258000e-01
  -1.8764000e-01  -7.3434400e-01   4.2745000e-02   6.5092500e-01  -9.4313000e-02  -2.0409200e-01  -2.7236900e-01
