   2.2300000e-01  -1.2900000e-01   4.0000000e-03  -3.8400000e-01   6.8000000e-02   0.0000000e+00  -0.0000000e+00
   2.2300000e-01  -1.2900000e-01   4.0000000e-03  -3.8400000e-01   6.8000000e-02   0.0000000e+00  -0.0000000e+00
   2.2300000e-01  -1.2900000e-01   4.0000000e-03  -3.8400000e-01   6.8000000e-02   0.0000000e+00  -0.0000000e+00
   2.2300000e-01  -1.2900000e-01   4.0000000e-03  -3.8400000e-01   6.8000000e-02   0.0000000e+00  -0.0000000e+00
   2.2300000e-01  -1.2900000e-01   4.0000000e-03  -3.8400000e-01   6.8000000e-02   0.0000000e+00  -0.0000000e+00
   2.2300000e-01  -1.2900000e-01   4.0000000e-03  -3.8400000e-01   6.8000000e-02   0.0000000e+00  -0.0000000e+00
   2.2300000e-01  -1.2900000e-01   4.0000000e-03  -3.8400000e-01   6.8000000e-02   0.0000000e+00  -0.0000000e+00
   2.2300000e-01  -1.2900000e-01   4.0000000e-03  -3.8400000e-01   6.8000000e-02   0.0000000e+00  -0.0000000e+00
   2.2300000e-01  -1.2900000e-01   4.0000000e-03  -3.8400000e-01   6.8000000e-02   0.0000000e+00  -0.0000000e+00
   2.2300000e-01  -1.2900000e-01   4.0000000e-03  -3.8400000e-01   6.8000000e-02   0.0000000e+00  -0.0000000e+00
   2.2300000e-01  -1.2900000e-01   4.0000000e-03  -3.8400000e-01   6.8000000e-02   0.0000000e+00  -0.0000000e+00
   2.2300000e-01  -1.2900000e-01   4.0000000e-03  -3.8400000e-01   6.8000000e-02   0.0000000e+00  -0.0000000e+00
   2.2300000e-01  -1.2900000e-01   4.0000000e-03  -3.8400000e-01   6.8000000e-02   0.0000000e+00  -0.0000000e+00
   2.2300000e-01  -1.2900000e-01   4.0000000e-03  -3.8400000e-01   6.8000000e-02   0.0000000e+00  -0.0000000e+00
   2.2300000e-01  -1.2900000e-01   4.0000000e-03  -3.8400000e-01   6.8000000e-02   0.0000000e+00  -0.0000000e+00
   3.0904600e-01   9.7730000e-03  -1.0596600e-01   9.4507500e-01   1.5646300e-01  -3.2904800e-01   1.2973000e-02
   3.1513200e-01   1.8996000e-02  -1.0106800e-01   9.4346000e-01   1.5539900e-01  -3.3152900e-01   1.0474000e-02
   3.2146800e-01   3.1301000e-02  -9.5454000e-02   9.4157700e-01   1.5417300e-01  -3.3430200e-01   8.1950000e-03
   3.2654100e-01   4.0173000e-02  -9.2927000e-02   9.3974600e-01   1.5281500e-01  -3.3740700e-01   7.0710000e-03
   3.3081200e-01   4.4439000e-02  -9.2899000e-02   9.3806100e-01   1.5132400e-01  -3.4078700e-01   6.4180000e-03
   3.3491000e-01   4.7560000e-02  -9.3628000e-02   9.3638000e-01   1.4968900e-01  -3.4442300e-01   5.8870000e-03
   3.3920000e-01   5.2073000e-02  -9.4005000e-02   9.3455600e-01   1.4789900e-01  -3.4830400e-01   5.3610000e-03
   3.4375600e-01   5.6406000e-02  -9.4304000e-02   9.3260800e-01   1.4592200e-01  -3.5245800e-01   4.6890000e-03
   3.4854600e-01   5.8912000e-02  -9.4998000e-02   9.3060200e-01   1.4374000e-01  -3.5688800e-01   3.8200000e-03
   3.4854600e-01   5.8912000e-02  -9.4998000e-02   9.3060200e-01   1.4374000e-01  -3.5688800e-01   3.8200000e-03
   3.5873300e-01   5.4181000e-02  -9.8843000e-02   9.2661000e-01   1.3873900e-01  -3.6647900e-01   1.4240000e-03
   3.6422700e-01   4.7652000e-02  -1.0168000e-01   9.2451600e-01   1.3592700e-01  -3.7156100e-01  -8.0000000e-05
   3.6992700e-01   3.8762000e-02  -1.0476700e-01   9.2232100e-01   1.3292700e-01  -3.7673900e-01  -1.8670000e-03
   3.7566200e-01   2.8406000e-02  -1.0793100e-01   9.2001200e-01   1.2980000e-01  -3.8189900e-01  -3.8140000e-03
   3.8166600e-01   2.0184000e-02  -1.0974300e-01   9.1754000e-01   1.2660400e-01  -3.8693800e-01  -5.8670000e-03
   3.8178700e-01   2.1200000e-02  -1.0932000e-01   9.1751700e-01   1.2660400e-01  -3.8693800e-01  -5.8670000e-03
   3.8810600e-01   1.7115000e-02  -1.0888700e-01   9.1500000e-01   1.2341100e-01  -3.9174200e-01  -7.9920000e-03
   3.9422300e-01   1.4412000e-02  -1.0753100e-01   9.1258800e-01   1.2023900e-01  -3.9631100e-01  -1.0113000e-02
   3.9989200e-01   9.8750000e-03  -1.0658600e-01   9.1029000e-01   1.1706900e-01  -4.0067900e-01  -1.2250000e-02
   4.0491600e-01   2.4120000e-03  -1.0676000e-01   9.0809700e-01   1.1392700e-01  -4.0484000e-01  -1.4330000e-02
   4.0945900e-01  -6.8490000e-03  -1.0756900e-01   9.0593900e-01   1.1082400e-01  -4.0878400e-01  -1.6365000e-02
   4.1376100e-01  -1.6680000e-02  -1.0827200e-01   9.0377000e-01   1.0778900e-01  -4.1246400e-01  -1.8419000e-02
   4.1810600e-01  -2.5733000e-02  -1.0813200e-01   9.0157200e-01   1.0481500e-01  -4.1588600e-01  -2.0530000e-02
   4.2249900e-01  -3.4851000e-02  -1.0738000e-01   8.9930500e-01   1.0191800e-01  -4.1902600e-01  -2.2734000e-02
   4.2679500e-01  -4.6192000e-02  -1.0689200e-01   8.9682000e-01   9.9099000e-02  -4.2187200e-01  -2.5067000e-02
   4.3102300e-01  -6.0156000e-02  -1.0679400e-01   8.9397700e-01   9.6370000e-02  -4.2440700e-01  -2.7551000e-02
   4.3573900e-01  -7.2799000e-02  -1.0523300e-01   8.9093100e-01   9.3717000e-02  -4.2665500e-01  -3.0166000e-02
   4.4647500e-01  -9.5431000e-02  -9.8406000e-02   8.8423400e-01   8.8671000e-02  -4.3028400e-01  -3.5717000e-02
   4.5695500e-01  -1.1729100e-01  -8.9750000e-02   8.7714300e-01   8.4229000e-02  -4.3264300e-01  -4.1301000e-02
   4.6635300e-01  -1.3380900e-01  -7.9033000e-02   8.7084100e-01   8.0455000e-02  -4.3396700e-01  -4.6459000e-02
   4.7002200e-01  -1.4737200e-01  -7.7029000e-02   8.6684900e-01   7.8788000e-02  -4.3433300e-01  -4.8844000e-02
   4.7377400e-01  -1.5626400e-01  -7.2944000e-02   8.6359700e-01   7.7254000e-02  -4.3454500e-01  -5.1088000e-02
   4.7536800e-01  -1.7235900e-01  -6.7594000e-02   8.6008600e-01   7.5748000e-02  -4.3324000e-01  -5.4860000e-02
   4.7062000e-01  -1.7682900e-01  -6.6033000e-02   8.6191000e-01   7.6461000e-02  -4.3096200e-01  -5.6206000e-02
   4.5768200e-01  -1.8335300e-01  -6.3422000e-02   8.6769000e-01   7.8971000e-02  -4.2516400e-01  -5.8316000e-02
   4.4366000e-01  -1.8927100e-01  -6.1440000e-02   8.7382300e-01   8.1798000e-02  -4.1904800e-01  -5.9865000e-02
   4.3041900e-01  -1.9358100e-01  -5.8787000e-02   8.7966500e-01   8.4629000e-02  -4.1300200e-01  -6.1000000e-02
   4.1798800e-01  -1.9734400e-01  -5.5988000e-02   8.8499000e-01   8.7426000e-02  -4.0708400e-01  -6.1785000e-02
   4.1237200e-01  -1.9772500e-01  -5.3825000e-02   8.8766900e-01   8.8823000e-02  -4.0415500e-01  -6.2069000e-02
   4.0710400e-01  -1.9875500e-01  -5.1985000e-02   8.8997800e-01   9.0212000e-02  -4.0127100e-01  -6.2268000e-02
   3.9835400e-01  -2.0298300e-01  -4.9114000e-02   8.9314000e-01   9.2758000e-02  -3.9593700e-01  -6.2659000e-02
   3.9257500e-01  -2.0421300e-01  -4.8066000e-02   8.9547300e-01   9.4462000e-02  -3.9279700e-01  -6.2363000e-02
   3.8181100e-01  -2.0709000e-01  -4.7152000e-02   8.9950600e-01   9.7625000e-02  -3.8718200e-01  -6.1411000e-02
   3.7228800e-01  -2.1061600e-01  -4.6890000e-02   9.0268700e-01   1.0072200e-01  -3.8191400e-01  -6.0190000e-02
   3.6421400e-01  -2.1265400e-01  -4.6009000e-02   9.0554400e-01   1.0390200e-01  -3.7669900e-01  -5.8794000e-02
   3.6066600e-01  -2.1284800e-01  -4.5326000e-02   9.0695200e-01   1.0551300e-01  -3.7413500e-01  -5.8026000e-02
   3.5742100e-01  -2.1266700e-01  -4.4583000e-02   9.0831500e-01   1.0714300e-01  -3.7159500e-01  -5.7207000e-02
   3.5188200e-01  -2.0875500e-01  -4.2095000e-02   9.1149800e-01   1.1052100e-01  -3.6653200e-01  -5.5372000e-02
   3.4926700e-01  -2.1200200e-01  -4.3141000e-02   9.1170500e-01   1.1237300e-01  -3.6390500e-01  -5.4279000e-02
   3.4527900e-01  -2.0955900e-01  -4.2396000e-02   9.1382200e-01   1.1637900e-01  -3.5847000e-01  -5.1756000e-02
   3.4373600e-01  -2.0826900e-01  -4.2164000e-02   9.1470900e-01   1.1847100e-01  -3.5568200e-01  -5.0402000e-02
   3.4199400e-01  -2.0624100e-01  -4.2137000e-02   9.1582200e-01   1.2166700e-01  -3.5151300e-01  -4.8249000e-02
   3.4199400e-01  -2.0624100e-01  -4.2137000e-02   9.1582200e-01   1.2166700e-01  -3.5151300e-01  -4.8249000e-02
   3.4199400e-01  -2.0624100e-01  -4.2137000e-02   9.1582200e-01   1.2166700e-01  -3.5151300e-01  -4.8249000e-02
   3.4199400e-01  -2.0624100e-01  -4.2137000e-02   9.1582200e-01   1.2166700e-01  -3.5151300e-01  -4.8249000e-02
   3.4199400e-01  -2.0624100e-01  -4.2137000e-02   9.1582200e-01   1.2166700e-01  -3.5151300e-01  -4.8249000e-02
   3.4199400e-01  -2.0624100e-01  -4.2137000e-02   9.1582200e-01   1.2166700e-01  -3.5151300e-01  -4.8249000e-02
   3.4199400e-01  -2.0624100e-01  -4.2137000e-02   9.1582200e-01   1.2166700e-01  -3.5151300e-01  -4.8249000e-02
   3.4199400e-01  -2.0624100e-01  -4.2137000e-02   9.1582200e-01   1.2166700e-01  -3.5151300e-01  -4.8249000e-02
   3.4199400e-01  -2.0624100e-01  -4.2137000e-02   9.1582200e-01   1.2166700e-01  -3.5151300e-01  -4.8249000e-02
   3.4199400e-01  -2.0624100e-01  -4.2137000e-02   9.1582200e-01   1.2166700e-01  -3.5151300e-01  -4.8249000e-02
   3.4199400e-01  -2.0624100e-01  -4.2137000e-02   9.1582200e-01   1.2166700e-01  -3.5151300e-01  -4.8249000e-02
   3.4199400e-01  -2.0624100e-01  -4.2137000e-02   9.1582200e-01   1.2166700e-01  -3.5151300e-01  -4.8249000e-02
   3.4199400e-01  -2.0624100e-01  -4.2137000e-02   9.1582200e-01   1.2166700e-01  -3.5151300e-01  -4.8249000e-02
   3.4199400e-01  -2.0624100e-01  -4.2137000e-02   9.1582200e-01   1.2166700e-01  -3.5151300e-01  -4.8249000e-02
   3.4199400e-01  -2.0624100e-01  -4.2137000e-02   9.1582200e-01   1.2166700e-01  -3.5151300e-01  -4.8249000e-02
   3.4199400e-01  -2.0624100e-01  -4.2137000e-02   9.1582200e-01   1.2166700e-01  -3.5151300e-01  -4.8249000e-02
   3.4199400e-01  -2.0624100e-01  -4.2137000e-02   9.1582200e-01   1.2166700e-01  -3.5151300e-01  -4.8249000e-02
   3.4199400e-01  -2.0624100e-01  -4.2137000e-02   9.1582200e-01   1.2166700e-01  -3.5151300e-01  -4.8249000e-02
   3.4199400e-01  -2.0624100e-01  -4.2137000e-02   9.1582200e-01   1.2166700e-01  -3.5151300e-01  -4.8249000e-02
   3.4199400e-01  -2.0624100e-01  -4.2137000e-02   9.1582200e-01   1.2166700e-01  -3.5151300e-01  -4.8249000e-02
   3.4199400e-01  -2.0624100e-01  -4.2137000e-02   9.1582200e-01   1.2166700e-01  -3.5151300e-01  -4.8249000e-02
   3.4199400e-01  -2.0624100e-01  -4.2137000e-02   9.1582200e-01   1.2166700e-01  -3.5151300e-01  -4.8249000e-02
   3.4199400e-01  -2.0624100e-01  -4.2137000e-02   9.1582200e-01   1.2166700e-01  -3.5151300e-01  -4.8249000e-02
   3.4199400e-01  -2.0624100e-01  -4.2137000e-02   9.1582200e-01   1.2166700e-01  -3.5151300e-01  -4.8249000e-02
   3.4199400e-01  -2.0624100e-01  -4.2137000e-02   9.1582200e-01   1.2166700e-01  -3.5151300e-01  -4.8249000e-02
   3.4199400e-01  -2.0624100e-01  -4.2137000e-02   9.1582200e-01   1.2166700e-01  -3.5151300e-01  -4.8249000e-02
   3.4199400e-01  -2.0624100e-01  -4.2137000e-02   9.1582200e-01   1.2166700e-01  -3.5151300e-01  -4.8249000e-02
   3.4199400e-01  -2.0624100e-01  -4.2137000e-02   9.1582200e-01   1.2166700e-01  -3.5151300e-01  -4.8249000e-02
   3.4199400e-01  -2.0624100e-01  -4.2137000e-02   9.1582200e-01   1.2166700e-01  -3.5151300e-01  -4.8249000e-02
   3.4199400e-01  -2.0624100e-01  -4.2137000e-02   9.1582200e-01   1.2166700e-01  -3.5151300e-01  -4.8249000e-02
   3.4199400e-01  -2.0624100e-01  -4.2137000e-02   9.1582200e-01   1.2166700e-01  -3.5151300e-01  -4.8249000e-02
   3.4199400e-01  -2.0624100e-01  -4.2137000e-02   9.1582200e-01   1.2166700e-01  -3.5151300e-01  -4.8249000e-02
   3.4199400e-01  -2.0624100e-01  -4.2137000e-02   9.1582200e-01   1.2166700e-01  -3.5151300e-01  -4.8249000e-02
   3.4199400e-01  -2.0624100e-01  -4.2137000e-02   9.1582200e-01   1.2166700e-01  -3.5151300e-01  -4.8249000e-02
   3.4199400e-01  -2.0624100e-01  -4.2137000e-02   9.1582200e-01   1.2166700e-01  -3.5151300e-01  -4.8249000e-02
   3.4199400e-01  -2.0624100e-01  -4.2137000e-02   9.1582200e-01   1.2166700e-01  -3.5151300e-01  -4.8249000e-02
   3.4199400e-01  -2.0624100e-01  -4.2137000e-02   9.1582200e-01   1.2166700e-01  -3.5151300e-01  -4.8249000e-02
   3.4199400e-01  -2.0624100e-01  -4.2137000e-02   9.1582200e-01   1.2166700e-01  -3.5151300e-01  -4.8249000e-02
   3.4199400e-01  -2.0624100e-01  -4.2137000e-02   9.1582200e-01   1.2166700e-01  -3.5151300e-01  -4.8249000e-02
   3.4199400e-01  -2.0624100e-01  -4.2137000e-02   9.1582200e-01   1.2166700e-01  -3.5151300e-01  -4.8249000e-02
   3.4199400e-01  -2.0624100e-01  -4.2137000e-02   9.1582200e-01   1.2166700e-01  -3.5151300e-01  -4.8249000e-02
   3.4199400e-01  -2.0624100e-01  -4.2137000e-02   9.1582200e-01   1.2166700e-01  -3.5151300e-01  -4.8249000e-02
   3.4199400e-01  -2.0624100e-01  -4.2137000e-02   9.1582200e-01   1.2166700e-01  -3.5151300e-01  -4.8249000e-02
   3.4199400e-01  -2.0624100e-01  -4.2137000e-02   9.1582200e-01   1.2166700e-01  -3.5151300e-01  -4.8249000e-02
   3.4199400e-01  -2.0624100e-01  -4.2137000e-02   9.1582200e-01   1.2166700e-01  -3.5151300e-01  -4.8249000e-02
   3.4199400e-01  -2.0624100e-01  -4.2137000e-02   9.1582200e-01   1.2166700e-01  -3.5151300e-01  -4.8249000e-02
   3.4199400e-01  -2.0624100e-01  -4.2137000e-02   9.1582200e-01   1.2166700e-01  -3.5151300e-01  -4.8249000e-02
   3.4199400e-01  -2.0624100e-01  -4.2137000e-02   9.1582200e-01   1.2166700e-01  -3.5151300e-01  -4.8249000e-02
   3.4199400e-01  -2.0624100e-01  -4.2137000e-02   9.1582200e-01   1.2166700e-01  -3.5151300e-01  -4.8249000e-02
   3.4199400e-01  -2.0624100e-01  -4.2137000e-02   9.1582200e-01   1.2166700e-01  -3.5151300e-01  -4.8249000e-02
   3.4199400e-01  -2.0624100e-01  -4.2137000e-02   9.1582200e-01   1.2166700e-01  -3.5151300e-01  -4.8249000e-02
   3.4199400e-01  -2.0624100e-01  -4.2137000e-02   9.1582200e-01   1.2166700e-01  -3.5151300e-01  -4.8249000e-02
   3.4199400e-01  -2.0624100e-01  -4.2137000e-02   9.1582200e-01   1.2166700e-01  -3.5151300e-01  -4.8249000e-02
   3.4199400e-01  -2.0624100e-01  -4.2137000e-02   9.1582200e-01   1.2166700e-01  -3.5151300e-01  -4.8249000e-02
   3.4199400e-01  -2.0624100e-01  -4.2137000e-02   9.1582200e-01   1.2166700e-01  -3.5151300e-01  -4.8249000e-02
   3.4199400e-01  -2.0624100e-01  -4.2137000e-02   9.1582200e-01   1.2166700e-01  -3.5151300e-01  -4.8249000e-02
   3.4199400e-01  -2.0624100e-01  -4.2137000e-02   9.1582200e-01   1.2166700e-01  -3.5151300e-01  -4.8249000e-02
   3.4199400e-01  -2.0624100e-01  -4.2137000e-02   9.1582200e-01   1.2166700e-01  -3.5151300e-01  -4.8249000e-02
   3.4199400e-01  -2.0624100e-01  -4.2137000e-02   9.1582200e-01   1.2166700e-01  -3.5151300e-01  -4.8249000e-02
   3.4199400e-01  -2.0624100e-01  -4.2137000e-02   9.1582200e-01   1.2166700e-01  -3.5151300e-01  -4.8249000e-02
   3.4199400e-01  -2.0624100e-01  -4.2137000e-02   9.1582200e-01   1.2166700e-01  -3.5151300e-01  -4.8249000e-02
   3.4199400e-01  -2.0624100e-01  -4.2137000e-02   9.1582200e-01   1.2166700e-01  -3.5151300e-01  -4.8249000e-02
   3.4199400e-01  -2.0624100e-01  -4.2137000e-02   9.1582200e-01   1.2166700e-01  -3.5151300e-01  -4.8249000e-02
   3.4199400e-01  -2.0624100e-01  -4.2137000e-02   9.1582200e-01   1.2166700e-01  -3.5151300e-01  -4.8249000e-02
   3.4199400e-01  -2.0624100e-01  -4.2137000e-02   9.1582200e-01   1.2166700e-01  -3.5151300e-01  -4.8249000e-02
   3.4199400e-01  -2.0624100e-01  -4.2137000e-02   9.1582200e-01   1.2166700e-01  -3.5151300e-01  -4.8249000e-02
   3.4199400e-01  -2.0624100e-01  -4.2137000e-02   9.1582200e-01   1.2166700e-01  -3.5151300e-01  -4.8249000e-02
   3.4199400e-01  -2.0624100e-01  -4.2137000e-02   9.1582200e-01   1.2166700e-01  -3.5151300e-01  -4.8249000e-02
   3.4199400e-01  -2.0624100e-01  -4.2137000e-02   9.1582200e-01   1.2166700e-01  -3.5151300e-01  -4.8249000e-02
   3.4199400e-01  -2.0624100e-01  -4.2137000e-02   9.1582200e-01   1.2166700e-01  -3.5151300e-01  -4.8249000e-02
   3.4199400e-01  -2.0624100e-01  -4.2137000e-02   9.1582200e-01   1.2166700e-01  -3.5151300e-01  -4.8249000e-02
   3.4199400e-01  -2.0624100e-01  -4.2137000e-02   9.1582200e-01   1.2166700e-01  -3.5151300e-01  -4.8249000e-02
   3.4199400e-01  -2.0624100e-01  -4.2137000e-02   9.1582200e-01   1.2166700e-01  -3.5151300e-01  -4.8249000e-02
   3.4199400e-01  -2.0624100e-01  -4.2137000e-02   9.1582200e-01   1.2166700e-01  -3.5151300e-01  -4.8249000e-02
   3.4199400e-01  -2.0624100e-01  -4.2137000e-02   9.1582200e-01   1.2166700e-01  -3.5151300e-01  -4.8249000e-02
   3.4199400e-01  -2.0624100e-01  -4.2137000e-02   9.1582200e-01   1.2166700e-01  -3.5151300e-01  -4.8249000e-02
   3.4199400e-01  -2.0624100e-01  -4.2137000e-02   9.1582200e-01   1.2166700e-01  -3.5151300e-01  -4.8249000e-02
   3.4199400e-01  -2.0624100e-01  -4.2137000e-02   9.1582200e-01   1.2166700e-01  -3.5151300e-01  -4.8249000e-02
   3.4199400e-01  -2.0624100e-01  -4.2137000e-02   9.1582200e-01   1.2166700e-01  -3.5151300e-01  -4.8249000e-02
   3.4199400e-01  -2.0624100e-01  -4.2137000e-02   9.1582200e-01   1.2166700e-01  -3.5151300e-01  -4.8249000e-02
   3.4199400e-01  -2.0624100e-01  -4.2137000e-02   9.1582200e-01   1.2166700e-01  -3.5151300e-01  -4.8249000e-02
   3.4199400e-01  -2.0624100e-01  -4.2137000e-02   9.1582200e-01   1.2166700e-01  -3.5151300e-01  -4.8249000e-02
   3.4199400e-01  -2.0624100e-01  -4.2137000e-02   9.1582200e-01   1.2166700e-01  -3.5151300e-01  -4.8249000e-02
   3.4199400e-01  -2.0624100e-01  -4.2137000e-02   9.1582200e-01   1.2166700e-01  -3.5151300e-01  -4.8249000e-02
   3.4199400e-01  -2.0624100e-01  -4.2137000e-02   9.1582200e-01   1.2166700e-01  -3.5151300e-01  -4.8249000e-02
