   8.7762000e-02  -1.6548300e-01  -2.6686000e-02   9.8193700e-01   1.6032700e-01  -2.3411900e-01   1.9555000e-02
   9.0267000e-02  -1.6371600e-01  -2.6261000e-02   9.8201800e-01   1.6108400e-01  -2.3328900e-01   1.9433000e-02
   8.9528000e-02  -1.6369600e-01  -2.6384000e-02   9.8208600e-01   1.6108400e-01  -2.3328900e-01   1.9433000e-02
   9.5418000e-02  -1.6288100e-01  -2.5407000e-02   9.8169200e-01   1.6160800e-01  -2.3260500e-01   1.9166000e-02
   9.9164000e-02  -1.6260700e-01  -2.4875000e-02   9.8138000e-01   1.6196800e-01  -2.3205300e-01   1.8815000e-02
   1.0438900e-01  -1.6270300e-01  -2.4045000e-02   9.8084300e-01   1.6209400e-01  -2.3183300e-01   1.8633000e-02
   1.1011900e-01  -1.6296400e-01  -2.3210000e-02   9.8019300e-01   1.6224000e-01  -2.3157200e-01   1.8312000e-02
   1.1114300e-01  -1.6311500e-01  -2.3140000e-02   9.8005400e-01   1.6227000e-01  -2.3151500e-01   1.8186000e-02
   1.1413800e-01  -1.6351400e-01  -2.2964000e-02   9.7964700e-01   1.6226500e-01  -2.3152100e-01   1.8023000e-02
   1.1511700e-01  -1.6376500e-01  -2.3008000e-02   9.7948900e-01   1.6221600e-01  -2.3157800e-01   1.8009000e-02
   1.1484300e-01  -1.6426200e-01  -2.3642000e-02   9.7942300e-01   1.6203000e-01  -2.3184400e-01   1.8142000e-02
   1.1395800e-01  -1.6451400e-01  -2.4098000e-02   9.7947300e-01   1.6187500e-01  -2.3206800e-01   1.8317000e-02
   1.1195200e-01  -1.6475900e-01  -2.4755000e-02   9.7964700e-01   1.6167000e-01  -2.3235500e-01   1.8581000e-02
   1.0951300e-01  -1.6500800e-01  -2.5542000e-02   9.7986100e-01   1.6140300e-01  -2.3272600e-01   1.8971000e-02
   1.0520600e-01  -1.6523300e-01  -2.6725000e-02   9.8026300e-01   1.6106300e-01  -2.3319900e-01   1.9494000e-02
   1.0180400e-01  -1.6546400e-01  -2.7979000e-02   9.8054800e-01   1.6064300e-01  -2.3381500e-01   2.0214000e-02
   1.0134900e-01  -1.6576100e-01  -2.8969000e-02   9.8051600e-01   1.6012800e-01  -2.3458900e-01   2.1157000e-02
   1.0134900e-01  -1.6576100e-01  -2.8969000e-02   9.8051600e-01   1.6012800e-01  -2.3458900e-01   2.1157000e-02
   1.0608100e-01  -1.6659200e-01  -3.0895000e-02   9.7981600e-01   1.5873300e-01  -2.3671100e-01   2.3782000e-02
   1.1036200e-01  -1.6718500e-01  -3.2004000e-02   9.7920600e-01   1.5780500e-01  -2.3810000e-01   2.5477000e-02
   1.1465500e-01  -1.6789200e-01  -3.3445000e-02   9.7854400e-01   1.5670600e-01  -2.3970400e-01   2.7423000e-02
   1.1752300e-01  -1.6867100e-01  -3.5487000e-02   9.7799800e-01   1.5541500e-01  -2.4155600e-01   2.9623000e-02
   1.1859000e-01  -1.6957300e-01  -3.8221000e-02   9.7761000e-01   1.5390300e-01  -2.4366400e-01   3.2052000e-02
   1.1851900e-01  -1.7060800e-01  -4.1619000e-02   9.7729900e-01   1.5216900e-01  -2.4600400e-01   3.4710000e-02
   1.2083100e-01  -1.7070600e-01  -4.1215000e-02   9.7701600e-01   1.5216900e-01  -2.4600400e-01   3.4710000e-02
   1.2558200e-01  -1.7212700e-01  -4.4263000e-02   9.7603400e-01   1.5020600e-01  -2.4858800e-01   3.7582000e-02
   1.3084100e-01  -1.7374600e-01  -4.7690000e-02   9.7489400e-01   1.4800300e-01  -2.5144800e-01   4.0639000e-02
   1.3669900e-01  -1.7555300e-01  -5.1559000e-02   9.7356900e-01   1.4557200e-01  -2.5456600e-01   4.3858000e-02
   1.4214700e-01  -1.7749300e-01  -5.6082000e-02   9.7218600e-01   1.4291400e-01  -2.5792700e-01   4.7223000e-02
   1.4605900e-01  -1.7945600e-01  -6.1511000e-02   9.7091600e-01   1.4003100e-01  -2.6152700e-01   5.0728000e-02
   1.4659400e-01  -1.8121800e-01  -6.8169000e-02   9.7006400e-01   1.3693500e-01  -2.6533200e-01   5.4379000e-02
   1.4202300e-01  -1.8250000e-01  -7.6360000e-02   9.6989300e-01   1.3364100e-01  -2.6931000e-01   5.8170000e-02
   1.3564800e-01  -1.8345500e-01  -8.5526000e-02   9.6986100e-01   1.3014500e-01  -2.7342500e-01   6.2107000e-02
   1.3355800e-01  -1.8459200e-01  -9.4476000e-02   9.6910400e-01   1.2647000e-01  -2.7763300e-01   6.6155000e-02
   1.3542400e-01  -1.8604300e-01  -1.0311600e-01   9.6768600e-01   1.2255200e-01  -2.8194200e-01   7.0327000e-02
   1.3872900e-01  -1.8773900e-01  -1.1196700e-01   9.6590400e-01   1.1838000e-01  -2.8634500e-01   7.4551000e-02
   1.4208800e-01  -1.8964500e-01  -1.2130800e-01   9.6391400e-01   1.1394300e-01  -2.9085100e-01   7.8756000e-02
   1.4794100e-01  -1.9223400e-01  -1.3073100e-01   9.6128500e-01   1.0924000e-01  -2.9543300e-01   8.2866000e-02
   1.5621000e-01  -1.9568700e-01  -1.4027600e-01   9.5792900e-01   1.0428000e-01  -3.0008700e-01   8.6796000e-02
   1.6521900e-01  -1.9992200e-01  -1.5035000e-01   9.5400700e-01   9.9085000e-02  -3.0480900e-01   9.0468000e-02
   1.7228400e-01  -2.0463400e-01  -1.6136400e-01   9.4995000e-01   9.3564000e-02  -3.0963300e-01   9.3880000e-02
   1.7676400e-01  -2.0971400e-01  -1.7341000e-01   9.4588800e-01   8.7689000e-02  -3.1456100e-01   9.6998000e-02
   1.7246500e-01  -2.0892400e-01  -1.7436100e-01   9.4668100e-01   8.7689000e-02  -3.1456100e-01   9.6998000e-02
   1.6785900e-01  -2.1280900e-01  -1.8906600e-01   9.4381700e-01   8.1454000e-02  -3.1975700e-01   9.9817000e-02
   1.6326200e-01  -2.1717100e-01  -2.0435100e-01   9.4043800e-01   7.4882000e-02  -3.2514400e-01   1.0227900e-01
   1.6326200e-01  -2.1717100e-01  -2.0435100e-01   9.4043800e-01   7.4882000e-02  -3.2514400e-01   1.0227900e-01
   1.6326200e-01  -2.1717100e-01  -2.0435100e-01   9.4043800e-01   7.4882000e-02  -3.2514400e-01   1.0227900e-01
   1.6326200e-01  -2.1717100e-01  -2.0435100e-01   9.4043800e-01   7.4882000e-02  -3.2514400e-01   1.0227900e-01
   1.6326200e-01  -2.1717100e-01  -2.0435100e-01   9.4043800e-01   7.4882000e-02  -3.2514400e-01   1.0227900e-01
   1.6326200e-01  -2.1717100e-01  -2.0435100e-01   9.4043800e-01   7.4882000e-02  -3.2514400e-01   1.0227900e-01
   1.6326200e-01  -2.1717100e-01  -2.0435100e-01   9.4043800e-01   7.4882000e-02  -3.2514400e-01   1.0227900e-01
   1.6326200e-01  -2.1717100e-01  -2.0435100e-01   9.4043800e-01   7.4882000e-02  -3.2514400e-01   1.0227900e-01
   1.6326200e-01  -2.1717100e-01  -2.0435100e-01   9.4043800e-01   7.4882000e-02  -3.2514400e-01   1.0227900e-01
   1.6326200e-01  -2.1717100e-01  -2.0435100e-01   9.4043800e-01   7.4882000e-02  -3.2514400e-01   1.0227900e-01
   1.6326200e-01  -2.1717100e-01  -2.0435100e-01   9.4043800e-01   7.4882000e-02  -3.2514400e-01   1.0227900e-01
   1.6326200e-01  -2.1717100e-01  -2.0435100e-01   9.4043800e-01   7.4882000e-02  -3.2514400e-01   1.0227900e-01
   1.6326200e-01  -2.1717100e-01  -2.0435100e-01   9.4043800e-01   7.4882000e-02  -3.2514400e-01   1.0227900e-01
   1.6326200e-01  -2.1717100e-01  -2.0435100e-01   9.4043800e-01   7.4882000e-02  -3.2514400e-01   1.0227900e-01
   1.6326200e-01  -2.1717100e-01  -2.0435100e-01   9.4043800e-01   7.4882000e-02  -3.2514400e-01   1.0227900e-01
   1.6326200e-01  -2.1717100e-01  -2.0435100e-01   9.4043800e-01   7.4882000e-02  -3.2514400e-01   1.0227900e-01
   1.6326200e-01  -2.1717100e-01  -2.0435100e-01   9.4043800e-01   7.4882000e-02  -3.2514400e-01   1.0227900e-01
   1.6326200e-01  -2.1717100e-01  -2.0435100e-01   9.4043800e-01   7.4882000e-02  -3.2514400e-01   1.0227900e-01
   1.6326200e-01  -2.1717100e-01  -2.0435100e-01   9.4043800e-01   7.4882000e-02  -3.2514400e-01   1.0227900e-01
   1.6326200e-01  -2.1717100e-01  -2.0435100e-01   9.4043800e-01   7.4882000e-02  -3.2514400e-01   1.0227900e-01
   1.6326200e-01  -2.1717100e-01  -2.0435100e-01   9.4043800e-01   7.4882000e-02  -3.2514400e-01   1.0227900e-01
   1.6326200e-01  -2.1717100e-01  -2.0435100e-01   9.4043800e-01   7.4882000e-02  -3.2514400e-01   1.0227900e-01
   1.6326200e-01  -2.1717100e-01  -2.0435100e-01   9.4043800e-01   7.4882000e-02  -3.2514400e-01   1.0227900e-01
   9.8508000e-02  -4.9908500e-01  -4.9983300e-01   7.0098300e-01  -1.6257900e-01  -4.9293700e-01   2.6510000e-02
   9.1953000e-02  -5.1523800e-01  -4.9931600e-01   6.9047700e-01  -1.7184000e-01  -4.9578400e-01   1.7108000e-02
   8.4571000e-02  -5.3132100e-01  -4.9771700e-01   6.8031100e-01  -1.8077900e-01  -4.9793500e-01   7.2120000e-03
   7.6930000e-02  -5.4760800e-01  -4.9467000e-01   6.7045400e-01  -1.8930400e-01  -4.9936400e-01  -3.1330000e-03
   6.9922000e-02  -5.6461100e-01  -4.8944000e-01   6.6088800e-01  -1.9734900e-01  -5.0006100e-01  -1.3866000e-02
   6.0544000e-02  -5.8014100e-01  -4.8435900e-01   6.5204800e-01  -2.0497800e-01  -5.0002500e-01  -2.4996000e-02
   5.3264000e-02  -5.9734900e-01  -4.7566000e-01   6.4349400e-01  -2.1207100e-01  -4.9923200e-01  -3.6466000e-02
   5.0856000e-02  -6.0682800e-01  -4.6956800e-01   6.3928000e-01  -2.1534000e-01  -4.9854300e-01  -4.2305000e-02
   4.1999000e-02  -6.2268700e-01  -4.5999000e-01   6.3159000e-01  -2.2136900e-01  -4.9659000e-01  -5.4142000e-02
   3.2536000e-02  -6.3799300e-01  -4.4934700e-01   6.2449400e-01  -2.2676800e-01  -4.9386500e-01  -6.6195000e-02
   2.2383000e-02  -6.5264800e-01  -4.3776900e-01   6.1798700e-01  -2.3152400e-01  -4.9035600e-01  -7.8423000e-02
   1.1745000e-02  -6.6673700e-01  -4.2519700e-01   6.1199000e-01  -2.3564500e-01  -4.8606600e-01  -9.0751000e-02
   6.7100000e-04  -6.8032300e-01  -4.1141500e-01   6.0654500e-01  -2.3927700e-01  -4.8099800e-01  -1.0312100e-01
  -1.0730000e-02  -6.9324100e-01  -3.9678100e-01   6.0155300e-01  -2.4234100e-01  -4.7520000e-01  -1.1536500e-01
  -2.1997000e-02  -7.0559400e-01  -3.8116700e-01   5.9696300e-01  -2.4480400e-01  -4.6874400e-01  -1.2733100e-01
  -3.3394000e-02  -7.1712200e-01  -3.6489000e-01   5.9285400e-01  -2.4671900e-01  -4.6168700e-01  -1.3893600e-01
  -3.8296000e-02  -7.2303300e-01  -3.5564900e-01   5.9099100e-01  -2.4745100e-01  -4.5796500e-01  -1.4456700e-01
  -4.7678000e-02  -7.3438400e-01  -3.3635400e-01   5.8759900e-01  -2.4843500e-01  -4.5014200e-01  -1.5550100e-01
  -5.6274000e-02  -7.4510100e-01  -3.1596700e-01   5.8465600e-01  -2.4879900e-01  -4.4190100e-01  -1.6592600e-01
  -6.3748000e-02  -7.5521600e-01  -2.9436800e-01   5.8217900e-01  -2.4851400e-01  -4.3333000e-01  -1.7580000e-01
  -6.9813000e-02  -7.6478700e-01  -2.7127200e-01   5.8020600e-01  -2.4752300e-01  -4.2445000e-01  -1.8515800e-01
  -7.4478000e-02  -7.7362400e-01  -2.4689400e-01   5.7879400e-01  -2.4589000e-01  -4.1536900e-01  -1.9394700e-01
  -8.0107000e-02  -7.8072000e-01  -2.2453500e-01   5.7761900e-01  -2.4365300e-01  -4.0613600e-01  -2.0217300e-01
  -7.9137000e-02  -7.8520800e-01  -2.0834100e-01   5.7773700e-01  -2.4228200e-01  -4.0142400e-01  -2.0611600e-01
  -8.2437000e-02  -7.9116500e-01  -1.8349500e-01   5.7757400e-01  -2.3907600e-01  -3.9186200e-01  -2.1363400e-01
  -8.5815000e-02  -7.9587900e-01  -1.5953900e-01   5.7772000e-01  -2.3533500e-01  -3.8215600e-01  -2.2065100e-01
  -8.9234000e-02  -7.9972500e-01  -1.3682600e-01   5.7771600e-01  -2.3105800e-01  -3.7221400e-01  -2.2727700e-01
  -9.0366000e-02  -8.0144300e-01  -1.2509700e-01   5.7781700e-01  -2.2876900e-01  -3.6719300e-01  -2.3041200e-01
  -9.2933000e-02  -8.0405100e-01  -1.0241500e-01   5.7825300e-01  -2.2386900e-01  -3.5699100e-01  -2.3633700e-01
  -9.7417000e-02  -8.0548100e-01  -8.3130000e-02   5.7861900e-01  -2.1870700e-01  -3.4668900e-01  -2.4174600e-01
  -1.0222900e-01  -8.0629200e-01  -6.5725000e-02   5.7889700e-01  -2.1353700e-01  -3.3653900e-01  -2.4655700e-01
  -1.0611100e-01  -8.0673500e-01  -4.8490000e-02   5.7928200e-01  -2.0842500e-01  -3.2660700e-01  -2.5078500e-01
  -1.0973300e-01  -8.0677900e-01  -3.2177000e-02   5.7968200e-01  -2.0339300e-01  -3.1688800e-01  -2.5447800e-01
  -1.1148200e-01  -8.0657600e-01  -1.4670000e-02   5.8033700e-01  -1.9851000e-01  -3.0745200e-01  -2.5766100e-01
  -1.1277500e-01  -8.0634700e-01  -6.9830000e-03   5.8054900e-01  -1.9613100e-01  -3.0284000e-01  -2.5907800e-01
  -1.1517600e-01  -8.0568700e-01   7.8270000e-03   5.8098300e-01  -1.9148500e-01  -2.9380900e-01  -2.6158300e-01
  -1.1872100e-01  -8.0484500e-01   1.9949000e-02   5.8114800e-01  -1.8701100e-01  -2.8508100e-01  -2.6367500e-01
  -1.2155500e-01  -8.0382100e-01   3.2093000e-02   5.8143500e-01  -1.8271400e-01  -2.7665200e-01  -2.6538800e-01
  -1.2322800e-01  -8.0256700e-01   4.4928000e-02   5.8196500e-01  -1.7859400e-01  -2.6854200e-01  -2.6675400e-01
  -1.2579700e-01  -8.0127100e-01   5.5644000e-02   5.8227400e-01  -1.7470400e-01  -2.6079100e-01  -2.6780900e-01
  -1.2732300e-01  -7.9978800e-01   6.6910000e-02   5.8279700e-01  -1.7106400e-01  -2.5345600e-01  -2.6858100e-01
  -1.3066000e-01  -7.9932500e-01   6.8724000e-02   5.8248100e-01  -1.6933100e-01  -2.4993100e-01  -2.6887400e-01
  -1.3236100e-01  -7.9779700e-01   7.8646000e-02   5.8293600e-01  -1.6604400e-01  -2.4316700e-01  -2.6929900e-01
  -1.3304000e-01  -7.9608800e-01   8.9320000e-02   5.8358100e-01  -1.6298300e-01  -2.3674600e-01  -2.6954100e-01
  -1.3353000e-01  -7.9527000e-01   9.4201000e-02   5.8381600e-01  -1.6154900e-01  -2.3365100e-01  -2.6961100e-01
  -1.3406300e-01  -7.9349400e-01   1.0414500e-01   5.8442100e-01  -1.5884500e-01  -2.2776700e-01  -2.6963400e-01
  -1.3544200e-01  -7.9166600e-01   1.1269500e-01   5.8499600e-01  -1.5626600e-01  -2.2219400e-01  -2.6949400e-01
  -1.3680400e-01  -7.8978100e-01   1.2082300e-01   5.8560400e-01  -1.5388400e-01  -2.1698200e-01  -2.6924200e-01
  -1.3894500e-01  -7.8807900e-01   1.2734200e-01   5.8601200e-01  -1.5170600e-01  -2.1215100e-01  -2.6890800e-01
  -1.4121000e-01  -7.8645400e-01   1.3317300e-01   5.8635700e-01  -1.4973100e-01  -2.0768900e-01  -2.6851500e-01
  -1.4361800e-01  -7.8489800e-01   1.3839700e-01   5.8664700e-01  -1.4794300e-01  -2.0356400e-01  -2.6808100e-01
  -1.4550300e-01  -7.8327200e-01   1.4385100e-01   5.8704400e-01  -1.4632300e-01  -1.9977300e-01  -2.6761600e-01
  -1.4730500e-01  -7.8268100e-01   1.4529100e-01   5.8702800e-01  -1.4557000e-01  -1.9799300e-01  -2.6737500e-01
  -1.4948300e-01  -7.8119700e-01   1.4977400e-01   5.8732800e-01  -1.4417400e-01  -1.9465000e-01  -2.6688600e-01
  -1.5104200e-01  -7.7963000e-01   1.5464600e-01   5.8774800e-01  -1.4290600e-01  -1.9157700e-01  -2.6639300e-01
  -1.5220600e-01  -7.7802700e-01   1.5968700e-01   5.8822300e-01  -1.4176400e-01  -1.8873300e-01  -2.6590800e-01
  -1.5321500e-01  -7.7647600e-01   1.6456200e-01   5.8866800e-01  -1.4074600e-01  -1.8609800e-01  -2.6543900e-01
  -1.5493600e-01  -7.7441000e-01   1.6742300e-01   5.9013000e-01  -1.3939700e-01  -1.8365800e-01  -2.6584500e-01
  -1.5728800e-01  -7.7153900e-01   1.6817600e-01   5.9304800e-01  -1.3755100e-01  -1.8139100e-01  -2.6738000e-01
  -1.5929500e-01  -7.6844200e-01   1.6890200e-01   5.9631700e-01  -1.3567100e-01  -1.7927000e-01  -2.6912400e-01
  -1.6021800e-01  -7.6689100e-01   1.6926200e-01   5.9796300e-01  -1.3475000e-01  -1.7826000e-01  -2.6999300e-01
  -1.6175600e-01  -7.6377300e-01   1.7020700e-01   6.0126100e-01  -1.3296000e-01  -1.7633000e-01  -2.7168600e-01
  -1.6415800e-01  -7.6094500e-01   1.6990300e-01   6.0427500e-01  -1.3120800e-01  -1.7449800e-01  -2.7331800e-01
  -1.6651000e-01  -7.5819800e-01   1.6948900e-01   6.0719300e-01  -1.2951100e-01  -1.7274200e-01  -2.7490200e-01
  -1.6813500e-01  -7.5538500e-01   1.6976600e-01   6.1016700e-01  -1.2789700e-01  -1.7110100e-01  -2.7642800e-01
  -1.6875000e-01  -7.5396300e-01   1.7006900e-01   6.1166900e-01  -1.2711300e-01  -1.7032500e-01  -2.7716800e-01
  -1.6999800e-01  -7.5124800e-01   1.7043400e-01   6.1455600e-01  -1.2561500e-01  -1.6886900e-01  -2.7861900e-01
  -1.7134600e-01  -7.4871000e-01   1.7041400e-01   6.1727900e-01  -1.2418800e-01  -1.6753500e-01  -2.8001700e-01
  -1.7222000e-01  -7.4621100e-01   1.7070200e-01   6.1997500e-01  -1.2279900e-01  -1.6630200e-01  -2.8130600e-01
  -1.7247500e-01  -7.4498500e-01   1.7098300e-01   6.2130100e-01  -1.2213200e-01  -1.6571900e-01  -2.8191900e-01
  -1.7304900e-01  -7.4266900e-01   1.7131500e-01   6.2381800e-01  -1.2085300e-01  -1.6461400e-01  -2.8310600e-01
  -1.7390200e-01  -7.4058700e-01   1.7111200e-01   6.2610700e-01  -1.1964400e-01  -1.6359600e-01  -2.8424200e-01
  -1.7486600e-01  -7.3864600e-01   1.7065700e-01   6.2825100e-01  -1.1847900e-01  -1.6264600e-01  -2.8531100e-01
  -1.7513600e-01  -7.3765700e-01   1.7064300e-01   6.2934100e-01  -1.1790900e-01  -1.6220000e-01  -2.8581000e-01
  -1.7591900e-01  -7.3581600e-01   1.7029100e-01   6.3137000e-01  -1.1681500e-01  -1.6136300e-01  -2.8676100e-01
  -1.7698800e-01  -7.3411800e-01   1.6954000e-01   6.3324800e-01  -1.1575100e-01  -1.6058200e-01  -2.8765900e-01
  -1.7796000e-01  -7.3246500e-01   1.6882400e-01   6.3507700e-01  -1.1472100e-01  -1.5986300e-01  -2.8850700e-01
  -1.7846000e-01  -7.3168600e-01   1.6842800e-01   6.3593900e-01  -1.1422900e-01  -1.5953200e-01  -2.8890400e-01
  -1.7840100e-01  -7.2992500e-01   1.6885400e-01   6.3786400e-01  -1.1329300e-01  -1.5893000e-01  -2.8962400e-01
  -1.7823900e-01  -7.2830000e-01   1.6930500e-01   6.3964500e-01  -1.1243600e-01  -1.5837600e-01  -2.9029300e-01
  -1.7853000e-01  -7.2695300e-01   1.6910800e-01   6.4114600e-01  -1.1164900e-01  -1.5787700e-01  -2.9092400e-01
  -1.7904500e-01  -7.2577500e-01   1.6851900e-01   6.4249100e-01  -1.1089000e-01  -1.5744900e-01  -2.9150000e-01
  -1.7937100e-01  -7.2461300e-01   1.6810600e-01   6.4381800e-01  -1.1016900e-01  -1.5707700e-01  -2.9203400e-01
  -1.7933300e-01  -7.2347100e-01   1.6796000e-01   6.4515000e-01  -1.0948600e-01  -1.5673900e-01  -2.9256000e-01
  -1.7919100e-01  -7.2241100e-01   1.6775900e-01   6.4642900e-01  -1.0883600e-01  -1.5642200e-01  -2.9310300e-01
  -1.7896700e-01  -7.2187100e-01   1.6779300e-01   6.4708400e-01  -1.0852200e-01  -1.5626700e-01  -2.9337600e-01
  -1.7915700e-01  -7.2099700e-01   1.6712200e-01   6.4817900e-01  -1.0791900e-01  -1.5596900e-01  -2.9392200e-01
  -1.7938500e-01  -7.2019400e-01   1.6636900e-01   6.4920100e-01  -1.0735100e-01  -1.5568900e-01  -2.9446100e-01
  -1.7847600e-01  -7.1918100e-01   1.6685400e-01   6.5044900e-01  -1.0682200e-01  -1.5541100e-01  -2.9498500e-01
  -1.7743800e-01  -7.1823100e-01   1.6750500e-01   6.5161400e-01  -1.0635100e-01  -1.5514200e-01  -2.9547000e-01
  -1.7696700e-01  -7.1756100e-01   1.6753400e-01   6.5247300e-01  -1.0595300e-01  -1.5486900e-01  -2.9592700e-01
  -1.7743800e-01  -7.1744800e-01   1.6679100e-01   6.5266000e-01  -1.0577900e-01  -1.5473200e-01  -2.9614000e-01
  -1.7724400e-01  -7.1699200e-01   1.6662700e-01   6.5325500e-01  -1.0548300e-01  -1.5445700e-01  -2.9653700e-01
  -1.7685100e-01  -7.1660400e-01   1.6673100e-01   6.5376100e-01  -1.0525100e-01  -1.5418100e-01  -2.9688300e-01
  -1.7666400e-01  -7.1644200e-01   1.6683000e-01   6.5396300e-01  -1.0516300e-01  -1.5404700e-01  -2.9703200e-01
  -1.7676000e-01  -7.1638300e-01   1.6663800e-01   6.5405200e-01  -1.0509200e-01  -1.5391000e-01  -2.9716600e-01
  -1.7698200e-01  -7.1638600e-01   1.6631700e-01   6.5407000e-01  -1.0503400e-01  -1.5377100e-01  -2.9728600e-01
  -1.7707700e-01  -7.1639200e-01   1.6616000e-01   6.5407700e-01  -1.0499700e-01  -1.5362400e-01  -2.9739400e-01
  -1.7682500e-01  -7.1634000e-01   1.6642400e-01   6.5413500e-01  -1.0498200e-01  -1.5347600e-01  -2.9748100e-01
  -1.7657600e-01  -7.1631900e-01   1.6672000e-01   6.5415000e-01  -1.0498700e-01  -1.5332000e-01  -2.9755500e-01
  -1.7674100e-01  -7.1643800e-01   1.6658000e-01   6.5401100e-01  -1.0500700e-01  -1.5315400e-01  -2.9761400e-01
  -1.7679600e-01  -7.1655100e-01   1.6657200e-01   6.5387500e-01  -1.0503800e-01  -1.5299200e-01  -2.9766100e-01
  -1.7663100e-01  -7.1661300e-01   1.6683000e-01   6.5378500e-01  -1.0507900e-01  -1.5282600e-01  -2.9770100e-01
  -1.7651200e-01  -7.1670300e-01   1.6704600e-01   6.5366300e-01  -1.0512700e-01  -1.5265500e-01  -2.9773700e-01
  -1.7638300e-01  -7.1680900e-01   1.6726500e-01   6.5352600e-01  -1.0518000e-01  -1.5247800e-01  -2.9777200e-01
  -1.7623200e-01  -7.1691800e-01   1.6749700e-01   6.5338800e-01  -1.0523300e-01  -1.5230100e-01  -2.9780300e-01
  -1.7585700e-01  -7.1697700e-01   1.6794200e-01   6.5330900e-01  -1.0528000e-01  -1.5212800e-01  -2.9783500e-01
  -1.7554600e-01  -7.1705500e-01   1.6830500e-01   6.5321400e-01  -1.0532400e-01  -1.5195700e-01  -2.9786600e-01
  -1.7527500e-01  -7.1712900e-01   1.6860600e-01   6.5312800e-01  -1.0535500e-01  -1.5179000e-01  -2.9789700e-01
  -1.7561500e-01  -7.1721700e-01   1.6823300e-01   6.5303700e-01  -1.0535500e-01  -1.5179000e-01  -2.9789700e-01
  -1.7562000e-01  -7.1735900e-01   1.6819900e-01   6.5288800e-01  -1.0538100e-01  -1.5162200e-01  -2.9794300e-01
  -1.7558800e-01  -7.1748600e-01   1.6817000e-01   6.5276500e-01  -1.0539600e-01  -1.5145900e-01  -2.9799600e-01
  -1.7515100e-01  -7.1749100e-01   1.6857300e-01   6.5277300e-01  -1.0540500e-01  -1.5130000e-01  -2.9806000e-01
  -1.7448900e-01  -7.1741700e-01   1.6920100e-01   6.5286800e-01  -1.0540200e-01  -1.5114700e-01  -2.9813500e-01
  -1.7422300e-01  -7.1744400e-01   1.6936000e-01   6.5286800e-01  -1.0539000e-01  -1.5099800e-01  -2.9821300e-01
  -1.7436600e-01  -7.1757100e-01   1.6903100e-01   6.5277700e-01  -1.0536600e-01  -1.5085800e-01  -2.9829700e-01
  -1.7407900e-01  -7.1758300e-01   1.6912700e-01   6.5281500e-01  -1.0533100e-01  -1.5072400e-01  -2.9838900e-01
  -1.7366500e-01  -7.1754200e-01   1.6935200e-01   6.5291200e-01  -1.0528500e-01  -1.5059600e-01  -2.9848600e-01
  -1.7358300e-01  -7.1757900e-01   1.6920100e-01   6.5293200e-01  -1.0523100e-01  -1.5047400e-01  -2.9858000e-01
  -1.7389100e-01  -7.1770900e-01   1.6862700e-01   6.5285600e-01  -1.0518200e-01  -1.5036100e-01  -2.9867900e-01
  -1.7391100e-01  -7.1775500e-01   1.6837200e-01   6.5286600e-01  -1.0513500e-01  -1.5025600e-01  -2.9878300e-01
  -1.7351600e-01  -7.1766900e-01   1.6857400e-01   6.5301300e-01  -1.0508400e-01  -1.5016100e-01  -2.9889500e-01
  -1.7334200e-01  -7.1762600e-01   1.6851500e-01   6.5312100e-01  -1.0502900e-01  -1.5008200e-01  -2.9901300e-01
  -1.7351500e-01  -7.1766400e-01   1.6803700e-01   6.5315700e-01  -1.0496900e-01  -1.5002600e-01  -2.9913600e-01
  -1.7340200e-01  -7.1761000e-01   1.6787900e-01   6.5328800e-01  -1.0491100e-01  -1.4998700e-01  -2.9926400e-01
  -1.7316900e-01  -7.1752700e-01   1.6783500e-01   6.5345100e-01  -1.0485600e-01  -1.4996600e-01  -2.9939100e-01
