   1.3246900e-01  -1.5606200e-01   1.9341000e-02   9.7863300e-01   1.6603900e-01  -2.1017400e-01   1.3443000e-02
   1.3275900e-01  -1.5601700e-01   1.9284000e-02   9.7860200e-01   1.6595300e-01  -2.1018200e-01   1.3801000e-02
   1.3259200e-01  -1.5604600e-01   1.8996000e-02   9.7862600e-01   1.6582800e-01  -2.1025000e-01   1.4252000e-02
   1.3281900e-01  -1.5611500e-01   1.8609000e-02   9.7859100e-01   1.6568000e-01  -2.1038300e-01   1.4761000e-02
   1.3365300e-01  -1.5624700e-01   1.8156000e-02   9.7846500e-01   1.6550700e-01  -2.1058400e-01   1.5301000e-02
   1.3385000e-01  -1.5638600e-01   1.7816000e-02   9.7842200e-01   1.6539800e-01  -2.1071700e-01   1.5593000e-02
   1.3377700e-01  -1.5683900e-01   1.6851000e-02   9.7837700e-01   1.6512700e-01  -2.1107200e-01   1.6230000e-02
   1.3396200e-01  -1.5753700e-01   1.5589000e-02   9.7826000e-01   1.6477600e-01  -2.1156800e-01   1.6941000e-02
   1.3445400e-01  -1.5798400e-01   1.4916000e-02   9.7813100e-01   1.6456600e-01  -2.1186100e-01   1.7322000e-02
   1.3567300e-01  -1.5904800e-01   1.3418000e-02   9.7781200e-01   1.6408400e-01  -2.1252500e-01   1.8142000e-02
   1.3603100e-01  -1.5966000e-01   1.2522000e-02   9.7767400e-01   1.6381200e-01  -2.1289900e-01   1.8584000e-02
   1.3590100e-01  -1.6115400e-01   1.0205000e-02   9.7747400e-01   1.6315000e-01  -2.1380100e-01   1.9625000e-02
   1.3463700e-01  -1.6297500e-01   7.1380000e-03   9.7737500e-01   1.6232800e-01  -2.1492000e-01   2.0877000e-02
   1.3305500e-01  -1.6393500e-01   5.4650000e-03   9.7744100e-01   1.6182600e-01  -2.1564200e-01   2.1589000e-02
   1.2388200e-01  -1.6616100e-01   1.4670000e-03   9.7828500e-01   1.6048500e-01  -2.1747100e-01   2.3286000e-02
   1.2063100e-01  -1.6876300e-01  -1.6390000e-03   9.7824600e-01   1.5881700e-01  -2.1962800e-01   2.5226000e-02
   1.2103000e-01  -1.7020400e-01  -2.9320000e-03   9.7794400e-01   1.5787900e-01  -2.2078700e-01   2.6274000e-02
   1.2261800e-01  -1.7174700e-01  -4.0940000e-03   9.7747200e-01   1.5687400e-01  -2.2199300e-01   2.7365000e-02
   1.2445400e-01  -1.7348900e-01  -5.2620000e-03   9.7692600e-01   1.5574800e-01  -2.2324800e-01   2.8541000e-02
   1.2791200e-01  -1.7553700e-01  -6.2900000e-03   9.7610700e-01   1.5445000e-01  -2.2460800e-01   2.9834000e-02
   1.3212500e-01  -1.7792700e-01  -7.3950000e-03   9.7510500e-01   1.5294300e-01  -2.2611900e-01   3.1271000e-02
   1.3439300e-01  -1.8065400e-01  -9.1340000e-03   9.7427900e-01   1.5121100e-01  -2.2779600e-01   3.2857000e-02
   1.3523100e-01  -1.8371400e-01  -1.1477000e-02   9.7356600e-01   1.4925000e-01  -2.2965800e-01   3.4567000e-02
   1.3634300e-01  -1.8711500e-01  -1.4192000e-02   9.7272700e-01   1.4706800e-01  -2.3170500e-01   3.6375000e-02
   1.3844200e-01  -1.9084400e-01  -1.7167000e-02   9.7165700e-01   1.4466900e-01  -2.3393900e-01   3.8265000e-02
   1.3998600e-01  -1.9486900e-01  -2.0694000e-02   9.7056800e-01   1.4205100e-01  -2.3635100e-01   4.0215000e-02
   1.4016700e-01  -1.9913900e-01  -2.4981000e-02   9.6957300e-01   1.3922300e-01  -2.3892800e-01   4.2210000e-02
   1.4214900e-01  -2.0374800e-01  -2.9404000e-02   9.6820200e-01   1.3615600e-01  -2.4170000e-01   4.4251000e-02
   1.4059900e-01  -2.0370000e-01  -2.9730000e-02   9.6842900e-01   1.3615600e-01  -2.4170000e-01   4.4251000e-02
   1.4424600e-01  -2.0864500e-01  -3.4330000e-02   9.6668600e-01   1.3285400e-01  -2.4467800e-01   4.6314000e-02
   1.5044900e-01  -2.1397400e-01  -3.8853000e-02   9.6440200e-01   1.2932300e-01  -2.4783700e-01   4.8377000e-02
   1.5738100e-01  -2.1965900e-01  -4.3771000e-02   9.6180300e-01   1.2560900e-01  -2.5114800e-01   5.0378000e-02
   1.6224100e-01  -2.2558100e-01  -4.9699000e-02   9.5933400e-01   1.2171600e-01  -2.5462800e-01   5.2279000e-02
   1.6730200e-01  -2.3188600e-01  -5.6084000e-02   9.5660500e-01   1.1760500e-01  -2.5828600e-01   5.4079000e-02
   1.7603700e-01  -2.3885200e-01  -6.1962000e-02   9.5295400e-01   1.1325100e-01  -2.6210100e-01   5.5763000e-02
   1.8656000e-01  -2.4646000e-01  -6.7783000e-02   9.4860900e-01   1.0867300e-01  -2.6606700e-01   5.7281000e-02
   1.9946900e-01  -2.5484100e-01  -7.3277000e-02   9.4334400e-01   1.0387000e-01  -2.7016700e-01   5.8605000e-02
   2.1032200e-01  -2.6382100e-01  -7.9428000e-02   9.3800500e-01   9.8729000e-02  -2.7435300e-01   5.9757000e-02
   2.1764100e-01  -2.7319900e-01  -8.6659000e-02   9.3299800e-01   9.3267000e-02  -2.7866400e-01   6.0700000e-02
   2.2200100e-01  -2.8298100e-01  -9.4850000e-02   9.2824600e-01   8.7496000e-02  -2.8307800e-01   6.1393000e-02
   2.2437300e-01  -2.9319600e-01  -1.0370900e-01   9.2354600e-01   8.1435000e-02  -2.8759300e-01   6.1800000e-02
   2.2461800e-01  -3.0378500e-01  -1.1330500e-01   9.1892500e-01   7.5092000e-02  -2.9217800e-01   6.1905000e-02
   2.2396300e-01  -3.1489900e-01  -1.2323900e-01   9.1405200e-01   6.8459000e-02  -2.9681900e-01   6.1687000e-02
   2.2187000e-01  -3.2640600e-01  -1.3366600e-01   9.0904700e-01   6.1544000e-02  -3.0152400e-01   6.1142000e-02
   2.2187000e-01  -3.2640600e-01  -1.3366600e-01   9.0904700e-01   6.1544000e-02  -3.0152400e-01   6.1142000e-02
   2.2187000e-01  -3.2640600e-01  -1.3366600e-01   9.0904700e-01   6.1544000e-02  -3.0152400e-01   6.1142000e-02
   2.2187000e-01  -3.2640600e-01  -1.3366600e-01   9.0904700e-01   6.1544000e-02  -3.0152400e-01   6.1142000e-02
   2.2187000e-01  -3.2640600e-01  -1.3366600e-01   9.0904700e-01   6.1544000e-02  -3.0152400e-01   6.1142000e-02
   2.2187000e-01  -3.2640600e-01  -1.3366600e-01   9.0904700e-01   6.1544000e-02  -3.0152400e-01   6.1142000e-02
   2.2187000e-01  -3.2640600e-01  -1.3366600e-01   9.0904700e-01   6.1544000e-02  -3.0152400e-01   6.1142000e-02
   2.2187000e-01  -3.2640600e-01  -1.3366600e-01   9.0904700e-01   6.1544000e-02  -3.0152400e-01   6.1142000e-02
   2.2187000e-01  -3.2640600e-01  -1.3366600e-01   9.0904700e-01   6.1544000e-02  -3.0152400e-01   6.1142000e-02
   2.2187000e-01  -3.2640600e-01  -1.3366600e-01   9.0904700e-01   6.1544000e-02  -3.0152400e-01   6.1142000e-02
   2.2187000e-01  -3.2640600e-01  -1.3366600e-01   9.0904700e-01   6.1544000e-02  -3.0152400e-01   6.1142000e-02
   1.8018200e-01  -4.4234500e-01  -2.6243600e-01   8.3844600e-01  -1.7009000e-02  -3.8968100e-01   3.2688000e-02
   1.7845300e-01  -4.4960000e-01  -2.6892500e-01   8.3288300e-01  -2.2073000e-02  -3.9592800e-01   2.9399000e-02
   1.7452800e-01  -4.6500400e-01  -2.8063600e-01   8.2131300e-01  -3.2576000e-02  -4.0756300e-01   2.2261000e-02
   1.7002500e-01  -4.8073800e-01  -2.9091000e-01   8.0953900e-01  -4.3283000e-02  -4.1815800e-01   1.4643000e-02
   1.6468500e-01  -4.9682300e-01  -2.9986400e-01   7.9757600e-01  -5.4223000e-02  -4.2773200e-01   6.5150000e-03
   1.5853100e-01  -5.1322300e-01  -3.0741700e-01   7.8547100e-01  -6.5325000e-02  -4.3626300e-01  -2.1370000e-03
   1.5102600e-01  -5.2964100e-01  -3.1397200e-01   7.7336500e-01  -7.6542000e-02  -4.4375100e-01  -1.1283000e-02
   1.3922400e-01  -5.4463800e-01  -3.2168700e-01   7.6190800e-01  -8.7785000e-02  -4.5017000e-01  -2.0849000e-02
   1.3416100e-01  -5.5256900e-01  -3.2431400e-01   7.5596900e-01  -9.3397000e-02  -4.5297800e-01  -2.5772000e-02
   1.2067400e-01  -5.6703600e-01  -3.3099900e-01   7.4454500e-01  -1.0457200e-01  -4.5781600e-01  -3.5813000e-02
   1.0687000e-01  -5.8133900e-01  -3.3653200e-01   7.3305500e-01  -1.1554800e-01  -4.6157000e-01  -4.6108000e-02
   1.0054600e-01  -5.8873500e-01  -3.3824600e-01   7.2723500e-01  -1.2090200e-01  -4.6301900e-01  -5.1357000e-02
   8.8937000e-02  -6.0397200e-01  -3.3953200e-01   7.1556000e-01  -1.3131100e-01  -4.6507200e-01  -6.2041000e-02
   8.1354000e-02  -6.2232700e-01  -3.3431400e-01   7.0308300e-01  -1.4165000e-01  -4.6589100e-01  -7.3736000e-02
   7.3799000e-02  -6.4069600e-01  -3.2664600e-01   6.9091600e-01  -1.5161200e-01  -4.6554600e-01  -8.5675000e-02
   6.5760000e-02  -6.5822600e-01  -3.1746800e-01   6.7943200e-01  -1.6101100e-01  -4.6412900e-01  -9.7496000e-02
   5.4461000e-02  -6.7352600e-01  -3.0970600e-01   6.6893900e-01  -1.6987000e-01  -4.6173300e-01  -1.0911700e-01
   5.1355000e-02  -6.8208100e-01  -3.0264600e-01   6.6372700e-01  -1.7407800e-01  -4.6017900e-01  -1.1485200e-01
   4.0308000e-02  -6.9638000e-01  -2.9242800e-01   6.5415200e-01  -1.8200800e-01  -4.5640100e-01  -1.2612800e-01
   2.8581000e-02  -7.0952500e-01  -2.8195100e-01   6.4518300e-01  -1.8923800e-01  -4.5180300e-01  -1.3707600e-01
   1.6532000e-02  -7.2167900e-01  -2.7109400e-01   6.3672200e-01  -1.9571400e-01  -4.4644100e-01  -1.4768000e-01
   4.6260000e-03  -7.3306500e-01  -2.5957200e-01   6.2866200e-01  -2.0140900e-01  -4.4037300e-01  -1.5793500e-01
  -6.4330000e-03  -7.4393500e-01  -2.4660500e-01   6.2105200e-01  -2.0636000e-01  -4.3368100e-01  -1.6780800e-01
  -1.7088000e-02  -7.5410500e-01  -2.3266400e-01   6.1392300e-01  -2.1062600e-01  -4.2642500e-01  -1.7729600e-01
  -2.2131000e-02  -7.5896800e-01  -2.2519900e-01   6.1054400e-01  -2.1252000e-01  -4.2261200e-01  -1.8188600e-01
  -3.1421000e-02  -7.6835000e-01  -2.0886900e-01   6.0417200e-01  -2.1583700e-01  -4.1460300e-01  -1.9079600e-01
  -4.0340000e-02  -7.7695300e-01  -1.9178500e-01   5.9827600e-01  -2.1851100e-01  -4.0615200e-01  -1.9930800e-01
  -4.8432000e-02  -7.8485800e-01  -1.7369200e-01   5.9286000e-01  -2.2055100e-01  -3.9736300e-01  -2.0737100e-01
  -5.6176000e-02  -7.9189700e-01  -1.5542600e-01   5.8786500e-01  -2.2201300e-01  -3.8832300e-01  -2.1496300e-01
  -6.2267000e-02  -7.9835300e-01  -1.3532300e-01   5.8347400e-01  -2.2293200e-01  -3.7911200e-01  -2.2206200e-01
  -6.8719000e-02  -8.0378100e-01  -1.1631900e-01   5.7938200e-01  -2.2337300e-01  -3.6978900e-01  -2.2868000e-01
  -7.6728000e-02  -8.0817200e-01  -1.0021400e-01   5.7526300e-01  -2.2337400e-01  -3.6033700e-01  -2.3487600e-01
  -8.5578000e-02  -8.1183100e-01  -8.6429000e-02   5.7108400e-01  -2.2297400e-01  -3.5085100e-01  -2.4062700e-01
  -9.0178000e-02  -8.1342200e-01  -8.0178000e-02   5.6902000e-01  -2.2266800e-01  -3.4613100e-01  -2.4332300e-01
  -9.8645000e-02  -8.1634300e-01  -6.7486000e-02   5.6506600e-01  -2.2185000e-01  -3.3674300e-01  -2.4837500e-01
  -1.0464600e-01  -8.1910600e-01  -5.2378000e-02   5.6158000e-01  -2.2076700e-01  -3.2740800e-01  -2.5301400e-01
  -1.0908300e-01  -8.2166100e-01  -3.6047000e-02   5.5827800e-01  -2.1943800e-01  -3.1802300e-01  -2.5732700e-01
  -1.1330700e-01  -8.2397700e-01  -2.0527000e-02   5.5479900e-01  -2.1789500e-01  -3.0854600e-01  -2.6134900e-01
  -1.1542600e-01  -8.2497500e-01  -1.3206000e-02   5.5309900e-01  -2.1705100e-01  -3.0384900e-01  -2.6321200e-01
  -1.1885300e-01  -8.2666000e-01   1.8590000e-03   5.5000400e-01  -2.1527100e-01  -2.9458800e-01  -2.6663000e-01
  -1.2424600e-01  -8.2784700e-01   1.3279000e-02   5.4686000e-01  -2.1324600e-01  -2.8542800e-01  -2.6965400e-01
  -1.2962800e-01  -8.2868700e-01   2.3561000e-02   5.4398500e-01  -2.1106500e-01  -2.7654500e-01  -2.7226300e-01
  -1.3382300e-01  -8.2917100e-01   3.4403000e-02   5.4164900e-01  -2.0879800e-01  -2.6804000e-01  -2.7446500e-01
  -1.3575300e-01  -8.2919600e-01   4.7494000e-02   5.4013800e-01  -2.0649100e-01  -2.5996200e-01  -2.7628700e-01
  -1.3855600e-01  -8.2926600e-01   5.0796000e-02   5.3901700e-01  -2.0532300e-01  -2.5608000e-01  -2.7706700e-01
  -1.4253500e-01  -8.2910800e-01   5.9067000e-02   5.3737700e-01  -2.0295000e-01  -2.4863000e-01  -2.7838700e-01
  -1.4644000e-01  -8.2860300e-01   6.6340000e-02   5.3625700e-01  -2.0048000e-01  -2.4159900e-01  -2.7957900e-01
  -1.4869300e-01  -8.2534900e-01   7.2101000e-02   5.3989900e-01  -1.9715500e-01  -2.3541400e-01  -2.8347900e-01
  -1.5140200e-01  -8.2090400e-01   7.5325000e-02   5.4545400e-01  -1.9338400e-01  -2.2965200e-01  -2.8834000e-01
  -1.5520200e-01  -8.1604400e-01   7.6124000e-02   5.5153400e-01  -1.8934900e-01  -2.2414900e-01  -2.9322800e-01
  -1.5693700e-01  -8.1347100e-01   7.6544000e-02   5.5477600e-01  -1.8726400e-01  -2.2149100e-01  -2.9559200e-01
  -1.5896900e-01  -8.0797200e-01   7.9085000e-02   5.6183200e-01  -1.8300600e-01  -2.1636800e-01  -3.0009700e-01
  -1.5979000e-01  -8.0215000e-01   8.2911000e-02   5.6934100e-01  -1.7866900e-01  -2.1147900e-01  -3.0427000e-01
  -1.5990800e-01  -7.9613100e-01   8.7089000e-02   5.7707900e-01  -1.7428300e-01  -2.0680200e-01  -3.0819400e-01
  -1.6014300e-01  -7.9310800e-01   8.8688000e-02   5.8092000e-01  -1.7206200e-01  -2.0452300e-01  -3.1008900e-01
  -1.6081900e-01  -7.8680000e-01   9.1412000e-02   5.8883500e-01  -1.6747500e-01  -2.0010200e-01  -3.1372600e-01
  -1.6152600e-01  -7.8041900e-01   9.3679000e-02   5.9672400e-01  -1.6288800e-01  -1.9594300e-01  -3.1708500e-01
  -1.6215800e-01  -7.7410000e-01   9.5561000e-02   6.0443600e-01  -1.5840200e-01  -1.9207200e-01  -3.2017500e-01
  -1.6254400e-01  -7.6788700e-01   9.7206000e-02   6.1194700e-01  -1.5406900e-01  -1.8849400e-01  -3.2304500e-01
  -1.6324700e-01  -7.6193900e-01   9.7952000e-02   6.1903500e-01  -1.4991000e-01  -1.8519900e-01  -3.2568400e-01
  -1.6430300e-01  -7.5628400e-01   9.7891000e-02   6.2566400e-01  -1.4593200e-01  -1.8215700e-01  -3.2808900e-01
  -1.6504400e-01  -7.5082300e-01   9.7938000e-02   6.3200800e-01  -1.4213800e-01  -1.7935000e-01  -3.3026500e-01
  -1.6516800e-01  -7.4815300e-01   9.8154000e-02   6.3510000e-01  -1.4031400e-01  -1.7802900e-01  -3.3127500e-01
  -1.6546700e-01  -7.4297400e-01   9.8425000e-02   6.4103300e-01  -1.3683700e-01  -1.7553300e-01  -3.3318600e-01
  -1.6684300e-01  -7.3815400e-01   9.7363000e-02   6.4638500e-01  -1.3357100e-01  -1.7320300e-01  -3.3496700e-01
  -1.6775100e-01  -7.3345600e-01   9.6768000e-02   6.5156600e-01  -1.3051600e-01  -1.7101800e-01  -3.3664500e-01
  -1.6745200e-01  -7.2874800e-01   9.7488000e-02   6.5679700e-01  -1.2763900e-01  -1.6897900e-01  -3.3820000e-01
  -1.6721000e-01  -7.2423600e-01   9.8174000e-02   6.6172900e-01  -1.2494700e-01  -1.6709100e-01  -3.3960900e-01
  -1.6715600e-01  -7.2207200e-01   9.8443000e-02   6.6406300e-01  -1.2367600e-01  -1.6619500e-01  -3.4026900e-01
  -1.6758700e-01  -7.1799700e-01   9.8385000e-02   6.6836800e-01  -1.2127500e-01  -1.6449300e-01  -3.4150900e-01
  -1.6831900e-01  -7.1419400e-01   9.7952000e-02   6.7231000e-01  -1.1904000e-01  -1.6289600e-01  -3.4265300e-01
  -1.6888600e-01  -7.1057400e-01   9.7617000e-02   6.7604200e-01  -1.1694000e-01  -1.6140300e-01  -3.4370800e-01
  -1.6914300e-01  -7.0710600e-01   9.7518000e-02   6.7961900e-01  -1.1495000e-01  -1.6001500e-01  -3.4466900e-01
  -1.6943200e-01  -7.0383800e-01   9.7243000e-02   6.8297000e-01  -1.1304200e-01  -1.5871800e-01  -3.4554300e-01
  -1.6952700e-01  -7.0227400e-01   9.7089000e-02   6.8457600e-01  -1.1211400e-01  -1.5809400e-01  -3.4595200e-01
  -1.6927200e-01  -6.9922400e-01   9.7143000e-02   6.8774700e-01  -1.1031300e-01  -1.5690300e-01  -3.4671300e-01
  -1.6863100e-01  -6.9623400e-01   9.7507000e-02   6.9088000e-01  -1.0856000e-01  -1.5577700e-01  -3.4741000e-01
  -1.6785700e-01  -6.9343900e-01   9.7965000e-02   6.9380700e-01  -1.0691100e-01  -1.5472000e-01  -3.4802400e-01
  -1.6701000e-01  -6.9089200e-01   9.8470000e-02   6.9647600e-01  -1.0539500e-01  -1.5373800e-01  -3.4855800e-01
  -1.6636200e-01  -6.8864700e-01   9.8818000e-02   6.9880200e-01  -1.0403400e-01  -1.5282300e-01  -3.4901200e-01
  -1.6575900e-01  -6.8759200e-01   9.9314000e-02   6.9991300e-01  -1.0342100e-01  -1.5238500e-01  -3.4920800e-01
  -1.6522000e-01  -6.8578100e-01   9.9712000e-02   7.0175800e-01  -1.0231800e-01  -1.5158900e-01  -3.4953600e-01
  -1.6487700e-01  -6.8426200e-01   1.0007500e-01   7.0326800e-01  -1.0139600e-01  -1.5086800e-01  -3.4978900e-01
  -1.6494400e-01  -6.8302600e-01   1.0025400e-01   7.0442700e-01  -1.0064100e-01  -1.5020800e-01  -3.4997100e-01
  -1.6531500e-01  -6.8200800e-01   1.0038000e-01   7.0530900e-01  -1.0003300e-01  -1.4959000e-01  -3.5009200e-01
  -1.6646900e-01  -6.8123400e-01   9.9959000e-02   7.0584400e-01  -9.9555000e-02  -1.4901200e-01  -3.5017300e-01
  -1.6795800e-01  -6.8061300e-01   9.9352000e-02   7.0617700e-01  -9.9192000e-02  -1.4846900e-01  -3.5024200e-01
  -1.6929300e-01  -6.8009300e-01   9.8928000e-02   7.0641800e-01  -9.8932000e-02  -1.4796900e-01  -3.5030900e-01
  -1.6969600e-01  -6.7984500e-01   9.8958000e-02   7.0655600e-01  -9.8837000e-02  -1.4773000e-01  -3.5034700e-01
  -1.6997600e-01  -6.7935000e-01   9.9468000e-02   7.0689300e-01  -9.8704000e-02  -1.4726800e-01  -3.5044600e-01
  -1.6989000e-01  -6.7888900e-01   1.0021800e-01   7.0725100e-01  -9.8640000e-02  -1.4684300e-01  -3.5058100e-01
  -1.6982000e-01  -6.7851100e-01   1.0083600e-01   7.0754200e-01  -9.8642000e-02  -1.4645400e-01  -3.5075400e-01
  -1.6949700e-01  -6.7817200e-01   1.0154900e-01   7.0784200e-01  -9.8689000e-02  -1.4609400e-01  -3.5096000e-01
  -1.6877200e-01  -6.7785500e-01   1.0249400e-01   7.0818400e-01  -9.8771000e-02  -1.4576400e-01  -3.5119200e-01
  -1.6848300e-01  -6.7767400e-01   1.0290400e-01   7.0836600e-01  -9.8884000e-02  -1.4546400e-01  -3.5143700e-01
  -1.6886500e-01  -6.7767100e-01   1.0258600e-01   7.0832400e-01  -9.9035000e-02  -1.4519100e-01  -3.5169000e-01
  -1.6887000e-01  -6.7765900e-01   1.0253100e-01   7.0834200e-01  -9.9190000e-02  -1.4495100e-01  -3.5194000e-01
  -1.6888000e-01  -6.7766100e-01   1.0245700e-01   7.0834800e-01  -9.9258000e-02  -1.4484500e-01  -3.5206100e-01
  -1.6846100e-01  -6.7761200e-01   1.0269700e-01   7.0846100e-01  -9.9391000e-02  -1.4467800e-01  -3.5228500e-01
  -1.6812400e-01  -6.7755200e-01   1.0278400e-01   7.0858500e-01  -9.9495000e-02  -1.4456400e-01  -3.5249800e-01
  -1.6820800e-01  -6.7751400e-01   1.0239700e-01   7.0865700e-01  -9.9571000e-02  -1.4448700e-01  -3.5271300e-01
  -1.6830100e-01  -6.7743900e-01   1.0193500e-01   7.0877400e-01  -9.9621000e-02  -1.4446800e-01  -3.5292300e-01
  -1.6815400e-01  -6.7731800e-01   1.0160300e-01   7.0897200e-01  -9.9638000e-02  -1.4451500e-01  -3.5311600e-01
  -1.6792100e-01  -6.7724000e-01   1.0156100e-01   7.0910800e-01  -9.9637000e-02  -1.4456400e-01  -3.5320100e-01
  -1.6731400e-01  -6.7706700e-01   1.0157800e-01   7.0941300e-01  -9.9619000e-02  -1.4469700e-01  -3.5335100e-01
  -1.6675700e-01  -6.7691400e-01   1.0148300e-01   7.0970400e-01  -9.9587000e-02  -1.4485900e-01  -3.5349100e-01
  -1.6675000e-01  -6.7687500e-01   1.0117200e-01   7.0978800e-01  -9.9569000e-02  -1.4495500e-01  -3.5355600e-01
  -1.6625000e-01  -6.7673800e-01   1.0102900e-01   7.1005600e-01  -9.9539000e-02  -1.4516200e-01  -3.5367500e-01
  -1.6530200e-01  -6.7658900e-01   1.0129400e-01   7.1038200e-01  -9.9537000e-02  -1.4539900e-01  -3.5378700e-01
  -1.6474100e-01  -6.7654900e-01   1.0116900e-01   7.1056800e-01  -9.9559000e-02  -1.4565400e-01  -3.5389200e-01
  -1.6454300e-01  -6.7661100e-01   1.0070400e-01   7.1062100e-01  -9.9605000e-02  -1.4591300e-01  -3.5399000e-01
  -1.6436900e-01  -6.7672500e-01   1.0023200e-01   7.1061900e-01  -9.9681000e-02  -1.4617800e-01  -3.5408100e-01
  -1.6419700e-01  -6.7685800e-01   9.9824000e-02   7.1059000e-01  -9.9791000e-02  -1.4644400e-01  -3.5417300e-01
  -1.6414700e-01  -6.7704600e-01   9.9386000e-02   7.1048300e-01  -9.9941000e-02  -1.4670000e-01  -3.5425700e-01
