   5.1800000e-04  -1.6232100e-01  -2.5871000e-02   9.8639900e-01   1.6661200e-01  -2.2921900e-01  -2.0320000e-03
   1.7760000e-03  -1.6437600e-01  -2.5935000e-02   9.8605500e-01   1.6615800e-01  -2.3047700e-01  -3.4430000e-03
   1.7760000e-03  -1.6437600e-01  -2.5935000e-02   9.8605500e-01   1.6615800e-01  -2.3047700e-01  -3.4430000e-03
   2.4330000e-03  -1.6548200e-01  -2.6024000e-02   9.8586600e-01   1.6590700e-01  -2.3110200e-01  -4.1190000e-03
   3.5900000e-03  -1.6659400e-01  -2.6095000e-02   9.8567400e-01   1.6565800e-01  -2.3170400e-01  -4.7530000e-03
   5.5740000e-03  -1.6775000e-01  -2.6085000e-02   9.8546900e-01   1.6540300e-01  -2.3227600e-01  -5.3280000e-03
   7.9470000e-03  -1.6897200e-01  -2.6093000e-02   9.8524300e-01   1.6512600e-01  -2.3282400e-01  -5.8210000e-03
   9.5730000e-03  -1.7030700e-01  -2.6266000e-02   9.8499400e-01   1.6480100e-01  -2.3334500e-01  -6.2030000e-03
   1.0795000e-02  -1.7182000e-01  -2.6531000e-02   9.8471200e-01   1.6441000e-01  -2.3383500e-01  -6.4640000e-03
   1.2375000e-02  -1.7362100e-01  -2.6732000e-02   9.8437200e-01   1.6391800e-01  -2.3430400e-01  -6.5770000e-03
   1.4884000e-02  -1.7571100e-01  -2.6738000e-02   9.8396600e-01   1.6331300e-01  -2.3477100e-01  -6.5270000e-03
   1.8146000e-02  -1.7801800e-01  -2.6579000e-02   9.8350100e-01   1.6260700e-01  -2.3525000e-01  -6.3230000e-03
   2.0962000e-02  -1.8047600e-01  -2.6491000e-02   9.8299900e-01   1.6179900e-01  -2.3575300e-01  -5.9530000e-03
   2.2933000e-02  -1.8302100e-01  -2.6590000e-02   9.8248200e-01   1.6088000e-01  -2.3632600e-01  -5.3820000e-03
   2.4935000e-02  -1.8562700e-01  -2.6740000e-02   9.8194000e-01   1.5984800e-01  -2.3700300e-01  -4.6050000e-03
   2.7500000e-02  -1.8826700e-01  -2.6883000e-02   9.8136500e-01   1.5871000e-01  -2.3779300e-01  -3.6250000e-03
   3.0948000e-02  -1.9091400e-01  -2.7030000e-02   9.8074600e-01   1.5746600e-01  -2.3872800e-01  -2.4370000e-03
   3.4712000e-02  -1.9351700e-01  -2.7315000e-02   9.8010200e-01   1.5611000e-01  -2.3984500e-01  -1.0370000e-03
   3.3615000e-02  -1.9593800e-01  -2.8838000e-02   9.7961600e-01   1.5463600e-01  -2.4115600e-01   5.6900000e-04
   3.8153000e-02  -1.9852000e-01  -2.9554000e-02   9.7890800e-01   1.5302700e-01  -2.4266900e-01   2.3750000e-03
   4.4721000e-02  -1.9871400e-01  -2.8221000e-02   9.7863000e-01   1.5302700e-01  -2.4266900e-01   2.3750000e-03
   5.2818000e-02  -2.0148100e-01  -2.8504000e-02   9.7765200e-01   1.5125500e-01  -2.4437800e-01   4.3770000e-03
   6.2263000e-02  -2.0442100e-01  -2.8857000e-02   9.7647500e-01   1.4929400e-01  -2.4629300e-01   6.5740000e-03
   7.2456000e-02  -2.0759300e-01  -2.9383000e-02   9.7508600e-01   1.4712100e-01  -2.4839600e-01   8.9390000e-03
   8.3464000e-02  -2.1106500e-01  -3.0067000e-02   9.7343800e-01   1.4471500e-01  -2.5067300e-01   1.1447000e-02
   9.5480000e-02  -2.1491500e-01  -3.0849000e-02   9.7146500e-01   1.4205600e-01  -2.5310100e-01   1.4067000e-02
   1.0758100e-01  -2.1916800e-01  -3.1950000e-02   9.6921100e-01   1.3914400e-01  -2.5565000e-01   1.6753000e-02
   1.2469100e-01  -2.2882300e-01  -3.6917000e-02   9.6474300e-01   1.3251900e-01  -2.6101600e-01   2.2215000e-02
   1.2928000e-01  -2.3945300e-01  -4.5784000e-02   9.6117300e-01   1.2485000e-01  -2.6683400e-01   2.7466000e-02
   1.3323100e-01  -2.4495600e-01  -4.9967000e-02   9.5903600e-01   1.2091000e-01  -2.6966300e-01   2.9873000e-02
   1.3922100e-01  -2.5585700e-01  -5.8932000e-02   9.5482000e-01   1.1301700e-01  -2.7505000e-01   3.4201000e-02
   1.4604600e-01  -2.6685400e-01  -6.7677000e-02   9.5020000e-01   1.0514000e-01  -2.8010300e-01   3.7884000e-02
   1.5412200e-01  -2.7816300e-01  -7.5972000e-02   9.4504000e-01   9.7263000e-02  -2.8487300e-01   4.0941000e-02
   1.6326600e-01  -2.9007900e-01  -8.4029000e-02   9.3922200e-01   8.9314000e-02  -2.8932200e-01   4.3449000e-02
   1.7230300e-01  -3.0258800e-01  -9.2221000e-02   9.3287100e-01   8.1340000e-02  -2.9356900e-01   4.5334000e-02
   1.7675700e-01  -3.0906000e-01  -9.6279000e-02   9.2950000e-01   7.7320000e-02  -2.9565300e-01   4.6060000e-02
   1.8158600e-01  -3.2203100e-01  -1.0586100e-01   9.2310100e-01   6.9217000e-02  -2.9977800e-01   4.7101000e-02
   1.8221700e-01  -3.3492800e-01  -1.1678900e-01   9.1705000e-01   6.0986000e-02  -3.0385700e-01   4.7687000e-02
   1.8030200e-01  -3.4773200e-01  -1.2841700e-01   9.1108900e-01   5.2624000e-02  -3.0786800e-01   4.7899000e-02
   1.8030200e-01  -3.4773200e-01  -1.2841700e-01   9.1108900e-01   5.2624000e-02  -3.0786800e-01   4.7899000e-02
   1.8030200e-01  -3.4773200e-01  -1.2841700e-01   9.1108900e-01   5.2624000e-02  -3.0786800e-01   4.7899000e-02
   1.8030200e-01  -3.4773200e-01  -1.2841700e-01   9.1108900e-01   5.2624000e-02  -3.0786800e-01   4.7899000e-02
   1.8030200e-01  -3.4773200e-01  -1.2841700e-01   9.1108900e-01   5.2624000e-02  -3.0786800e-01   4.7899000e-02
   1.8030200e-01  -3.4773200e-01  -1.2841700e-01   9.1108900e-01   5.2624000e-02  -3.0786800e-01   4.7899000e-02
   1.8030200e-01  -3.4773200e-01  -1.2841700e-01   9.1108900e-01   5.2624000e-02  -3.0786800e-01   4.7899000e-02
   1.8030200e-01  -3.4773200e-01  -1.2841700e-01   9.1108900e-01   5.2624000e-02  -3.0786800e-01   4.7899000e-02
   1.8030200e-01  -3.4773200e-01  -1.2841700e-01   9.1108900e-01   5.2624000e-02  -3.0786800e-01   4.7899000e-02
   1.8030200e-01  -3.4773200e-01  -1.2841700e-01   9.1108900e-01   5.2624000e-02  -3.0786800e-01   4.7899000e-02
   1.8030200e-01  -3.4773200e-01  -1.2841700e-01   9.1108900e-01   5.2624000e-02  -3.0786800e-01   4.7899000e-02
   1.8030200e-01  -3.4773200e-01  -1.2841700e-01   9.1108900e-01   5.2624000e-02  -3.0786800e-01   4.7899000e-02
   1.8030200e-01  -3.4773200e-01  -1.2841700e-01   9.1108900e-01   5.2624000e-02  -3.0786800e-01   4.7899000e-02
   1.8030200e-01  -3.4773200e-01  -1.2841700e-01   9.1108900e-01   5.2624000e-02  -3.0786800e-01   4.7899000e-02
   1.8030200e-01  -3.4773200e-01  -1.2841700e-01   9.1108900e-01   5.2624000e-02  -3.0786800e-01   4.7899000e-02
   1.8030200e-01  -3.4773200e-01  -1.2841700e-01   9.1108900e-01   5.2624000e-02  -3.0786800e-01   4.7899000e-02
   1.8030200e-01  -3.4773200e-01  -1.2841700e-01   9.1108900e-01   5.2624000e-02  -3.0786800e-01   4.7899000e-02
   1.6396800e-01  -4.4775600e-01  -2.7008600e-01   8.3647000e-01  -2.9465000e-02  -4.0274100e-01   2.8496000e-02
   1.6213600e-01  -4.5838900e-01  -2.7628900e-01   8.2900900e-01  -3.6306000e-02  -4.1002700e-01   2.3307000e-02
   1.5912800e-01  -4.6984600e-01  -2.8268900e-01   8.2098100e-01  -4.3726000e-02  -4.1731100e-01   1.7453000e-02
   1.5733300e-01  -4.7592700e-01  -2.8579800e-01   8.1673700e-01  -4.7644000e-02  -4.2091000e-01   1.4267000e-02
   1.5389000e-01  -4.8904500e-01  -2.9134000e-01   8.0763400e-01  -5.5929000e-02  -4.2798600e-01   7.3820000e-03
   1.4984000e-01  -5.0315800e-01  -2.9633000e-01   7.9785200e-01  -6.4838000e-02  -4.3483100e-01  -1.8900000e-04
   1.4400600e-01  -5.1771600e-01  -3.0127500e-01   7.8769700e-01  -7.4290000e-02  -4.4127600e-01  -8.4250000e-03
   1.3748500e-01  -5.3300200e-01  -3.0533500e-01   7.7703100e-01  -8.4304000e-02  -4.4724200e-01  -1.7277000e-02
   1.3052300e-01  -5.4900000e-01  -3.0804400e-01   7.6594500e-01  -9.4816000e-02  -4.5259200e-01  -2.6719000e-02
   1.1984400e-01  -5.6438300e-01  -3.1167400e-01   7.5496200e-01  -1.0564500e-01  -4.5713200e-01  -3.6809000e-02
   1.1925200e-01  -5.7434000e-01  -3.0915300e-01   7.4855700e-01  -1.1113000e-01  -4.5904900e-01  -4.2094000e-02
   1.1199600e-01  -5.9214000e-01  -3.0702700e-01   7.3658700e-01  -1.2211700e-01  -4.6210800e-01  -5.3026000e-02
   1.0498100e-01  -6.1065000e-01  -3.0269900e-01   7.2419600e-01  -1.3274600e-01  -4.6392700e-01  -6.4521000e-02
   9.7140000e-02  -6.2899600e-01  -2.9652100e-01   7.1204100e-01  -1.4311700e-01  -4.6456500e-01  -7.6395000e-02
   8.8420000e-02  -6.4694100e-01  -2.8857600e-01   7.0026700e-01  -1.5315900e-01  -4.6401300e-01  -8.8545000e-02
   7.8857000e-02  -6.6427900e-01  -2.7904700e-01   6.8894700e-01  -1.6269600e-01  -4.6224500e-01  -1.0085400e-01
   6.8583000e-02  -6.8087000e-01  -2.6807600e-01   6.7812100e-01  -1.7168800e-01  -4.5932000e-01  -1.1318200e-01
   5.8499000e-02  -6.9699300e-01  -2.5482500e-01   6.6771500e-01  -1.8012900e-01  -4.5527200e-01  -1.2547200e-01
   4.9508000e-02  -7.1282800e-01  -2.3836900e-01   6.5772800e-01  -1.8795300e-01  -4.5012700e-01  -1.3764900e-01
   4.1069000e-02  -7.2801900e-01  -2.1937000e-01   6.4821100e-01  -1.9509500e-01  -4.4392100e-01  -1.4964800e-01
   2.9899000e-02  -7.4135800e-01  -2.0171600e-01   6.3937800e-01  -2.0154800e-01  -4.3671400e-01  -1.6139000e-01
   2.8741000e-02  -7.4897100e-01  -1.8722000e-01   6.3495300e-01  -2.0450700e-01  -4.3277700e-01  -1.6711600e-01
   2.0920000e-02  -7.6144400e-01  -1.6390100e-01   6.2681900e-01  -2.0986800e-01  -4.2434800e-01  -1.7817500e-01
   1.1947000e-02  -7.7221300e-01  -1.4128800e-01   6.1934000e-01  -2.1446200e-01  -4.1525500e-01  -1.8867700e-01
   1.7150000e-03  -7.8130100e-01  -1.2019600e-01   6.1246900e-01  -2.1825200e-01  -4.0566100e-01  -1.9853300e-01
  -8.0880000e-03  -7.8914400e-01  -9.9045000e-02   6.0611600e-01  -2.2121700e-01  -3.9570500e-01  -2.0771000e-01
  -1.6446000e-02  -7.9591200e-01  -7.6713000e-02   6.0030700e-01  -2.2338500e-01  -3.8548600e-01  -2.1621800e-01
  -2.3692000e-02  -8.0154400e-01  -5.3754000e-02   5.9504300e-01  -2.2481000e-01  -3.7508400e-01  -2.2408100e-01
  -3.0638000e-02  -8.0603900e-01  -3.1493000e-02   5.9023000e-01  -2.2551300e-01  -3.6456300e-01  -2.3133200e-01
  -3.8025000e-02  -8.0952000e-01  -1.1474000e-02   5.8574700e-01  -2.2554800e-01  -3.5407800e-01  -2.3794200e-01
  -4.0426000e-02  -8.1093000e-01  -3.4400000e-04   5.8374500e-01  -2.2533300e-01  -3.4888300e-01  -2.4100500e-01
  -4.5314000e-02  -8.1311100e-01   2.0489000e-02   5.7998100e-01  -2.2456700e-01  -3.3863500e-01  -2.4667200e-01
  -5.1540000e-02  -8.1463500e-01   3.7818000e-02   5.7644000e-01  -2.2338000e-01  -3.2856200e-01  -2.5177400e-01
  -6.1600000e-02  -8.1593600e-01   4.8121000e-02   5.7283400e-01  -2.2180300e-01  -3.1867900e-01  -2.5634200e-01
  -6.9827000e-02  -8.1675500e-01   5.9360000e-02   5.6966000e-01  -2.1988500e-01  -3.0904000e-01  -2.6039200e-01
  -7.5247000e-02  -8.1695100e-01   7.3110000e-02   5.6708400e-01  -2.1770500e-01  -2.9965800e-01  -2.6396000e-01
  -8.0188000e-02  -8.1675200e-01   8.6206000e-02   5.6485000e-01  -2.1535300e-01  -2.9056600e-01  -2.6707000e-01
  -8.3053000e-02  -8.1660300e-01   9.1705000e-02   5.6378300e-01  -2.1413000e-01  -2.8614100e-01  -2.6846000e-01
  -8.9290000e-02  -8.1622400e-01   1.0108700e-01   5.6177100e-01  -2.1162200e-01  -2.7754900e-01  -2.7092600e-01
  -9.4468000e-02  -8.1541900e-01   1.1101900e-01   5.6021600e-01  -2.0902000e-01  -2.6926700e-01  -2.7300600e-01
  -9.7121000e-02  -8.1237100e-01   1.1943400e-01   5.6245600e-01  -2.0568700e-01  -2.6179400e-01  -2.7752200e-01
  -9.7704000e-02  -8.0996700e-01   1.2280900e-01   5.6508800e-01  -2.0373500e-01  -2.5836000e-01  -2.8068900e-01
  -9.7918000e-02  -8.0441400e-01   1.2956700e-01   5.7143900e-01  -1.9962000e-01  -2.5170900e-01  -2.8725900e-01
  -9.8881000e-02  -7.9848400e-01   1.3476300e-01   5.7834600e-01  -1.9523400e-01  -2.4509100e-01  -2.9358700e-01
  -9.9777000e-02  -7.9239000e-01   1.3960400e-01   5.8538300e-01  -1.9076500e-01  -2.3857600e-01  -2.9942800e-01
  -1.0072900e-01  -7.8627900e-01   1.4386300e-01   5.9238700e-01  -1.8628800e-01  -2.3223600e-01  -3.0477700e-01
  -1.0151300e-01  -7.8013200e-01   1.4783900e-01   5.9936000e-01  -1.8181800e-01  -2.2610700e-01  -3.0965000e-01
  -1.0170600e-01  -7.7702500e-01   1.4989700e-01   6.0284200e-01  -1.7958900e-01  -2.2312700e-01  -3.1191400e-01
  -1.0142500e-01  -7.7068400e-01   1.5452300e-01   6.0982100e-01  -1.7516300e-01  -2.1733600e-01  -3.1611900e-01
  -1.0108800e-01  -7.6439800e-01   1.5875100e-01   6.1666500e-01  -1.7079100e-01  -2.1177100e-01  -3.1993400e-01
  -1.0196100e-01  -7.5847000e-01   1.6104300e-01   6.2321100e-01  -1.6646300e-01  -2.0642900e-01  -3.2342100e-01
  -1.0348100e-01  -7.5276100e-01   1.6216900e-01   6.2955900e-01  -1.6217100e-01  -2.0131500e-01  -3.2660100e-01
  -1.0435800e-01  -7.4691100e-01   1.6376200e-01   6.3593700e-01  -1.5790300e-01  -1.9643300e-01  -3.2947500e-01
  -1.0542400e-01  -7.4119200e-01   1.6482700e-01   6.4214700e-01  -1.5370200e-01  -1.9181300e-01  -3.3205200e-01
  -1.0732200e-01  -7.3574700e-01   1.6468500e-01   6.4810300e-01  -1.4958100e-01  -1.8746800e-01  -3.3436500e-01
  -1.0846200e-01  -7.3014700e-01   1.6517700e-01   6.5409300e-01  -1.4554200e-01  -1.8341900e-01  -3.3643600e-01
  -1.1157000e-01  -7.2800300e-01   1.6254200e-01   6.5661600e-01  -1.4355900e-01  -1.8151300e-01  -3.3737500e-01
  -1.1432700e-01  -7.2287800e-01   1.6105600e-01   6.6214600e-01  -1.3968700e-01  -1.7795200e-01  -3.3908600e-01
  -1.1706500e-01  -7.1782400e-01   1.5953800e-01   6.6751200e-01  -1.3594200e-01  -1.7470100e-01  -3.4056700e-01
  -1.1880700e-01  -7.1265200e-01   1.5905000e-01   6.7284100e-01  -1.3235300e-01  -1.7173300e-01  -3.4184800e-01
  -1.1977300e-01  -7.0747700e-01   1.5930000e-01   6.7805100e-01  -1.2894500e-01  -1.6905800e-01  -3.4294000e-01
  -1.2045500e-01  -7.0246300e-01   1.5975500e-01   6.8301800e-01  -1.2574400e-01  -1.6664900e-01  -3.4387400e-01
  -1.2123200e-01  -6.9772500e-01   1.6000100e-01   6.8766500e-01  -1.2274900e-01  -1.6448900e-01  -3.4467400e-01
  -1.2162500e-01  -6.9545700e-01   1.6006300e-01   6.8987400e-01  -1.2132500e-01  -1.6349700e-01  -3.4503200e-01
  -1.2314400e-01  -6.9132400e-01   1.5933900e-01   6.9391500e-01  -1.1863700e-01  -1.6167300e-01  -3.4567800e-01
  -1.2387600e-01  -6.8735000e-01   1.5929300e-01   6.9773200e-01  -1.1616900e-01  -1.6004500e-01  -3.4622700e-01
  -1.2338200e-01  -6.8348500e-01   1.6037500e-01   7.0136000e-01  -1.1393000e-01  -1.5858600e-01  -3.4667300e-01
  -1.2298400e-01  -6.8007300e-01   1.6128400e-01   7.0453000e-01  -1.1194800e-01  -1.5727600e-01  -3.4703900e-01
  -1.2365000e-01  -6.7732100e-01   1.6108000e-01   7.0710600e-01  -1.1020200e-01  -1.5610500e-01  -3.4734200e-01
  -1.2488000e-01  -6.7509700e-01   1.6027900e-01   7.0919700e-01  -1.0869900e-01  -1.5506600e-01  -3.4760000e-01
  -1.2540800e-01  -6.7410000e-01   1.5994200e-01   7.1012700e-01  -1.0803200e-01  -1.5459700e-01  -3.4771500e-01
  -1.2636700e-01  -6.7232400e-01   1.5933800e-01   7.1177500e-01  -1.0685800e-01  -1.5375300e-01  -3.4792600e-01
  -1.2708700e-01  -6.7075600e-01   1.5895300e-01   7.1321100e-01  -1.0587800e-01  -1.5302700e-01  -3.4811900e-01
  -1.2776000e-01  -6.6938300e-01   1.5864100e-01   7.1444800e-01  -1.0507000e-01  -1.5240500e-01  -3.4829900e-01
  -1.2849200e-01  -6.6820700e-01   1.5824500e-01   7.1550600e-01  -1.0440900e-01  -1.5188400e-01  -3.4847800e-01
  -1.2923800e-01  -6.6720600e-01   1.5777700e-01   7.1640800e-01  -1.0387700e-01  -1.5146900e-01  -3.4865900e-01
  -1.2931700e-01  -6.6622600e-01   1.5789300e-01   7.1727900e-01  -1.0346000e-01  -1.5114300e-01  -3.4883300e-01
  -1.2959600e-01  -6.6544800e-01   1.5778300e-01   7.1797500e-01  -1.0314700e-01  -1.5088800e-01  -3.4900400e-01
  -1.2872000e-01  -6.6489100e-01   1.5865200e-01   7.1845700e-01  -1.0302200e-01  -1.5078400e-01  -3.4908700e-01
  -1.2867400e-01  -6.6426000e-01   1.5875900e-01   7.1902500e-01  -1.0282800e-01  -1.5061500e-01  -3.4925000e-01
  -1.2882300e-01  -6.6383500e-01   1.5856700e-01   7.1943300e-01  -1.0269500e-01  -1.5051600e-01  -3.4940500e-01
  -1.2873100e-01  -6.6348400e-01   1.5850200e-01   7.1978800e-01  -1.0261700e-01  -1.5047300e-01  -3.4956000e-01
  -1.2820900e-01  -6.6315200e-01   1.5878600e-01   7.2012500e-01  -1.0259100e-01  -1.5046600e-01  -3.4971000e-01
  -1.2752400e-01  -6.6287900e-01   1.5918100e-01   7.2041000e-01  -1.0260600e-01  -1.5049500e-01  -3.4985200e-01
  -1.2669200e-01  -6.6266800e-01   1.5966000e-01   7.2064500e-01  -1.0266800e-01  -1.5055300e-01  -3.4999600e-01
  -1.2599400e-01  -6.6256700e-01   1.5995100e-01   7.2079500e-01  -1.0277100e-01  -1.5063600e-01  -3.5015200e-01
  -1.2561600e-01  -6.6260900e-01   1.5993500e-01   7.2082600e-01  -1.0290300e-01  -1.5072900e-01  -3.5030200e-01
  -1.2514300e-01  -6.6259300e-01   1.6017300e-01   7.2087100e-01  -1.0297500e-01  -1.5078100e-01  -3.5037300e-01
  -1.2444900e-01  -6.6266900e-01   1.6039900e-01   7.2087100e-01  -1.0313000e-01  -1.5089300e-01  -3.5050600e-01
  -1.2403400e-01  -6.6285900e-01   1.6036100e-01   7.2077600e-01  -1.0330200e-01  -1.5101000e-01  -3.5063100e-01
  -1.2373700e-01  -6.6311700e-01   1.6024400e-01   7.2061600e-01  -1.0350000e-01  -1.5112700e-01  -3.5074900e-01
  -1.2343700e-01  -6.6339900e-01   1.6014100e-01   7.2043100e-01  -1.0372000e-01  -1.5125500e-01  -3.5086500e-01
  -1.2301400e-01  -6.6367900e-01   1.6023200e-01   7.2022400e-01  -1.0397300e-01  -1.5138300e-01  -3.5096700e-01
  -1.2308300e-01  -6.6411200e-01   1.5989800e-01   7.1988800e-01  -1.0426500e-01  -1.5151800e-01  -3.5106900e-01
  -1.2342400e-01  -6.6460800e-01   1.5938600e-01   7.1948500e-01  -1.0459800e-01  -1.5165800e-01  -3.5117500e-01
  -1.2360400e-01  -6.6507500e-01   1.5908900e-01   7.1908800e-01  -1.0495900e-01  -1.5179400e-01  -3.5127700e-01
  -1.2358800e-01  -6.6528600e-01   1.5905900e-01   7.1890300e-01  -1.0514800e-01  -1.5186000e-01  -3.5132800e-01
  -1.2350400e-01  -6.6570900e-01   1.5908200e-01   7.1852000e-01  -1.0554500e-01  -1.5199000e-01  -3.5142700e-01
