   1.1366500e-01  -1.6491800e-01   2.4610000e-03   9.7973300e-01   1.6894200e-01  -2.1802200e-01  -6.0950000e-03
   1.1420800e-01  -1.6477300e-01   1.8540000e-03   9.7969500e-01   1.6900700e-01  -2.1833000e-01  -6.2130000e-03
   1.1507000e-01  -1.6474900e-01   1.2670000e-03   9.7960000e-01   1.6904900e-01  -2.1865800e-01  -6.3530000e-03
   1.1604400e-01  -1.6484400e-01   6.5700000e-04   9.7946900e-01   1.6906600e-01  -2.1900600e-01  -6.5090000e-03
   1.1764100e-01  -1.6503100e-01   1.2000000e-04   9.7924700e-01   1.6906300e-01  -2.1937000e-01  -6.6650000e-03
   1.2000000e-01  -1.6531400e-01  -3.1000000e-04   9.7891300e-01   1.6903600e-01  -2.1974500e-01  -6.8090000e-03
   1.2294000e-01  -1.6568600e-01  -6.4300000e-04   9.7848500e-01   1.6898200e-01  -2.2012100e-01  -6.9200000e-03
   1.2641600e-01  -1.6613500e-01  -8.8800000e-04   9.7796600e-01   1.6890100e-01  -2.2049800e-01  -6.9810000e-03
   1.2977900e-01  -1.6662200e-01  -1.1740000e-03   9.7744200e-01   1.6880000e-01  -2.2088300e-01  -6.9860000e-03
   1.3363000e-01  -1.6712600e-01  -1.3540000e-03   9.7683700e-01   1.6867400e-01  -2.2128500e-01  -6.9190000e-03
   1.3792000e-01  -1.6765600e-01  -1.4970000e-03   9.7614900e-01   1.6852200e-01  -2.2170500e-01  -6.7550000e-03
   1.4141800e-01  -1.6819700e-01  -1.8320000e-03   9.7555500e-01   1.6834300e-01  -2.2213700e-01  -6.4670000e-03
   1.4545800e-01  -1.6873400e-01  -2.1380000e-03   9.7486700e-01   1.6812900e-01  -2.2259100e-01  -6.0110000e-03
   1.4945800e-01  -1.6925100e-01  -2.5350000e-03   9.7417100e-01   1.6787700e-01  -2.2307200e-01  -5.3590000e-03
   1.5335400e-01  -1.6972500e-01  -3.0530000e-03   9.7348200e-01   1.6758100e-01  -2.2360600e-01  -4.4850000e-03
   1.5640000e-01  -1.7012600e-01  -3.8220000e-03   9.7292400e-01   1.6723500e-01  -2.2420500e-01  -3.3600000e-03
   1.5827700e-01  -1.7045500e-01  -4.9290000e-03   9.7255800e-01   1.6683100e-01  -2.2488500e-01  -1.9810000e-03
   1.5956600e-01  -1.7071300e-01  -6.3140000e-03   9.7229400e-01   1.6635600e-01  -2.2568000e-01  -3.2200000e-04
   1.6094200e-01  -1.7091800e-01  -7.8690000e-03   9.7202000e-01   1.6579600e-01  -2.2660000e-01   1.6280000e-03
   1.6268800e-01  -1.7093200e-01  -7.5620000e-03   9.7172900e-01   1.6579600e-01  -2.2660000e-01   1.6280000e-03
   1.6878400e-01  -1.7119600e-01  -8.4780000e-03   9.7063500e-01   1.6511800e-01  -2.2766000e-01   3.8880000e-03
   1.7625700e-01  -1.7151400e-01  -9.3600000e-03   9.6924100e-01   1.6430700e-01  -2.2887100e-01   6.4620000e-03
   1.8062800e-01  -1.7181300e-01  -1.1050000e-02   9.6836500e-01   1.6335600e-01  -2.3027400e-01   9.3400000e-03
   1.8107800e-01  -1.7206700e-01  -1.3738000e-02   9.6820200e-01   1.6225700e-01  -2.3189900e-01   1.2502000e-02
   1.7944800e-01  -1.7230200e-01  -1.7150000e-02   9.6840900e-01   1.6098800e-01  -2.3376600e-01   1.5944000e-02
   1.7797700e-01  -1.7252500e-01  -2.0870000e-02   9.6856800e-01   1.5953200e-01  -2.3590900e-01   1.9648000e-02
   1.7746200e-01  -1.7277500e-01  -2.4777000e-02   9.6852600e-01   1.5788300e-01  -2.3832000e-01   2.3577000e-02
   1.7742800e-01  -1.7307600e-01  -2.9014000e-02   9.6836100e-01   1.5603400e-01  -2.4100800e-01   2.7690000e-02
   1.7835800e-01  -1.7349000e-01  -3.3555000e-02   9.6796900e-01   1.5397100e-01  -2.4397900e-01   3.1955000e-02
   1.8050800e-01  -1.7409000e-01  -3.8370000e-02   9.6728300e-01   1.5168800e-01  -2.4721100e-01   3.6329000e-02
   1.8350800e-01  -1.7491800e-01  -4.3565000e-02   9.6634900e-01   1.4918500e-01  -2.5068700e-01   4.0760000e-02
   1.8481500e-01  -1.7589000e-01  -4.9628000e-02   9.6563100e-01   1.4647800e-01  -2.5437400e-01   4.5189000e-02
   1.8481900e-01  -1.7709200e-01  -5.6500000e-02   9.6503300e-01   1.4355500e-01  -2.5825400e-01   4.9557000e-02
   1.8572200e-01  -1.7868200e-01  -6.3797000e-02   9.6411100e-01   1.4042500e-01  -2.6229600e-01   5.3817000e-02
   1.9012300e-01  -1.8096700e-01  -7.1052000e-02   9.6231800e-01   1.3708200e-01  -2.6649000e-01   5.7909000e-02
   2.0024400e-01  -1.8427000e-01  -7.7788000e-02   9.5911200e-01   1.3353000e-01  -2.7080800e-01   6.1786000e-02
   2.0471400e-01  -1.8775500e-01  -8.6266000e-02   9.5676500e-01   1.2979200e-01  -2.7527400e-01   6.5381000e-02
   2.2015400e-01  -1.9303700e-01  -9.3133000e-02   9.5162800e-01   1.2585500e-01  -2.7983900e-01   6.8651000e-02
   2.2935200e-01  -2.0359300e-01  -1.1210400e-01   9.4518800e-01   1.1748700e-01  -2.8908800e-01   7.4141000e-02
   2.3333700e-01  -2.0931900e-01  -1.2157200e-01   9.4178500e-01   1.1323100e-01  -2.9351700e-01   7.6410000e-02
   2.4241400e-01  -2.2207900e-01  -1.3962600e-01   9.3403500e-01   1.0456700e-01  -3.0188100e-01   8.0035000e-02
   2.4514600e-01  -2.3563800e-01  -1.5827900e-01   9.2699800e-01   9.5512000e-02  -3.0965100e-01   8.2547000e-02
   2.4829700e-01  -2.5003200e-01  -1.7532900e-01   9.1928900e-01   8.6277000e-02  -3.1678800e-01   8.4243000e-02
   2.4936300e-01  -2.6457400e-01  -1.9159400e-01   9.1165300e-01   7.6985000e-02  -3.2333600e-01   8.5212000e-02
   2.4741300e-01  -2.7885400e-01  -2.0751400e-01   9.0441400e-01   6.7637000e-02  -3.2940100e-01   8.5575000e-02
   2.4557300e-01  -2.9347800e-01  -2.2221400e-01   8.9676400e-01   5.8246000e-02  -3.3507300e-01   8.5378000e-02
   2.4395800e-01  -3.0067000e-01  -2.2940000e-01   8.9300500e-01   5.3544000e-02  -3.3778100e-01   8.5120000e-02
   2.4395800e-01  -3.0067000e-01  -2.2940000e-01   8.9300500e-01   5.3544000e-02  -3.3778100e-01   8.5120000e-02
   2.4395800e-01  -3.0067000e-01  -2.2940000e-01   8.9300500e-01   5.3544000e-02  -3.3778100e-01   8.5120000e-02
   2.4395800e-01  -3.0067000e-01  -2.2940000e-01   8.9300500e-01   5.3544000e-02  -3.3778100e-01   8.5120000e-02
   2.4395800e-01  -3.0067000e-01  -2.2940000e-01   8.9300500e-01   5.3544000e-02  -3.3778100e-01   8.5120000e-02
   2.4395800e-01  -3.0067000e-01  -2.2940000e-01   8.9300500e-01   5.3544000e-02  -3.3778100e-01   8.5120000e-02
   2.4395800e-01  -3.0067000e-01  -2.2940000e-01   8.9300500e-01   5.3544000e-02  -3.3778100e-01   8.5120000e-02
   2.4395800e-01  -3.0067000e-01  -2.2940000e-01   8.9300500e-01   5.3544000e-02  -3.3778100e-01   8.5120000e-02
   2.4395800e-01  -3.0067000e-01  -2.2940000e-01   8.9300500e-01   5.3544000e-02  -3.3778100e-01   8.5120000e-02
   2.4395800e-01  -3.0067000e-01  -2.2940000e-01   8.9300500e-01   5.3544000e-02  -3.3778100e-01   8.5120000e-02
   2.4395800e-01  -3.0067000e-01  -2.2940000e-01   8.9300500e-01   5.3544000e-02  -3.3778100e-01   8.5120000e-02
   2.4395800e-01  -3.0067000e-01  -2.2940000e-01   8.9300500e-01   5.3544000e-02  -3.3778100e-01   8.5120000e-02
   2.4395800e-01  -3.0067000e-01  -2.2940000e-01   8.9300500e-01   5.3544000e-02  -3.3778100e-01   8.5120000e-02
   2.4395800e-01  -3.0067000e-01  -2.2940000e-01   8.9300500e-01   5.3544000e-02  -3.3778100e-01   8.5120000e-02
   2.4395800e-01  -3.0067000e-01  -2.2940000e-01   8.9300500e-01   5.3544000e-02  -3.3778100e-01   8.5120000e-02
   2.4395800e-01  -3.0067000e-01  -2.2940000e-01   8.9300500e-01   5.3544000e-02  -3.3778100e-01   8.5120000e-02
   2.4395800e-01  -3.0067000e-01  -2.2940000e-01   8.9300500e-01   5.3544000e-02  -3.3778100e-01   8.5120000e-02
   2.4395800e-01  -3.0067000e-01  -2.2940000e-01   8.9300500e-01   5.3544000e-02  -3.3778100e-01   8.5120000e-02
   2.4395800e-01  -3.0067000e-01  -2.2940000e-01   8.9300500e-01   5.3544000e-02  -3.3778100e-01   8.5120000e-02
   1.7299500e-01  -4.5170400e-01  -3.9386000e-01   7.8160800e-01  -6.8169000e-02  -4.4160200e-01   4.8686000e-02
   1.6917600e-01  -4.6075700e-01  -3.9856100e-01   7.7474600e-01  -7.4848000e-02  -4.4690400e-01   4.4258000e-02
   1.6494100e-01  -4.7013500e-01  -4.0288800e-01   7.6775600e-01  -8.1660000e-02  -4.5197200e-01   3.9478000e-02
   1.6106000e-01  -4.8039800e-01  -4.0628200e-01   7.6040300e-01  -8.8622000e-02  -4.5680600e-01   3.4246000e-02
   1.5920800e-01  -4.8581000e-01  -4.0762700e-01   7.5662500e-01  -9.2123000e-02  -4.5910600e-01   3.1469000e-02
   1.5504200e-01  -4.9677900e-01  -4.1000600e-01   7.4904400e-01  -9.9169000e-02  -4.6346300e-01   2.5632000e-02
   1.5013400e-01  -5.0791700e-01  -4.1201800e-01   7.4143200e-01  -1.0629700e-01  -4.6749500e-01   1.9395000e-02
   1.4478200e-01  -5.1935200e-01  -4.1347300e-01   7.3372400e-01  -1.1350900e-01  -4.7118600e-01   1.2771000e-02
   1.3996800e-01  -5.3185600e-01  -4.1326600e-01   7.2577500e-01  -1.2081700e-01  -4.7450300e-01   5.6060000e-03
   1.3500000e-01  -5.4523700e-01  -4.1162500e-01   7.1767400e-01  -1.2831800e-01  -4.7744100e-01  -2.2060000e-03
   1.2961000e-01  -5.5900500e-01  -4.0898800e-01   7.0953700e-01  -1.3578300e-01  -4.7987600e-01  -1.0524000e-02
   1.2643400e-01  -5.6579100e-01  -4.0758100e-01   7.0553000e-01  -1.3942800e-01  -4.8086700e-01  -1.4864000e-02
   1.2036800e-01  -5.7987800e-01  -4.0352200e-01   6.9744000e-01  -1.4654700e-01  -4.8238900e-01  -2.3905000e-02
   1.1534800e-01  -5.9503300e-01  -3.9695400e-01   6.8924400e-01  -1.5336400e-01  -4.8323400e-01  -3.3472000e-02
   1.1135500e-01  -6.1108400e-01  -3.8774100e-01   6.8105300e-01  -1.5982600e-01  -4.8336800e-01  -4.3502000e-02
   1.0683400e-01  -6.2701000e-01  -3.7712100e-01   6.7321900e-01  -1.6585500e-01  -4.8274400e-01  -5.3967000e-02
   1.0194900e-01  -6.4235600e-01  -3.6525700e-01   6.6601300e-01  -1.7140800e-01  -4.8141500e-01  -6.4530000e-02
   9.6528000e-02  -6.5730200e-01  -3.5202900e-01   6.5932700e-01  -1.7650200e-01  -4.7932000e-01  -7.5389000e-02
   8.8772000e-02  -6.7100600e-01  -3.3904400e-01   6.5339100e-01  -1.8108200e-01  -4.7636900e-01  -8.6646000e-02
   8.0075000e-02  -6.8405500e-01  -3.2518700e-01   6.4800500e-01  -1.8515300e-01  -4.7257200e-01  -9.8153000e-02
   7.0067000e-02  -6.9616000e-01  -3.1103600e-01   6.4320200e-01  -1.8871600e-01  -4.6793700e-01  -1.0979700e-01
   6.6142000e-02  -7.0274700e-01  -3.0201000e-01   6.4075100e-01  -1.9034900e-01  -4.6526500e-01  -1.1574200e-01
   5.5278000e-02  -7.1426100e-01  -2.8602100e-01   6.3637000e-01  -1.9330000e-01  -4.5927300e-01  -1.2767500e-01
   4.3876000e-02  -7.2485000e-01  -2.6940900e-01   6.3252300e-01  -1.9583600e-01  -4.5255600e-01  -1.3936300e-01
   3.2887000e-02  -7.3457400e-01  -2.5170300e-01   6.2925800e-01  -1.9788500e-01  -4.4527400e-01  -1.5054100e-01
   2.1719000e-02  -7.4343800e-01  -2.3325100e-01   6.2643600e-01  -1.9952100e-01  -4.3736000e-01  -1.6136800e-01
   9.8040000e-03  -7.5130400e-01  -2.1473000e-01   6.2396900e-01  -2.0064800e-01  -4.2875100e-01  -1.7189500e-01
  -2.3610000e-03  -7.5803200e-01  -1.9623500e-01   6.2199200e-01  -2.0113300e-01  -4.1962400e-01  -1.8187500e-01
  -9.4540000e-03  -7.6066700e-01  -1.8827600e-01   6.2116700e-01  -2.0112300e-01  -4.1490800e-01  -1.8662400e-01
  -1.5753000e-02  -7.6327900e-01  -1.7946600e-01   6.2044300e-01  -2.0093300e-01  -4.1010600e-01  -1.9120500e-01
  -2.4949000e-02  -7.6856500e-01  -1.5763500e-01   6.1954600e-01  -1.9991500e-01  -4.0015300e-01  -1.9993400e-01
  -3.7413000e-02  -7.7190500e-01  -1.3772200e-01   6.1951200e-01  -1.9754200e-01  -3.8901400e-01  -2.0852300e-01
  -4.3585000e-02  -7.7321100e-01  -1.2764600e-01   6.1963800e-01  -1.9599700e-01  -3.8320100e-01  -2.1261300e-01
  -5.5685000e-02  -7.7503300e-01  -1.0816000e-01   6.2010100e-01  -1.9236700e-01  -3.7146700e-01  -2.2013500e-01
  -6.7441000e-02  -7.7589500e-01  -8.9746000e-02   6.2079300e-01  -1.8809400e-01  -3.5968700e-01  -2.2676600e-01
  -7.8044000e-02  -7.7606100e-01  -7.1581000e-02   6.2170400e-01  -1.8327100e-01  -3.4793800e-01  -2.3253000e-01
  -8.7241000e-02  -7.7561600e-01  -5.3271000e-02   6.2287300e-01  -1.7795300e-01  -3.3622200e-01  -2.3747200e-01
  -9.5796000e-02  -7.7461900e-01  -3.5779000e-02   6.2410600e-01  -1.7215500e-01  -3.2448200e-01  -2.4165800e-01
  -1.0356900e-01  -7.7317200e-01  -1.8745000e-02   6.2540100e-01  -1.6611700e-01  -3.1280400e-01  -2.4511300e-01
  -1.1203900e-01  -7.7133600e-01  -3.9980000e-03   6.2647600e-01  -1.5998900e-01  -3.0128400e-01  -2.4785800e-01
  -1.1959600e-01  -7.6924100e-01   1.0406000e-02   6.2758000e-01  -1.5384100e-01  -2.8998800e-01  -2.4992300e-01
  -1.2304300e-01  -7.6811900e-01   1.7521000e-02   6.2813000e-01  -1.5079100e-01  -2.8442300e-01  -2.5072300e-01
  -1.2908800e-01  -7.6574200e-01   3.1586000e-02   6.2926800e-01  -1.4475100e-01  -2.7353500e-01  -2.5186500e-01
  -1.3528100e-01  -7.6327100e-01   4.4093000e-02   6.3021600e-01  -1.3889200e-01  -2.6300700e-01  -2.5245500e-01
  -1.4091200e-01  -7.6073800e-01   5.5982000e-02   6.3110000e-01  -1.3331700e-01  -2.5291100e-01  -2.5256600e-01
  -1.4602600e-01  -7.5815300e-01   6.7344000e-02   6.3193800e-01  -1.2803500e-01  -2.4324400e-01  -2.5226000e-01
  -1.5012900e-01  -7.5551600e-01   7.8669000e-02   6.3282600e-01  -1.2312800e-01  -2.3412000e-01  -2.5161000e-01
  -1.5402700e-01  -7.5292100e-01   8.8955000e-02   6.3361800e-01  -1.1858100e-01  -2.2559100e-01  -2.5067200e-01
  -1.5571700e-01  -7.5013500e-01   1.0064200e-01   6.3476000e-01  -1.1442700e-01  -2.1764800e-01  -2.4953200e-01
  -1.6012500e-01  -7.4933300e-01   1.0190900e-01   6.3440900e-01  -1.1247700e-01  -2.1388000e-01  -2.4889500e-01
  -1.6443200e-01  -7.4713300e-01   1.0905300e-01   6.3471400e-01  -1.0883700e-01  -2.0675700e-01  -2.4752700e-01
  -1.6807300e-01  -7.4500600e-01   1.1614000e-01   6.3500400e-01  -1.0555800e-01  -2.0012900e-01  -2.4609100e-01
  -1.7168500e-01  -7.4305100e-01   1.2236000e-01   6.3515900e-01  -1.0261400e-01  -1.9404300e-01  -2.4461800e-01
  -1.7579200e-01  -7.4143500e-01   1.2712300e-01   6.3498900e-01  -9.9994000e-02  -1.8844800e-01  -2.4315700e-01
  -1.7932400e-01  -7.3992000e-01   1.3176700e-01   6.3482200e-01  -9.7660000e-02  -1.8331500e-01  -2.4172300e-01
  -1.8037900e-01  -7.3910200e-01   1.3463600e-01   6.3487500e-01  -9.6601000e-02  -1.8091200e-01  -2.4102800e-01
  -1.8213800e-01  -7.3752100e-01   1.4022400e-01   6.3500000e-01  -9.4670000e-02  -1.7644200e-01  -2.3968300e-01
  -1.8428600e-01  -7.3624400e-01   1.4459100e-01   6.3488300e-01  -9.2993000e-02  -1.7241400e-01  -2.3842700e-01
  -1.8684500e-01  -7.3531400e-01   1.4778100e-01   6.3447800e-01  -9.1564000e-02  -1.6877100e-01  -2.3728400e-01
  -1.8798100e-01  -7.3488700e-01   1.4931600e-01   6.3427800e-01  -9.0929000e-02  -1.6709000e-01  -2.3675100e-01
  -1.8892500e-01  -7.3381700e-01   1.5350200e-01   6.3423700e-01  -8.9786000e-02  -1.6400300e-01  -2.3574800e-01
  -1.9059800e-01  -7.3304600e-01   1.5635200e-01   6.3393200e-01  -8.8798000e-02  -1.6124000e-01  -2.3483100e-01
  -1.9280800e-01  -7.3257300e-01   1.5796000e-01   6.3341100e-01  -8.7968000e-02  -1.5884700e-01  -2.3402200e-01
  -1.9495300e-01  -7.3223900e-01   1.5907300e-01   6.3286200e-01  -8.7274000e-02  -1.5678800e-01  -2.3331800e-01
  -1.9622000e-01  -7.3180100e-01   1.6072200e-01   6.3256000e-01  -8.6686000e-02  -1.5501700e-01  -2.3270100e-01
  -1.9779000e-01  -7.3152900e-01   1.6157700e-01   6.3216900e-01  -8.6193000e-02  -1.5353600e-01  -2.3216800e-01
  -1.9954100e-01  -7.3138800e-01   1.6180100e-01   6.3172400e-01  -8.5792000e-02  -1.5233400e-01  -2.3172100e-01
  -2.0043600e-01  -7.3135500e-01   1.6171400e-01   6.3150100e-01  -8.5617000e-02  -1.5183700e-01  -2.3152600e-01
  -2.0190400e-01  -7.3125200e-01   1.6162400e-01   6.3117600e-01  -8.5304000e-02  -1.5101500e-01  -2.3118200e-01
  -2.0284200e-01  -7.3106600e-01   1.6180200e-01   6.3104500e-01  -8.5028000e-02  -1.5039100e-01  -2.3088700e-01
  -2.0330400e-01  -7.3081200e-01   1.6225200e-01   6.3107500e-01  -8.4805000e-02  -1.4994600e-01  -2.3065100e-01
  -2.0361500e-01  -7.3056800e-01   1.6259700e-01   6.3116900e-01  -8.4592000e-02  -1.4962000e-01  -2.3044100e-01
  -2.0406700e-01  -7.3040900e-01   1.6252600e-01   6.3122500e-01  -8.4396000e-02  -1.4941100e-01  -2.3026100e-01
  -2.0436800e-01  -7.3036500e-01   1.6230600e-01   6.3123400e-01  -8.4300000e-02  -1.4934500e-01  -2.3017900e-01
  -2.0451100e-01  -7.3018100e-01   1.6226500e-01   6.3141200e-01  -8.4110000e-02  -1.4927200e-01  -2.3002700e-01
  -2.0414200e-01  -7.2985700e-01   1.6266900e-01   6.3180200e-01  -8.3915000e-02  -1.4929200e-01  -2.2988200e-01
  -2.0371400e-01  -7.2952800e-01   1.6297500e-01   6.3224100e-01  -8.3697000e-02  -1.4936000e-01  -2.2973000e-01
  -2.0338700e-01  -7.2926900e-01   1.6302800e-01   6.3263100e-01  -8.3467000e-02  -1.4943300e-01  -2.2957600e-01
  -2.0286500e-01  -7.2898000e-01   1.6319100e-01   6.3309000e-01  -8.3190000e-02  -1.4947600e-01  -2.2939100e-01
  -2.0196800e-01  -7.2861600e-01   1.6369400e-01   6.3366500e-01  -8.2880000e-02  -1.4948800e-01  -2.2918500e-01
  -2.0107500e-01  -7.2827800e-01   1.6413600e-01   6.3422300e-01  -8.2549000e-02  -1.4946700e-01  -2.2896400e-01
  -2.0068800e-01  -7.2813100e-01   1.6428200e-01   6.3447700e-01  -8.2379000e-02  -1.4944500e-01  -2.2885000e-01
  -2.0018100e-01  -7.2791100e-01   1.6422600e-01   6.3490400e-01  -8.2025000e-02  -1.4939200e-01  -2.2861200e-01
  -1.9987400e-01  -7.2778200e-01   1.6425100e-01   6.3514200e-01  -8.1840000e-02  -1.4936500e-01  -2.2848700e-01
  -1.9886000e-01  -7.2741000e-01   1.6473000e-01   6.3576300e-01  -8.1448000e-02  -1.4930500e-01  -2.2822000e-01
  -1.9752600e-01  -7.2695700e-01   1.6556400e-01   6.3647900e-01  -8.1034000e-02  -1.4920900e-01  -2.2793400e-01
  -1.9638100e-01  -7.2657400e-01   1.6616500e-01   6.3711400e-01  -8.0587000e-02  -1.4903600e-01  -2.2762000e-01
  -1.9624500e-01  -7.2646600e-01   1.6566700e-01   6.3740900e-01  -8.0144000e-02  -1.4881800e-01  -2.2730300e-01
  -1.9546700e-01  -7.2620600e-01   1.6588300e-01   6.3788800e-01  -7.9711000e-02  -1.4860200e-01  -2.2699300e-01
