   1.7497900e-01  -1.5750800e-01  -1.2870000e-02   9.7180700e-01   1.6681400e-01  -2.2729800e-01   1.2133000e-02
   1.7630400e-01  -1.5688900e-01  -1.2990000e-02   9.7166600e-01   1.6687900e-01  -2.2738500e-01   1.2499000e-02
   1.7765400e-01  -1.5637300e-01  -1.3136000e-02   9.7150100e-01   1.6692300e-01  -2.2749000e-01   1.2843000e-02
   1.7860800e-01  -1.5596600e-01  -1.3380000e-02   9.7138800e-01   1.6694600e-01  -2.2761600e-01   1.3161000e-02
   1.7944300e-01  -1.5567600e-01  -1.3661000e-02   9.7127700e-01   1.6694300e-01  -2.2775500e-01   1.3468000e-02
   1.8127400e-01  -1.5549800e-01  -1.3806000e-02   9.7096300e-01   1.6691800e-01  -2.2790800e-01   1.3767000e-02
   1.8345800e-01  -1.5540200e-01  -1.3918000e-02   9.7056700e-01   1.6687300e-01  -2.2807400e-01   1.4074000e-02
   1.8607800e-01  -1.5540800e-01  -1.3991000e-02   9.7006600e-01   1.6679900e-01  -2.2825500e-01   1.4396000e-02
   1.8894600e-01  -1.5552900e-01  -1.4058000e-02   9.6949100e-01   1.6668800e-01  -2.2845100e-01   1.4758000e-02
   1.9172900e-01  -1.5572900e-01  -1.4213000e-02   9.6891000e-01   1.6654200e-01  -2.2867700e-01   1.5177000e-02
   1.9461800e-01  -1.5600300e-01  -1.4429000e-02   9.6828600e-01   1.6635900e-01  -2.2893400e-01   1.5661000e-02
   1.9835500e-01  -1.5635300e-01  -1.4613000e-02   9.6746900e-01   1.6613900e-01  -2.2923100e-01   1.6227000e-02
   2.0204900e-01  -1.5675000e-01  -1.4939000e-02   9.6663500e-01   1.6587900e-01  -2.2957900e-01   1.6893000e-02
   2.0644100e-01  -1.5720800e-01  -1.5326000e-02   9.6562600e-01   1.6557200e-01  -2.2999200e-01   1.7680000e-02
   2.1088800e-01  -1.5771000e-01  -1.5932000e-02   9.6457200e-01   1.6521200e-01  -2.3049200e-01   1.8612000e-02
   2.1681000e-01  -1.5830700e-01  -1.6552000e-02   9.6315000e-01   1.6478700e-01  -2.3108900e-01   1.9704000e-02
   2.2773700e-01  -1.5978800e-01  -1.8863000e-02   9.6033700e-01   1.6370900e-01  -2.3264300e-01   2.2368000e-02
   2.3203000e-01  -1.6064700e-01  -2.0565000e-02   9.5913100e-01   1.6307600e-01  -2.3356200e-01   2.3851000e-02
   2.4081000e-01  -1.6260700e-01  -2.4290000e-02   9.5654600e-01   1.6168200e-01  -2.3554700e-01   2.6918000e-02
   2.4917400e-01  -1.6490700e-01  -2.8508000e-02   9.5388900e-01   1.6012500e-01  -2.3771900e-01   3.0030000e-02
   2.5823600e-01  -1.6769700e-01  -3.3088000e-02   9.5084000e-01   1.5836600e-01  -2.4011500e-01   3.3174000e-02
   2.6994700e-01  -1.7102500e-01  -3.7452000e-02   9.4682400e-01   1.5635500e-01  -2.4283700e-01   3.6362000e-02
   2.7601000e-01  -1.7449500e-01  -4.2988000e-02   9.4420500e-01   1.5405800e-01  -2.4596700e-01   3.9620000e-02
   2.7801700e-01  -1.7830700e-01  -4.9580000e-02   9.4257900e-01   1.5141500e-01  -2.4941000e-01   4.2968000e-02
   2.7520700e-01  -1.8024800e-01  -5.3755000e-02   9.4280600e-01   1.4995000e-01  -2.5124200e-01   4.4651000e-02
   2.7140400e-01  -1.8470400e-01  -6.2132000e-02   9.4253100e-01   1.4671600e-01  -2.5510800e-01   4.8010000e-02
   2.6721300e-01  -1.8974100e-01  -7.1029000e-02   9.4209900e-01   1.4309900e-01  -2.5916600e-01   5.1300000e-02
   2.6308000e-01  -1.9565600e-01  -8.0306000e-02   9.4130700e-01   1.3898600e-01  -2.6338000e-01   5.4492000e-02
   2.5894600e-01  -1.9879700e-01  -8.5550000e-02   9.4133300e-01   1.3670000e-01  -2.6553100e-01   5.6079000e-02
   2.4820300e-01  -2.0536200e-01  -9.7131000e-02   9.4169400e-01   1.3175600e-01  -2.6998000e-01   5.9121000e-02
   2.4586400e-01  -2.1381600e-01  -1.0803300e-01   9.3923500e-01   1.2620300e-01  -2.7481200e-01   6.1900000e-02
   2.5101600e-01  -2.2403800e-01  -1.1801800e-01   9.3427500e-01   1.2019500e-01  -2.7978000e-01   6.4357000e-02
   2.6011300e-01  -2.3568100e-01  -1.2768100e-01   9.2762800e-01   1.1384400e-01  -2.8473600e-01   6.6416000e-02
   2.6784600e-01  -2.4812300e-01  -1.3819900e-01   9.2064900e-01   1.0712500e-01  -2.8971500e-01   6.8069000e-02
   2.7253000e-01  -2.6097900e-01  -1.4998500e-01   9.1385000e-01   1.0003400e-01  -2.9472100e-01   6.9341000e-02
   2.7360500e-01  -2.6748700e-01  -1.5636700e-01   9.1057100e-01   9.6332000e-02  -2.9723800e-01   6.9857000e-02
   2.7694700e-01  -2.8115500e-01  -1.6887200e-01   9.0318000e-01   8.8650000e-02  -3.0230300e-01   7.0666000e-02
   2.8175700e-01  -2.9564600e-01  -1.8079000e-01   8.9471900e-01   8.0622000e-02  -3.0740600e-01   7.1200000e-02
   2.8563100e-01  -3.1048700e-01  -1.9289300e-01   8.8589200e-01   7.2263000e-02  -3.1250200e-01   7.1490000e-02
   2.8771700e-01  -3.2537700e-01  -2.0530300e-01   8.7704000e-01   6.3597000e-02  -3.1756600e-01   7.1563000e-02
   2.8840700e-01  -3.4018600e-01  -2.1776800e-01   8.6814300e-01   5.4657000e-02  -3.2261800e-01   7.1493000e-02
   2.8741300e-01  -3.5487200e-01  -2.3032400e-01   8.5930800e-01   4.5439000e-02  -3.2763300e-01   7.1251000e-02
   2.8357400e-01  -3.6889300e-01  -2.4341600e-01   8.5103000e-01   3.6023000e-02  -3.3258000e-01   7.0867000e-02
   2.8357400e-01  -3.6889300e-01  -2.4341600e-01   8.5103000e-01   3.6023000e-02  -3.3258000e-01   7.0867000e-02
   2.8357400e-01  -3.6889300e-01  -2.4341600e-01   8.5103000e-01   3.6023000e-02  -3.3258000e-01   7.0867000e-02
   2.8357400e-01  -3.6889300e-01  -2.4341600e-01   8.5103000e-01   3.6023000e-02  -3.3258000e-01   7.0867000e-02
   2.8357400e-01  -3.6889300e-01  -2.4341600e-01   8.5103000e-01   3.6023000e-02  -3.3258000e-01   7.0867000e-02
   2.8357400e-01  -3.6889300e-01  -2.4341600e-01   8.5103000e-01   3.6023000e-02  -3.3258000e-01   7.0867000e-02
   2.8357400e-01  -3.6889300e-01  -2.4341600e-01   8.5103000e-01   3.6023000e-02  -3.3258000e-01   7.0867000e-02
   2.8357400e-01  -3.6889300e-01  -2.4341600e-01   8.5103000e-01   3.6023000e-02  -3.3258000e-01   7.0867000e-02
   2.8357400e-01  -3.6889300e-01  -2.4341600e-01   8.5103000e-01   3.6023000e-02  -3.3258000e-01   7.0867000e-02
   2.8357400e-01  -3.6889300e-01  -2.4341600e-01   8.5103000e-01   3.6023000e-02  -3.3258000e-01   7.0867000e-02
   2.8357400e-01  -3.6889300e-01  -2.4341600e-01   8.5103000e-01   3.6023000e-02  -3.3258000e-01   7.0867000e-02
   2.8357400e-01  -3.6889300e-01  -2.4341600e-01   8.5103000e-01   3.6023000e-02  -3.3258000e-01   7.0867000e-02
   2.8357400e-01  -3.6889300e-01  -2.4341600e-01   8.5103000e-01   3.6023000e-02  -3.3258000e-01   7.0867000e-02
   2.8357400e-01  -3.6889300e-01  -2.4341600e-01   8.5103000e-01   3.6023000e-02  -3.3258000e-01   7.0867000e-02
   2.5007300e-01  -4.4852300e-01  -3.5875500e-01   7.7947800e-01  -4.2405000e-02  -4.1953600e-01   6.3686000e-02
   2.4408700e-01  -4.5520600e-01  -3.6577600e-01   7.7422000e-01  -4.9306000e-02  -4.2611000e-01   6.1050000e-02
   2.3848400e-01  -4.6257200e-01  -3.7198400e-01   7.6862300e-01  -5.6375000e-02  -4.3248300e-01   5.8034000e-02
   2.3082700e-01  -4.6938900e-01  -3.7887500e-01   7.6344400e-01  -6.3556000e-02  -4.3860600e-01   5.4643000e-02
   2.3022100e-01  -4.7460100e-01  -3.8000500e-01   7.5983400e-01  -6.7224000e-02  -4.4159000e-01   5.2800000e-02
   2.2397400e-01  -4.8294700e-01  -3.8480000e-01   7.5400700e-01  -7.4676000e-02  -4.4737900e-01   4.8794000e-02
   2.1682000e-01  -4.9136900e-01  -3.8953400e-01   7.4820400e-01  -8.2242000e-02  -4.5289700e-01   4.4359000e-02
   2.0904700e-01  -5.0007100e-01  -3.9390500e-01   7.4233900e-01  -8.9982000e-02  -4.5816100e-01   3.9466000e-02
   2.0207100e-01  -5.0974100e-01  -3.9704700e-01   7.3599300e-01  -9.7820000e-02  -4.6311100e-01   3.4133000e-02
   1.9541400e-01  -5.2041300e-01  -3.9892700e-01   7.2927500e-01  -1.0582200e-01  -4.6776200e-01   2.8195000e-02
   1.8599100e-01  -5.2975200e-01  -4.0214700e-01   7.2322100e-01  -1.1370200e-01  -4.7194300e-01   2.1968000e-02
   1.7840500e-01  -5.4034200e-01  -4.0330400e-01   7.1662300e-01  -1.2145700e-01  -4.7566000e-01   1.5418000e-02
   1.7687300e-01  -5.4704000e-01  -4.0181900e-01   7.1274400e-01  -1.2529500e-01  -4.7734800e-01   1.2002000e-02
   1.7081600e-01  -5.5891600e-01  -4.0034300e-01   7.0580500e-01  -1.3282800e-01  -4.8034900e-01   4.9230000e-03
   1.6465300e-01  -5.7105200e-01  -3.9780700e-01   6.9895600e-01  -1.4017200e-01  -4.8285000e-01  -2.5550000e-03
   1.5758100e-01  -5.8289000e-01  -3.9487400e-01   6.9244600e-01  -1.4725100e-01  -4.8482000e-01  -1.0402000e-02
   1.4969200e-01  -5.9437200e-01  -3.9154500e-01   6.8629900e-01  -1.5402200e-01  -4.8624600e-01  -1.8564000e-02
   1.4192400e-01  -6.0607800e-01  -3.8695500e-01   6.8028800e-01  -1.6043600e-01  -4.8710300e-01  -2.7092000e-02
   1.3432000e-01  -6.1806400e-01  -3.8098100e-01   6.7439400e-01  -1.6645800e-01  -4.8736600e-01  -3.6019000e-02
   1.2627100e-01  -6.2999700e-01  -3.7399000e-01   6.6879800e-01  -1.7209900e-01  -4.8701500e-01  -4.5366000e-02
   1.1825100e-01  -6.4208300e-01  -3.6550300e-01   6.6344100e-01  -1.7725500e-01  -4.8599200e-01  -5.5135000e-02
   1.0976000e-01  -6.5385500e-01  -3.5614400e-01   6.5847300e-01  -1.8188700e-01  -4.8429600e-01  -6.5205000e-02
   9.9737000e-02  -6.6459900e-01  -3.4686200e-01   6.5425400e-01  -1.8617600e-01  -4.8199000e-01  -7.5429000e-02
   9.5768000e-02  -6.7042000e-01  -3.4064200e-01   6.5217200e-01  -1.8813700e-01  -4.8058900e-01  -8.0597000e-02
   8.5980000e-02  -6.8089600e-01  -3.2911600e-01   6.4859100e-01  -1.9169100e-01  -4.7728700e-01  -9.1033000e-02
   7.5299000e-02  -6.9064000e-01  -3.1731400e-01   6.4549100e-01  -1.9475400e-01  -4.7331500e-01  -1.0155900e-01
   6.4236000e-02  -6.9989200e-01  -3.0480600e-01   6.4274300e-01  -1.9735900e-01  -4.6868800e-01  -1.1211200e-01
   5.2855000e-02  -7.0851200e-01  -2.9179500e-01   6.4036900e-01  -1.9951500e-01  -4.6346900e-01  -1.2253300e-01
   4.1647000e-02  -7.1670400e-01  -2.7773900e-01   6.3832800e-01  -2.0116000e-01  -4.5764000e-01  -1.3281000e-01
   3.6569000e-02  -7.2082800e-01  -2.6973500e-01   6.3742700e-01  -2.0180000e-01  -4.5449400e-01  -1.3789300e-01
   2.6125000e-02  -7.2843700e-01  -2.5358400e-01   6.3591800e-01  -2.0272700e-01  -4.4780800e-01  -1.4784500e-01
   1.5237000e-02  -7.3513400e-01  -2.3761900e-01   6.3473100e-01  -2.0319700e-01  -4.4066800e-01  -1.5742300e-01
   3.9070000e-03  -7.4100800e-01  -2.2185200e-01   6.3377800e-01  -2.0314900e-01  -4.3304700e-01  -1.6666800e-01
  -6.8600000e-03  -7.4637700e-01  -2.0548000e-01   6.3297000e-01  -2.0254900e-01  -4.2501200e-01  -1.7550800e-01
  -1.7805000e-02  -7.5080000e-01  -1.8976200e-01   6.3243400e-01  -2.0142900e-01  -4.1673200e-01  -1.8377900e-01
  -2.7718000e-02  -7.5466200e-01  -1.7339700e-01   6.3217900e-01  -1.9982000e-01  -4.0827600e-01  -1.9147000e-01
  -3.8857000e-02  -7.5735900e-01  -1.5911000e-01   6.3212400e-01  -1.9782500e-01  -3.9972800e-01  -1.9856100e-01
  -4.3926000e-02  -7.5848800e-01  -1.5172600e-01   6.3225400e-01  -1.9669000e-01  -3.9548200e-01  -2.0184200e-01
  -5.2261000e-02  -7.6059800e-01  -1.3563200e-01   6.3274200e-01  -1.9405100e-01  -3.8697700e-01  -2.0796300e-01
  -6.0540000e-02  -7.6205200e-01  -1.2036000e-01   6.3334400e-01  -1.9103000e-01  -3.7843900e-01  -2.1356100e-01
  -6.9602000e-02  -7.6282700e-01  -1.0693500e-01   6.3388900e-01  -1.8770600e-01  -3.6989700e-01  -2.1866400e-01
  -7.8467000e-02  -7.6318000e-01  -9.4069000e-02   6.3446900e-01  -1.8411500e-01  -3.6134800e-01  -2.2329800e-01
  -8.6316000e-02  -7.6323200e-01  -8.0710000e-02   6.3522700e-01  -1.8034300e-01  -3.5284400e-01  -2.2746300e-01
  -9.3463000e-02  -7.6310300e-01  -6.7134000e-02   6.3594900e-01  -1.7634600e-01  -3.4423700e-01  -2.3127300e-01
  -9.6896000e-02  -7.6293200e-01  -6.0453000e-02   6.3631100e-01  -1.7427400e-01  -3.3992600e-01  -2.3302600e-01
  -1.0430500e-01  -7.6230500e-01  -4.8365000e-02   6.3692400e-01  -1.7006700e-01  -3.3137700e-01  -2.3620700e-01
  -1.1169000e-01  -7.6142000e-01  -3.7166000e-02   6.3748200e-01  -1.6579100e-01  -3.2296300e-01  -2.3895700e-01
  -1.1805800e-01  -7.6038800e-01  -2.5725000e-02   6.3813100e-01  -1.6146400e-01  -3.1470200e-01  -2.4129700e-01
  -1.2280700e-01  -7.5922800e-01  -1.3369000e-02   6.3899400e-01  -1.5714700e-01  -3.0664500e-01  -2.4324500e-01
  -1.2778300e-01  -7.5787700e-01  -1.9850000e-03   6.3975700e-01  -1.5285400e-01  -2.9872000e-01  -2.4485400e-01
  -1.3286000e-01  -7.5635000e-01   8.5980000e-03   6.4047500e-01  -1.4857000e-01  -2.9093500e-01  -2.4612700e-01
  -1.3521900e-01  -7.5552200e-01   1.3829000e-02   6.4086700e-01  -1.4643500e-01  -2.8710900e-01  -2.4663800e-01
  -1.3882800e-01  -7.5368500e-01   2.5208000e-02   6.4191100e-01  -1.4215000e-01  -2.7953700e-01  -2.4742300e-01
  -1.4329500e-01  -7.5164500e-01   3.5145000e-02   6.4285400e-01  -1.3782000e-01  -2.7205800e-01  -2.4788800e-01
  -1.4631800e-01  -7.4939600e-01   4.6014000e-02   6.4411100e-01  -1.3355900e-01  -2.6482200e-01  -2.4805200e-01
  -1.4833800e-01  -7.4696300e-01   5.7268000e-02   6.4557100e-01  -1.2939700e-01  -2.5784700e-01  -2.4794700e-01
  -1.5039000e-01  -7.4445800e-01   6.7697000e-02   6.4698000e-01  -1.2535200e-01  -2.5114400e-01  -2.4760300e-01
  -1.5134400e-01  -7.4318600e-01   7.2705000e-02   6.4767500e-01  -1.2337800e-01  -2.4789300e-01  -2.4735200e-01
  -1.5327900e-01  -7.4062600e-01   8.2197000e-02   6.4901700e-01  -1.1952900e-01  -2.4157400e-01  -2.4670800e-01
  -1.5513900e-01  -7.3805100e-01   9.1124000e-02   6.5031500e-01  -1.1583700e-01  -2.3552400e-01  -2.4589800e-01
  -1.5625500e-01  -7.3531900e-01   1.0029300e-01   6.5179100e-01  -1.1227400e-01  -2.2975300e-01  -2.4492200e-01
  -1.5632400e-01  -7.3236600e-01   1.1006900e-01   6.5351900e-01  -1.0884000e-01  -2.2425800e-01  -2.4380200e-01
  -1.5740300e-01  -7.2956600e-01   1.1820500e-01   6.5496900e-01  -1.0554900e-01  -2.1900500e-01  -2.4257000e-01
  -1.5980500e-01  -7.2709200e-01   1.2437300e-01   6.5599600e-01  -1.0243800e-01  -2.1399000e-01  -2.4127200e-01
  -1.6066800e-01  -7.2442700e-01   1.3170300e-01   6.5730200e-01  -9.9526000e-02  -2.0926100e-01  -2.3993200e-01
  -1.6282500e-01  -7.2349800e-01   1.3326600e-01   6.5747900e-01  -9.8127000e-02  -2.0697200e-01  -2.3924800e-01
  -1.6575400e-01  -7.2150000e-01   1.3754200e-01   6.5806200e-01  -9.5446000e-02  -2.0254100e-01  -2.3786300e-01
  -1.6883500e-01  -7.1973900e-01   1.4114700e-01   6.5844400e-01  -9.2954000e-02  -1.9833500e-01  -2.3648700e-01
  -1.7153200e-01  -7.1804900e-01   1.4467700e-01   6.5882500e-01  -9.0660000e-02  -1.9442500e-01  -2.3513000e-01
  -1.7277600e-01  -7.1727000e-01   1.4636300e-01   6.5897700e-01  -8.9595000e-02  -1.9256500e-01  -2.3447400e-01
  -1.7444300e-01  -7.1570300e-01   1.5030200e-01   6.5935400e-01  -8.7662000e-02  -1.8905200e-01  -2.3323500e-01
  -1.7535000e-01  -7.1499300e-01   1.5206500e-01   6.5948000e-01  -8.6782000e-02  -1.8739700e-01  -2.3264600e-01
  -1.7742300e-01  -7.1384300e-01   1.5492300e-01   6.5950600e-01  -8.5215000e-02  -1.8430100e-01  -2.3156400e-01
  -1.7929400e-01  -7.1289800e-01   1.5757800e-01   6.5939400e-01  -8.3892000e-02  -1.8145700e-01  -2.3060900e-01
  -1.8057400e-01  -7.1200000e-01   1.6045200e-01   6.5932100e-01  -8.2765000e-02  -1.7887800e-01  -2.2975900e-01
  -1.8105200e-01  -7.1112400e-01   1.6363800e-01   6.5935200e-01  -8.1837000e-02  -1.7661700e-01  -2.2903200e-01
  -1.8227900e-01  -7.1101000e-01   1.6398000e-01   6.5905300e-01  -8.1443000e-02  -1.7559300e-01  -2.2871400e-01
  -1.8345700e-01  -7.1061900e-01   1.6568500e-01   6.5872000e-01  -8.0769000e-02  -1.7372500e-01  -2.2816000e-01
  -1.8353300e-01  -7.1013300e-01   1.6818400e-01   6.5859000e-01  -8.0204000e-02  -1.7201900e-01  -2.2768600e-01
  -1.8398600e-01  -7.1008400e-01   1.6885200e-01   6.5834500e-01  -7.9964000e-02  -1.7119900e-01  -2.2748300e-01
  -1.8398600e-01  -7.0989300e-01   1.7094700e-01   6.5801100e-01  -7.9576000e-02  -1.6964900e-01  -2.2714700e-01
  -1.8374000e-01  -7.0976700e-01   1.7302600e-01   6.5767200e-01  -7.9258000e-02  -1.6820600e-01  -2.2686700e-01
  -1.8344500e-01  -7.0974000e-01   1.7495700e-01   6.5727300e-01  -7.8996000e-02  -1.6682100e-01  -2.2663100e-01
  -1.8338400e-01  -7.0978500e-01   1.7575500e-01   6.5702800e-01  -7.8878000e-02  -1.6614400e-01  -2.2652300e-01
  -1.8370700e-01  -7.1013700e-01   1.7670000e-01   6.5630300e-01  -7.8656000e-02  -1.6474600e-01  -2.2632500e-01
  -1.8338300e-01  -7.1043700e-01   1.7822800e-01   6.5565600e-01  -7.8491000e-02  -1.6334800e-01  -2.2617100e-01
  -1.8328800e-01  -7.1061200e-01   1.7891400e-01   6.5530600e-01  -7.8418000e-02  -1.6265300e-01  -2.2609800e-01
  -1.8289200e-01  -7.1091900e-01   1.8041700e-01   6.5467100e-01  -7.8303000e-02  -1.6133900e-01  -2.2597400e-01
  -1.8381800e-01  -7.1117400e-01   1.7941000e-01   6.5441200e-01  -7.8303000e-02  -1.6133900e-01  -2.2597400e-01
  -1.8434600e-01  -7.1152600e-01   1.7934500e-01   6.5389800e-01  -7.8255000e-02  -1.6071100e-01  -2.2591800e-01
  -1.8442000e-01  -7.1174800e-01   1.7977900e-01   6.5351700e-01  -7.8214000e-02  -1.6009300e-01  -2.2586500e-01
  -1.8424700e-01  -7.1189000e-01   1.8049700e-01   6.5321300e-01  -7.8187000e-02  -1.5950000e-01  -2.2582100e-01
  -1.8436800e-01  -7.1212400e-01   1.8090300e-01   6.5281100e-01  -7.8182000e-02  -1.5891600e-01  -2.2579100e-01
  -1.8457400e-01  -7.1239600e-01   1.8120800e-01   6.5237100e-01  -7.8195000e-02  -1.5834800e-01  -2.2577500e-01
  -1.8475500e-01  -7.1268600e-01   1.8149800e-01   6.5192200e-01  -7.8224000e-02  -1.5779500e-01  -2.2577200e-01
  -1.8473600e-01  -7.1291200e-01   1.8198300e-01   6.5154600e-01  -7.8260000e-02  -1.5727900e-01  -2.2577500e-01
  -1.8447800e-01  -7.1307200e-01   1.8269500e-01   6.5124400e-01  -7.8308000e-02  -1.5679600e-01  -2.2578900e-01
  -1.8416900e-01  -7.1320700e-01   1.8340800e-01   6.5098300e-01  -7.8353000e-02  -1.5635700e-01  -2.2580200e-01
  -1.8389600e-01  -7.1333900e-01   1.8401500e-01   6.5074400e-01  -7.8395000e-02  -1.5597000e-01  -2.2581700e-01
  -1.8376100e-01  -7.1351100e-01   1.8440000e-01   6.5048500e-01  -7.8434000e-02  -1.5562200e-01  -2.2583200e-01
  -1.8366500e-01  -7.1368000e-01   1.8471100e-01   6.5023800e-01  -7.8463000e-02  -1.5529000e-01  -2.2584100e-01
  -1.8324100e-01  -7.1375300e-01   1.8532500e-01   6.5010300e-01  -7.8485000e-02  -1.5499100e-01  -2.2584800e-01
  -1.8290500e-01  -7.1383900e-01   1.8579100e-01   6.4997000e-01  -7.8497000e-02  -1.5472100e-01  -2.2584900e-01
