   6.3133000e-02  -1.3549900e-01  -4.0689000e-02   9.8792600e-01   1.6571500e-01  -2.4167200e-01   2.3227000e-02
   6.2957000e-02  -1.3520900e-01  -4.0814000e-02   9.8797200e-01   1.6560800e-01  -2.4166700e-01   2.3845000e-02
   6.4045000e-02  -1.3527700e-01  -4.1138000e-02   9.8788000e-01   1.6538400e-01  -2.4197400e-01   2.4432000e-02
   6.5825000e-02  -1.3544200e-01  -4.1272000e-02   9.8773400e-01   1.6523600e-01  -2.4223800e-01   2.4724000e-02
   6.8359000e-02  -1.3586200e-01  -4.1944000e-02   9.8747600e-01   1.6486100e-01  -2.4297400e-01   2.5349000e-02
   7.1008000e-02  -1.3646400e-01  -4.3070000e-02   9.8715800e-01   1.6437600e-01  -2.4402900e-01   2.6035000e-02
   7.1008000e-02  -1.3646400e-01  -4.3070000e-02   9.8715800e-01   1.6437600e-01  -2.4402900e-01   2.6035000e-02
   7.2924000e-02  -1.3686400e-01  -4.3699000e-02   9.8693500e-01   1.6409000e-01  -2.4465900e-01   2.6407000e-02
   7.7353000e-02  -1.3745600e-01  -4.4054000e-02   9.8650000e-01   1.6375900e-01  -2.4535300e-01   2.6821000e-02
   8.3248000e-02  -1.3820000e-01  -4.4384000e-02   9.8590100e-01   1.6336300e-01  -2.4617800e-01   2.7306000e-02
   8.9887000e-02  -1.3905400e-01  -4.4923000e-02   9.8517300e-01   1.6290400e-01  -2.4716500e-01   2.7872000e-02
   9.6805000e-02  -1.4000400e-01  -4.5764000e-02   9.8434400e-01   1.6236800e-01  -2.4832900e-01   2.8556000e-02
   1.0234500e-01  -1.4094900e-01  -4.7152000e-02   9.8358300e-01   1.6174700e-01  -2.4969000e-01   2.9371000e-02
   1.0620500e-01  -1.4183300e-01  -4.9157000e-02   9.8294800e-01   1.6103200e-01  -2.5127800e-01   3.0348000e-02
   1.0736600e-01  -1.4255300e-01  -5.1934000e-02   9.8257500e-01   1.6021400e-01  -2.5311100e-01   3.1512000e-02
   1.0808900e-01  -1.4326800e-01  -5.5174000e-02   9.8221500e-01   1.5925900e-01  -2.5520200e-01   3.2890000e-02
   1.0979700e-01  -1.4414500e-01  -5.8698000e-02   9.8169300e-01   1.5813100e-01  -2.5755800e-01   3.4494000e-02
   1.1129800e-01  -1.4517300e-01  -6.2719000e-02   9.8112400e-01   1.5680900e-01  -2.6018000e-01   3.6316000e-02
   1.1251300e-01  -1.4646600e-01  -6.7240000e-02   9.8049300e-01   1.5525200e-01  -2.6308100e-01   3.8326000e-02
   1.1326300e-01  -1.4812800e-01  -7.2341000e-02   9.7979400e-01   1.5341700e-01  -2.6628100e-01   4.0490000e-02
   1.1364900e-01  -1.5025000e-01  -7.8023000e-02   9.7899000e-01   1.5126700e-01  -2.6978700e-01   4.2778000e-02
   1.1391800e-01  -1.5293500e-01  -8.4156000e-02   9.7803400e-01   1.4874500e-01  -2.7363600e-01   4.5149000e-02
   1.1254400e-01  -1.5608400e-01  -9.1082000e-02   9.7707500e-01   1.4585300e-01  -2.7780800e-01   4.7528000e-02
   1.0855400e-01  -1.5958000e-01  -9.9028000e-02   9.7618800e-01   1.4258100e-01  -2.8229200e-01   4.9873000e-02
   1.1009500e-01  -1.6426600e-01  -1.0671600e-01   9.7442700e-01   1.3891400e-01  -2.8705300e-01   5.2166000e-02
   1.0303300e-01  -1.6348900e-01  -1.0790300e-01   9.7519900e-01   1.3891400e-01  -2.8705300e-01   5.2166000e-02
   1.0130200e-01  -1.6844700e-01  -1.1686800e-01   9.7350200e-01   1.3485200e-01  -2.9206200e-01   5.4332000e-02
   1.0423000e-01  -1.7471700e-01  -1.2570100e-01   9.7098400e-01   1.3035200e-01  -2.9733000e-01   5.6345000e-02
   1.0838300e-01  -1.8200200e-01  -1.3494400e-01   9.6794600e-01   1.2541100e-01  -3.0282500e-01   5.8136000e-02
   1.1255800e-01  -1.9020600e-01  -1.4490800e-01   9.6444500e-01   1.2003400e-01  -3.0852200e-01   5.9648000e-02
   1.1889400e-01  -1.9966800e-01  -1.5513600e-01   9.6017200e-01   1.1424400e-01  -3.1436400e-01   6.0836000e-02
   1.2724400e-01  -2.1047300e-01  -1.6558000e-01   9.5503600e-01   1.0803000e-01  -3.2035300e-01   6.1660000e-02
   1.3637100e-01  -2.2248700e-01  -1.7632400e-01   9.4911100e-01   1.0137600e-01  -3.2647800e-01   6.2095000e-02
   1.4258200e-01  -2.3503600e-01  -1.8809900e-01   9.4289300e-01   9.4258000e-02  -3.3271400e-01   6.2133000e-02
   1.4532400e-01  -2.4786500e-01  -2.0101700e-01   9.3650200e-01   8.6648000e-02  -3.3904800e-01   6.1798000e-02
   1.4601800e-01  -2.6114800e-01  -2.1461000e-01   9.2974300e-01   7.8509000e-02  -3.4541100e-01   6.1133000e-02
   1.4748000e-01  -2.7541900e-01  -2.2798500e-01   9.2218000e-01   6.9861000e-02  -3.5178200e-01   6.0138000e-02
   1.4528000e-01  -2.8951200e-01  -2.4232300e-01   9.1452500e-01   6.0719000e-02  -3.5814900e-01   5.8807000e-02
   1.4276400e-01  -3.0411200e-01  -2.5650400e-01   9.0627800e-01   5.1103000e-02  -3.6446200e-01   5.7176000e-02
   1.3995100e-01  -3.1921400e-01  -2.7035500e-01   8.9745400e-01   4.1039000e-02  -3.7063300e-01   5.5262000e-02
   1.3465100e-01  -3.3408300e-01  -2.8449600e-01   8.8843700e-01   3.0571000e-02  -3.7660100e-01   5.3067000e-02
   1.2294400e-01  -3.6487100e-01  -3.1155800e-01   8.6872600e-01   8.7250000e-03  -3.8751800e-01   4.7824000e-02
   1.1740300e-01  -3.8039000e-01  -3.2396200e-01   8.5823600e-01  -2.2320000e-03  -3.9224900e-01   4.4980000e-02
   1.0697400e-01  -4.0501200e-01  -3.4652000e-01   8.3931200e-01  -2.1267000e-02  -4.0166000e-01   3.9769000e-02
   1.0322700e-01  -4.1928200e-01  -3.6434200e-01   8.2510700e-01  -3.4635000e-02  -4.1291300e-01   3.5484000e-02
   1.0050700e-01  -4.3104200e-01  -3.7958800e-01   8.1241200e-01  -4.6329000e-02  -4.2364600e-01   3.1074000e-02
   9.7169000e-02  -4.4212000e-01  -3.9285400e-01   8.0047100e-01  -5.7303000e-02  -4.3323100e-01   2.6301000e-02
   9.3237000e-02  -4.5291200e-01  -4.0419200e-01   7.8918000e-01  -6.7592000e-02  -4.4153600e-01   2.1159000e-02
   8.7094000e-02  -4.6308400e-01  -4.1443000e-01   7.7859800e-01  -7.7272000e-02  -4.4854600e-01   1.5503000e-02
   9.0110000e-02  -4.7147600e-01  -4.1504600e-01   7.7286900e-01  -8.1819000e-02  -4.5162000e-01   1.2520000e-02
   8.8949000e-02  -4.8455300e-01  -4.1874300e-01   7.6285700e-01  -9.0258000e-02  -4.5693900e-01   6.2430000e-03
   8.7195000e-02  -4.9781000e-01  -4.2030300e-01   7.5361000e-01  -9.7909000e-02  -4.6115100e-01  -5.5200000e-04
   8.5589000e-02  -5.1165300e-01  -4.1928300e-01   7.4504200e-01  -1.0478600e-01  -4.6433800e-01  -7.8820000e-03
   8.3255000e-02  -5.2516600e-01  -4.1656700e-01   7.3738800e-01  -1.1081800e-01  -4.6664000e-01  -1.5636000e-02
   7.9478000e-02  -5.3796000e-01  -4.1280700e-01   7.3066500e-01  -1.1605200e-01  -4.6807400e-01  -2.3779000e-02
   7.2865000e-02  -5.4921000e-01  -4.0931400e-01   7.2492900e-01  -1.2055500e-01  -4.6870300e-01  -3.2276000e-02
   6.7894000e-02  -5.6136500e-01  -4.0292400e-01   7.1966200e-01  -1.2432700e-01  -4.6854800e-01  -4.1077000e-02
   6.3461000e-02  -5.7368600e-01  -3.9454800e-01   7.1497500e-01  -1.2733200e-01  -4.6760900e-01  -5.0130000e-02
   6.3736000e-02  -5.8113500e-01  -3.8782200e-01   7.1261100e-01  -1.2859100e-01  -4.6687200e-01  -5.4723000e-02
   6.0839000e-02  -5.9403800e-01  -3.7594800e-01   7.0857600e-01  -1.3068600e-01  -4.6487200e-01  -6.4077000e-02
   5.8268000e-02  -6.0691000e-01  -3.6236800e-01   7.0495000e-01  -1.3223800e-01  -4.6217800e-01  -7.3613000e-02
   5.6162000e-02  -6.1982200e-01  -3.4659200e-01   7.0181200e-01  -1.3337600e-01  -4.5880100e-01  -8.3329000e-02
   5.4178000e-02  -6.3254900e-01  -3.2860400e-01   6.9926100e-01  -1.3418700e-01  -4.5473100e-01  -9.3218000e-02
   4.9994000e-02  -6.4402800e-01  -3.1060200e-01   6.9731900e-01  -1.3455200e-01  -4.4984300e-01  -1.0334200e-01
   4.3327000e-02  -6.5408700e-01  -2.9347200e-01   6.9582100e-01  -1.3444900e-01  -4.4415300e-01  -1.1355200e-01
   4.4087000e-02  -6.6062300e-01  -2.8065600e-01   6.9488500e-01  -1.3419000e-01  -4.4100200e-01  -1.1864600e-01
   4.0205000e-02  -6.7092100e-01  -2.5923900e-01   6.9357300e-01  -1.3342000e-01  -4.3418200e-01  -1.2872000e-01
   3.5155000e-02  -6.8007700e-01  -2.3788700e-01   6.9258200e-01  -1.3242800e-01  -4.2674800e-01  -1.3856300e-01
   3.1363000e-02  -6.8888000e-01  -2.1435600e-01   6.9174600e-01  -1.3131200e-01  -4.1878000e-01  -1.4809700e-01
   2.5517000e-02  -6.9608800e-01  -1.9215100e-01   6.9129500e-01  -1.2999700e-01  -4.1031800e-01  -1.5720100e-01
   1.9909000e-02  -7.0234600e-01  -1.6967500e-01   6.9103100e-01  -1.2853700e-01  -4.0155800e-01  -1.6571400e-01
   1.3180000e-02  -7.0741000e-01  -1.4835100e-01   6.9093400e-01  -1.2691200e-01  -3.9249300e-01  -1.7367000e-01
   9.6860000e-03  -7.1100600e-01  -1.3100200e-01   6.9080700e-01  -1.2561700e-01  -3.8554200e-01  -1.7927800e-01
   7.1300000e-04  -7.1494200e-01  -1.0818600e-01   6.9076300e-01  -1.2328100e-01  -3.7444600e-01  -1.8732000e-01
  -7.6380000e-03  -7.1757400e-01  -8.9062000e-02   6.9072200e-01  -1.2121300e-01  -3.6461000e-01  -1.9373600e-01
  -1.7150000e-02  -7.1927200e-01  -7.2826000e-02   6.9068800e-01  -1.1922300e-01  -3.5520500e-01  -1.9928200e-01
  -2.6314000e-02  -7.2040100e-01  -5.7349000e-02   6.9068200e-01  -1.1723600e-01  -3.4605300e-01  -2.0414300e-01
  -3.3813000e-02  -7.2113900e-01  -4.1214000e-02   6.9073600e-01  -1.1526900e-01  -3.3716300e-01  -2.0839600e-01
  -3.6118000e-02  -7.2139400e-01  -3.2060000e-02   6.9083900e-01  -1.1432100e-01  -3.3285200e-01  -2.1030900e-01
  -4.2552000e-02  -7.2146100e-01  -1.6469000e-02   6.9095000e-01  -1.1253400e-01  -3.2452900e-01  -2.1375000e-01
  -4.9183000e-02  -7.2116300e-01  -2.1740000e-03   6.9101300e-01  -1.1090600e-01  -3.1662500e-01  -2.1673100e-01
  -5.5147000e-02  -7.2059400e-01   1.1639000e-02   6.9106300e-01  -1.0944500e-01  -3.0917900e-01  -2.1930100e-01
  -6.0326000e-02  -7.1980700e-01   2.4990000e-02   6.9109600e-01  -1.0812700e-01  -3.0220200e-01  -2.2150500e-01
  -6.5682000e-02  -7.1887700e-01   3.6992000e-02   6.9103800e-01  -1.0696400e-01  -2.9568100e-01  -2.2340300e-01
  -7.2276000e-02  -7.1799400e-01   4.6400000e-02   6.9073000e-01  -1.0597500e-01  -2.8966500e-01  -2.2503600e-01
  -7.7147000e-02  -7.1767500e-01   4.8940000e-02   6.9035900e-01  -1.0554000e-01  -2.8686300e-01  -2.2575600e-01
  -8.5224000e-02  -7.1699700e-01   5.4720000e-02   6.8967900e-01  -1.0476900e-01  -2.8165000e-01  -2.2703100e-01
  -9.1703000e-02  -7.1630900e-01   6.0824000e-02   6.8905200e-01  -1.0411000e-01  -2.7692100e-01  -2.2811400e-01
  -9.6428000e-02  -7.1558400e-01   6.7453000e-02   6.8854300e-01  -1.0353000e-01  -2.7263900e-01  -2.2903300e-01
  -9.8438000e-02  -7.1523000e-01   7.0687000e-02   6.8830100e-01  -1.0326600e-01  -2.7064800e-01  -2.2944000e-01
  -1.0129400e-01  -7.1447300e-01   7.7520000e-02   6.8793800e-01  -1.0277400e-01  -2.6695200e-01  -2.3015900e-01
  -1.0314300e-01  -7.1363200e-01   8.4618000e-02   6.8770000e-01  -1.0228700e-01  -2.6350100e-01  -2.3077000e-01
  -1.0395100e-01  -7.1321900e-01   8.7914000e-02   6.8759300e-01  -1.0205300e-01  -2.6190500e-01  -2.3103300e-01
  -1.0547700e-01  -7.1244600e-01   9.3859000e-02   6.8737600e-01  -1.0161900e-01  -2.5897800e-01  -2.3149000e-01
  -1.0759500e-01  -7.1183600e-01   9.8295000e-02   6.8705900e-01  -1.0122000e-01  -2.5637700e-01  -2.3186100e-01
  -1.1001400e-01  -7.1121700e-01   1.0175700e-01   6.8681400e-01  -1.0091900e-01  -2.5418200e-01  -2.3214800e-01
  -1.1221800e-01  -7.1061400e-01   1.0476800e-01   6.8662800e-01  -1.0068300e-01  -2.5229900e-01  -2.3238100e-01
  -1.1365100e-01  -7.0999800e-01   1.0795900e-01   6.8653600e-01  -1.0048900e-01  -2.5064500e-01  -2.3258100e-01
  -1.1493900e-01  -7.0948600e-01   1.1077400e-01   6.8640200e-01  -1.0032000e-01  -2.4914500e-01  -2.3276500e-01
  -1.1659600e-01  -7.0908900e-01   1.1280200e-01   6.8620200e-01  -1.0012900e-01  -2.4775800e-01  -2.3291100e-01
  -1.1734900e-01  -7.0891700e-01   1.1373500e-01   6.8609800e-01  -1.0004700e-01  -2.4712000e-01  -2.3298000e-01
  -1.1770400e-01  -7.0838700e-01   1.1656900e-01   6.8610900e-01  -9.9925000e-02  -2.4597600e-01  -2.3310700e-01
  -1.1756300e-01  -7.0803600e-01   1.1824300e-01   6.8620900e-01  -9.9899000e-02  -2.4549100e-01  -2.3316300e-01
  -1.1754900e-01  -7.0749300e-01   1.2117500e-01   6.8626000e-01  -9.9900000e-02  -2.4454500e-01  -2.3331100e-01
  -1.1790600e-01  -7.0715400e-01   1.2348000e-01   6.8613700e-01  -9.9959000e-02  -2.4365700e-01  -2.3349200e-01
  -1.1784200e-01  -7.0679900e-01   1.2593100e-01   6.8606900e-01  -1.0004600e-01  -2.4288100e-01  -2.3366800e-01
  -1.1725600e-01  -7.0641100e-01   1.2871300e-01   6.8605200e-01  -1.0017600e-01  -2.4218800e-01  -2.3385400e-01
  -1.1689600e-01  -7.0608200e-01   1.3103000e-01   6.8601300e-01  -1.0031400e-01  -2.4159400e-01  -2.3402500e-01
  -1.1642500e-01  -7.0589100e-01   1.3238000e-01   6.8603100e-01  -1.0040200e-01  -2.4134200e-01  -2.3411400e-01
  -1.1390400e-01  -7.0527600e-01   1.3652200e-01   6.8627500e-01  -1.0059100e-01  -2.4087400e-01  -2.3430100e-01
  -1.1061200e-01  -7.0477000e-01   1.4112200e-01   6.8640300e-01  -1.0072900e-01  -2.4030100e-01  -2.3451800e-01
  -1.0905500e-01  -7.0456100e-01   1.4325700e-01   6.8642500e-01  -1.0077800e-01  -2.4000300e-01  -2.3462200e-01
  -1.0785100e-01  -7.0457600e-01   1.4560100e-01   6.8610500e-01  -1.0084200e-01  -2.3932500e-01  -2.3483500e-01
  -1.0849900e-01  -7.0500100e-01   1.4594900e-01   6.8549300e-01  -1.0086100e-01  -2.3863200e-01  -2.3502700e-01
  -1.0940200e-01  -7.0549900e-01   1.4582300e-01   6.8486300e-01  -1.0080400e-01  -2.3795200e-01  -2.3517800e-01
  -1.0987300e-01  -7.0588800e-01   1.4587800e-01   6.8437500e-01  -1.0065600e-01  -2.3732100e-01  -2.3526600e-01
  -1.0992600e-01  -7.0616400e-01   1.4627000e-01   6.8399800e-01  -1.0046400e-01  -2.3670900e-01  -2.3532400e-01
  -1.0977200e-01  -7.0634000e-01   1.4684300e-01   6.8371900e-01  -1.0024100e-01  -2.3612200e-01  -2.3535100e-01
  -1.0935400e-01  -7.0635600e-01   1.4763600e-01   6.8359800e-01  -9.9978000e-02  -2.3559700e-01  -2.3533200e-01
  -1.0866300e-01  -7.0598500e-01   1.4879500e-01   6.8384000e-01  -9.9743000e-02  -2.3530600e-01  -2.3524000e-01
  -1.0834200e-01  -7.0574700e-01   1.4934800e-01   6.8401600e-01  -9.9621000e-02  -2.3520000e-01  -2.3517700e-01
  -1.0770100e-01  -7.0521300e-01   1.5039600e-01   6.8443800e-01  -9.9335000e-02  -2.3501600e-01  -2.3501500e-01
  -1.0804200e-01  -7.0485600e-01   1.5033900e-01   6.8476500e-01  -9.8997000e-02  -2.3485600e-01  -2.3481500e-01
  -1.0786300e-01  -7.0438100e-01   1.5071400e-01   6.8519900e-01  -9.8600000e-02  -2.3468900e-01  -2.3458500e-01
  -1.0721000e-01  -7.0383800e-01   1.5150100e-01   6.8568600e-01  -9.8171000e-02  -2.3449900e-01  -2.3434500e-01
  -1.0710200e-01  -7.0342000e-01   1.5170900e-01   6.8608600e-01  -9.7724000e-02  -2.3429600e-01  -2.3409700e-01
  -1.0783100e-01  -7.0319000e-01   1.5113500e-01   6.8633400e-01  -9.7264000e-02  -2.3403600e-01  -2.3385300e-01
  -1.0787400e-01  -7.0278400e-01   1.5123200e-01   6.8672200e-01  -9.6780000e-02  -2.3378800e-01  -2.3359000e-01
  -1.0780300e-01  -7.0254900e-01   1.5135200e-01   6.8694700e-01  -9.6531000e-02  -2.3367700e-01  -2.3345000e-01
  -1.0702400e-01  -7.0197800e-01   1.5227600e-01   6.8744800e-01  -9.6014000e-02  -2.3338500e-01  -2.3317600e-01
  -1.0672400e-01  -7.0151700e-01   1.5268900e-01   6.8787300e-01  -9.5491000e-02  -2.3309400e-01  -2.3289900e-01
  -1.0718500e-01  -7.0124500e-01   1.5237800e-01   6.8814800e-01  -9.4980000e-02  -2.3277200e-01  -2.3263400e-01
  -1.0726200e-01  -7.0090700e-01   1.5239400e-01   6.8847700e-01  -9.4450000e-02  -2.3244700e-01  -2.3236100e-01
  -1.0699200e-01  -7.0054600e-01   1.5270600e-01   6.8881700e-01  -9.3917000e-02  -2.3210400e-01  -2.3209300e-01
  -1.0649900e-01  -7.0020900e-01   1.5315700e-01   6.8913600e-01  -9.3391000e-02  -2.3175400e-01  -2.3183900e-01
  -1.0618200e-01  -6.9995600e-01   1.5335800e-01   6.8939700e-01  -9.2901000e-02  -2.3144100e-01  -2.3160100e-01
  -1.0584000e-01  -6.9972400e-01   1.5349100e-01   6.8965500e-01  -9.2456000e-02  -2.3120100e-01  -2.3137600e-01
  -1.0643900e-01  -6.9978900e-01   1.5275000e-01   6.8966200e-01  -9.2250000e-02  -2.3110300e-01  -2.3127000e-01
  -1.0671100e-01  -6.9972700e-01   1.5226500e-01   6.8979000e-01  -9.1882000e-02  -2.3091300e-01  -2.3108200e-01
  -1.0662500e-01  -6.9960100e-01   1.5225600e-01   6.8993300e-01  -9.1573000e-02  -2.3071600e-01  -2.3093000e-01
  -1.0668200e-01  -6.9954300e-01   1.5207400e-01   6.9002300e-01  -9.1332000e-02  -2.3057600e-01  -2.3081000e-01
  -1.0690000e-01  -6.9956400e-01   1.5177600e-01   6.9003400e-01  -9.1227000e-02  -2.3052400e-01  -2.3075700e-01
  -1.0659300e-01  -6.9957700e-01   1.5181200e-01   6.9006000e-01  -9.1028000e-02  -2.3038700e-01  -2.3067800e-01
