  -2.0768000e-02  -1.4619400e-01  -3.5353000e-02   9.8840600e-01   1.7096200e-01  -2.3364100e-01  -9.5990000e-03
  -2.0027000e-02  -1.4654200e-01  -3.5533000e-02   9.8836300e-01   1.7088000e-01  -2.3399700e-01  -9.9020000e-03
  -1.9890000e-02  -1.4654700e-01  -3.5512000e-02   9.8836600e-01   1.7088000e-01  -2.3399700e-01  -9.9020000e-03
  -2.0899000e-02  -1.4684500e-01  -3.5715000e-02   9.8829400e-01   1.7080000e-01  -2.3418000e-01  -1.0084000e-02
  -2.2233000e-02  -1.4723100e-01  -3.5922000e-02   9.8819900e-01   1.7069900e-01  -2.3436300e-01  -1.0284000e-02
  -2.3415000e-02  -1.4771400e-01  -3.6097000e-02   9.8809400e-01   1.7058000e-01  -2.3455000e-01  -1.0508000e-02
  -2.4091000e-02  -1.4830300e-01  -3.6175000e-02   9.8798600e-01   1.7044400e-01  -2.3474000e-01  -1.0747000e-02
  -2.5521000e-02  -1.4897800e-01  -3.6364000e-02   9.8784200e-01   1.7028200e-01  -2.3493900e-01  -1.0996000e-02
  -2.8009000e-02  -1.4974000e-01  -3.6718000e-02   9.8764600e-01   1.7008300e-01  -2.3517100e-01  -1.1230000e-02
  -3.0912000e-02  -1.5061700e-01  -3.7165000e-02   9.8741000e-01   1.6983400e-01  -2.3546600e-01  -1.1420000e-02
  -3.3299000e-02  -1.5166500e-01  -3.7555000e-02   9.8715700e-01   1.6951900e-01  -2.3584400e-01  -1.1551000e-02
  -3.6038000e-02  -1.5285000e-01  -3.8051000e-02   9.8685900e-01   1.6913000e-01  -2.3633700e-01  -1.1602000e-02
  -4.0412000e-02  -1.5413000e-01  -3.8844000e-02   9.8645900e-01   1.6865100e-01  -2.3695700e-01  -1.1548000e-02
  -4.6139000e-02  -1.5546900e-01  -3.9942000e-02   9.8595400e-01   1.6808300e-01  -2.3773200e-01  -1.1379000e-02
  -5.3015000e-02  -1.5685800e-01  -4.1307000e-02   9.8533200e-01   1.6740600e-01  -2.3870200e-01  -1.1056000e-02
  -5.8721000e-02  -1.5837400e-01  -4.2592000e-02   9.8471100e-01   1.6660400e-01  -2.3990300e-01  -1.0555000e-02
  -6.1269000e-02  -1.6009800e-01  -4.3561000e-02   9.8423400e-01   1.6568000e-01  -2.4132300e-01  -9.8710000e-03
  -6.1133000e-02  -1.6206700e-01  -4.4216000e-02   9.8389100e-01   1.6460700e-01  -2.4296800e-01  -8.9940000e-03
  -6.7045000e-02  -1.6387300e-01  -4.6024000e-02   9.8312400e-01   1.6336800e-01  -2.4486100e-01  -7.9180000e-03
  -6.0561000e-02  -1.6417300e-01  -4.4942000e-02   9.8354500e-01   1.6336800e-01  -2.4486100e-01  -7.9180000e-03
  -6.0911000e-02  -1.6631300e-01  -4.6039000e-02   9.8311300e-01   1.6196400e-01  -2.4701400e-01  -6.6470000e-03
  -5.6589000e-02  -1.7105400e-01  -4.8231000e-02   9.8245200e-01   1.5860500e-01  -2.5213000e-01  -3.4800000e-03
  -5.2686000e-02  -1.7586300e-01  -5.1725000e-02   9.8164200e-01   1.5468000e-01  -2.5796500e-01   2.4700000e-04
  -5.0669000e-02  -1.8034800e-01  -5.6256000e-02   9.8068500e-01   1.5052600e-01  -2.6386200e-01   4.0940000e-03
  -4.9344000e-02  -1.8448600e-01  -6.1496000e-02   9.7966700e-01   1.4625000e-01  -2.6967200e-01   7.9490000e-03
  -4.8740000e-02  -1.8825200e-01  -6.7526000e-02   9.7858400e-01   1.4187500e-01  -2.7542400e-01   1.1804000e-02
  -4.2996000e-02  -1.9037900e-01  -6.9762000e-02   9.7828400e-01   1.3965600e-01  -2.7829800e-01   1.3735000e-02
  -3.8561000e-02  -1.9401600e-01  -7.6119000e-02   9.7728000e-01   1.3514100e-01  -2.8404700e-01   1.7558000e-02
  -3.2668000e-02  -1.9768000e-01  -8.2904000e-02   9.7620800e-01   1.3050900e-01  -2.8982000e-01   2.1297000e-02
  -2.5590000e-02  -2.0155000e-01  -9.0217000e-02   9.7497900e-01   1.2574700e-01  -2.9560600e-01   2.4895000e-02
  -1.7660000e-02  -2.0572600e-01  -9.7815000e-02   9.7354900e-01   1.2075100e-01  -3.0143300e-01   2.8380000e-02
  -1.0227000e-02  -2.1022700e-01  -1.0598200e-01   9.7183700e-01   1.1551200e-01  -3.0728900e-01   3.1668000e-02
  -2.7040000e-03  -2.1521700e-01  -1.1465500e-01   9.6980900e-01   1.1006500e-01  -3.1311800e-01   3.4697000e-02
   1.2710000e-03  -2.1797200e-01  -1.1915900e-01   9.6865200e-01   1.0727400e-01  -3.1600700e-01   3.6080000e-02
   9.0860000e-03  -2.2406400e-01  -1.2846400e-01   9.6602800e-01   1.0149400e-01  -3.2171800e-01   3.8579000e-02
   1.5937000e-02  -2.3087400e-01  -1.3827600e-01   9.6297600e-01   9.5433000e-02  -3.2731600e-01   4.0716000e-02
   2.1656000e-02  -2.3838100e-01  -1.4860300e-01   9.5949100e-01   8.9069000e-02  -3.3277500e-01   4.2509000e-02
   2.7216000e-02  -2.4682200e-01  -1.5919800e-01   9.5550700e-01   8.2359000e-02  -3.3805500e-01   4.3962000e-02
   3.5812000e-02  -2.5666200e-01  -1.6917400e-01   9.5090600e-01   7.5407000e-02  -3.4312600e-01   4.5029000e-02
   4.7143000e-02  -2.6805200e-01  -1.7835300e-01   9.4557700e-01   6.8192000e-02  -3.4796700e-01   4.5668000e-02
   5.4574000e-02  -2.7978600e-01  -1.8872600e-01   9.3974700e-01   6.0764000e-02  -3.5255400e-01   4.5862000e-02
   6.1105000e-02  -2.9229600e-01  -1.9937300e-01   9.3331700e-01   5.3118000e-02  -3.5692200e-01   4.5625000e-02
   6.4308000e-02  -3.0490200e-01  -2.1067200e-01   9.2656200e-01   4.5193000e-02  -3.6111900e-01   4.4990000e-02
   6.6902000e-02  -3.1173200e-01  -2.1580700e-01   9.2291600e-01   4.1103000e-02  -3.6314400e-01   4.4547000e-02
   6.8954000e-02  -3.2523900e-01  -2.2678700e-01   9.1544100e-01   3.2697000e-02  -3.6701400e-01   4.3417000e-02
   6.9197000e-02  -3.3207800e-01  -2.3244600e-01   9.1154000e-01   2.8399000e-02  -3.6886400e-01   4.2720000e-02
   6.7849000e-02  -3.4579900e-01  -2.4425300e-01   9.0341600e-01   1.9644000e-02  -3.7239000e-01   4.1040000e-02
   6.6931000e-02  -3.6095800e-01  -2.5599100e-01   8.9425900e-01   1.0391000e-02  -3.7573200e-01   3.8857000e-02
   6.5680000e-02  -3.7777000e-01  -2.6773100e-01   8.8391000e-01   3.6600000e-04  -3.7900800e-01   3.6047000e-02
   6.4623000e-02  -3.8631800e-01  -2.7339200e-01   8.7854400e-01  -4.7760000e-03  -3.8058900e-01   3.4487000e-02
   6.4623000e-02  -3.8631800e-01  -2.7339200e-01   8.7854400e-01  -4.7760000e-03  -3.8058900e-01   3.4487000e-02
   5.8427000e-02  -4.0676000e-01  -2.9586400e-01   8.6232100e-01  -1.9690000e-02  -3.9108600e-01   2.8244000e-02
   5.6180000e-02  -4.0980000e-01  -3.0147700e-01   8.5908000e-01  -2.2676000e-02  -3.9444500e-01   2.6528000e-02
   5.0806000e-02  -4.1570300e-01  -3.1250400e-01   8.5261500e-01  -2.8761000e-02  -4.0126300e-01   2.2739000e-02
   4.5231000e-02  -4.2213500e-01  -3.2264500e-01   8.4596500e-01  -3.5268000e-02  -4.0818900e-01   1.8399000e-02
   4.2468000e-02  -4.2593000e-01  -3.2706600e-01   8.4250100e-01  -3.8806000e-02  -4.1163000e-01   1.5915000e-02
   3.5695000e-02  -4.3321600e-01  -3.3598700e-01   8.3556100e-01  -4.6033000e-02  -4.1842900e-01   1.0634000e-02
   2.9098000e-02  -4.4191700e-01  -3.4414200e-01   8.2790600e-01  -5.3788000e-02  -4.2502800e-01   4.5410000e-03
   2.5817000e-02  -4.4662200e-01  -3.4791600e-01   8.2390300e-01  -5.7793000e-02  -4.2819600e-01   1.2640000e-03
   2.2545000e-02  -4.5153300e-01  -3.5146800e-01   8.1980500e-01  -6.1863000e-02  -4.3125200e-01  -2.1490000e-03
   1.7190000e-02  -4.5599000e-01  -3.5575300e-01   8.1560900e-01  -6.6079000e-02  -4.3417000e-01  -5.7990000e-03
   1.1935000e-02  -4.6093800e-01  -3.5974800e-01   8.1115700e-01  -7.0472000e-02  -4.3708100e-01  -9.7980000e-03
   5.9350000e-03  -4.6635600e-01  -3.6384100e-01   8.0628600e-01  -7.5149000e-02  -4.3995300e-01  -1.4304000e-02
  -8.2000000e-05  -4.7263600e-01  -3.6751400e-01   8.0096700e-01  -8.0136000e-02  -4.4275300e-01  -1.9361000e-02
  -5.5520000e-03  -4.8006000e-01  -3.7032000e-01   7.9522000e-01  -8.5414000e-02  -4.4541800e-01  -2.4979000e-02
  -1.1406000e-02  -4.8816900e-01  -3.7271800e-01   7.8907700e-01  -9.0960000e-02  -4.4788300e-01  -3.1140000e-02
  -1.7667000e-02  -4.9693800e-01  -3.7461600e-01   7.8256200e-01  -9.6738000e-02  -4.5007700e-01  -3.7840000e-02
  -2.3828000e-02  -5.0656800e-01  -3.7561800e-01   7.7571400e-01  -1.0271400e-01  -4.5193300e-01  -4.5054000e-02
  -3.0327000e-02  -5.1681000e-01  -3.7590400e-01   7.6856000e-01  -1.0884100e-01  -4.5338100e-01  -5.2760000e-02
  -3.6986000e-02  -5.2769100e-01  -3.7530500e-01   7.6113100e-01  -1.1507400e-01  -4.5435900e-01  -6.0919000e-02
  -4.3910000e-02  -5.3908300e-01  -3.7381800e-01   7.5347300e-01  -1.2135800e-01  -4.5480900e-01  -6.9484000e-02
  -5.1182000e-02  -5.5087200e-01  -3.7143900e-01   7.4562300e-01  -1.2764000e-01  -4.5467500e-01  -7.8409000e-02
  -5.8773000e-02  -5.6297300e-01  -3.6800500e-01   7.3768500e-01  -1.3388700e-01  -4.5391900e-01  -8.7636000e-02
  -5.8773000e-02  -5.6297300e-01  -3.6800500e-01   7.3768500e-01  -1.3388700e-01  -4.5391900e-01  -8.7636000e-02
  -6.6219000e-02  -5.7559400e-01  -3.6318700e-01   7.2965900e-01  -1.4002200e-01  -4.5248200e-01  -9.7144000e-02
  -7.4161000e-02  -5.8827800e-01  -3.5739700e-01   7.2159300e-01  -1.4604100e-01  -4.5035900e-01  -1.0684400e-01
  -8.2383000e-02  -6.0103800e-01  -3.5045200e-01   7.1354800e-01  -1.5189300e-01  -4.4752800e-01  -1.1667400e-01
  -9.0735000e-02  -6.1383400e-01  -3.4237300e-01   7.0551800e-01  -1.5748600e-01  -4.4397300e-01  -1.2655600e-01
  -9.8905000e-02  -6.2671100e-01  -3.3295800e-01   6.9756000e-01  -1.6276500e-01  -4.3969600e-01  -1.3641800e-01
  -1.0650700e-01  -6.3974600e-01  -3.2191300e-01   6.8974900e-01  -1.6769400e-01  -4.3471400e-01  -1.4619500e-01
  -1.1387700e-01  -6.5257300e-01  -3.0942600e-01   6.8222900e-01  -1.7230900e-01  -4.2909600e-01  -1.5578000e-01
  -1.2135200e-01  -6.6495800e-01  -2.9600500e-01   6.7489600e-01  -1.7654500e-01  -4.2286500e-01  -1.6512800e-01
  -1.2890500e-01  -6.7680800e-01  -2.8180700e-01   6.6775700e-01  -1.8038400e-01  -4.1607900e-01  -1.7417100e-01
  -1.3672300e-01  -6.8797900e-01  -2.6721900e-01   6.6074600e-01  -1.8380000e-01  -4.0879100e-01  -1.8286900e-01
  -1.4441900e-01  -6.9858800e-01  -2.5203800e-01   6.5390700e-01  -1.8679300e-01  -4.0105900e-01  -1.9119100e-01
  -1.5147400e-01  -7.0878100e-01  -2.3595200e-01   6.4731100e-01  -1.8933400e-01  -3.9294300e-01  -1.9911000e-01
  -1.5773900e-01  -7.1856100e-01  -2.1890000e-01   6.4099200e-01  -1.9142900e-01  -3.8449100e-01  -2.0662000e-01
  -1.6370300e-01  -7.2769100e-01  -2.0156800e-01   6.3485200e-01  -1.9307200e-01  -3.7576300e-01  -2.1370400e-01
  -1.7022700e-01  -7.3589200e-01  -1.8506900e-01   6.2867800e-01  -1.9428600e-01  -3.6681500e-01  -2.2035500e-01
  -1.7731700e-01  -7.4322300e-01  -1.6964900e-01   6.2241200e-01  -1.9508100e-01  -3.5770000e-01  -2.2657100e-01
  -1.8414800e-01  -7.4995400e-01  -1.5445200e-01   6.1628100e-01  -1.9549400e-01  -3.4846900e-01  -2.3235600e-01
  -1.8437000e-01  -7.4989900e-01  -1.5472300e-01   6.1621500e-01  -1.9549400e-01  -3.4846900e-01  -2.3235600e-01
  -1.9023700e-01  -7.5620300e-01  -1.3893600e-01   6.1046200e-01  -1.9555700e-01  -3.3916700e-01  -2.3770900e-01
  -2.0084700e-01  -7.6702900e-01  -1.0772000e-01   5.9976900e-01  -1.9480200e-01  -3.2053100e-01  -2.4713000e-01
  -2.1530100e-01  -7.7452200e-01  -8.4784000e-02   5.8870400e-01  -1.9321000e-01  -3.0258100e-01  -2.5469000e-01
  -2.2654400e-01  -7.8038700e-01  -6.3414000e-02   5.7935500e-01  -1.9143100e-01  -2.8641500e-01  -2.6040300e-01
  -2.3408800e-01  -7.8500700e-01  -4.2456000e-02   5.7198300e-01  -1.8962100e-01  -2.7210300e-01  -2.6464300e-01
  -2.3949100e-01  -7.8853000e-01  -2.2950000e-02   5.6598400e-01  -1.8781100e-01  -2.5938300e-01  -2.6778100e-01
  -2.4191200e-01  -7.8996100e-01  -1.4197000e-02   5.6324000e-01  -1.8692700e-01  -2.5353800e-01  -2.6903100e-01
  -2.4647800e-01  -7.9226600e-01   1.4500000e-03   5.5817600e-01  -1.8517400e-01  -2.4272400e-01  -2.7101400e-01
  -2.5094200e-01  -7.9398700e-01   1.4660000e-02   5.5353200e-01  -1.8342700e-01  -2.3294200e-01  -2.7243300e-01
  -2.5401900e-01  -7.9518900e-01   2.7836000e-02   5.4988500e-01  -1.8167500e-01  -2.2401800e-01  -2.7340500e-01
  -2.5665700e-01  -7.9594100e-01   4.0066000e-02   5.4680900e-01  -1.7989700e-01  -2.1580500e-01  -2.7401300e-01
  -2.5954100e-01  -7.9645000e-01   5.0374000e-02   5.4384600e-01  -1.7814200e-01  -2.0825400e-01  -2.7433800e-01
  -2.6139000e-01  -7.9454400e-01   5.8650000e-02   5.4491800e-01  -1.7556400e-01  -2.0146500e-01  -2.7695900e-01
  -2.6339000e-01  -7.9314100e-01   6.0365000e-02   5.4581100e-01  -1.7406800e-01  -1.9826100e-01  -2.7875000e-01
  -2.6542400e-01  -7.8972700e-01   6.5734000e-02   5.4914500e-01  -1.7095100e-01  -1.9212300e-01  -2.8247600e-01
  -2.6637600e-01  -7.8595900e-01   7.1662000e-02   5.5333200e-01  -1.6778600e-01  -1.8632600e-01  -2.8609400e-01
  -2.6716700e-01  -7.8203200e-01   7.7015000e-02   5.5777800e-01  -1.6459600e-01  -1.8082700e-01  -2.8951900e-01
  -2.6780500e-01  -7.7799700e-01   8.1927000e-02   5.6239500e-01  -1.6140300e-01  -1.7559500e-01  -2.9273000e-01
  -2.6809000e-01  -7.7388400e-01   8.6656000e-02   5.6720500e-01  -1.5822200e-01  -1.7063000e-01  -2.9573000e-01
  -2.6807900e-01  -7.6969200e-01   9.1147000e-02   5.7219000e-01  -1.5503100e-01  -1.6587000e-01  -2.9858000e-01
  -2.6800300e-01  -7.6759300e-01   9.3200000e-02   5.7470800e-01  -1.5343500e-01  -1.6355100e-01  -2.9997300e-01
  -2.6794200e-01  -7.6338100e-01   9.6806000e-02   5.7972900e-01  -1.5026200e-01  -1.5910400e-01  -3.0263400e-01
  -2.6859900e-01  -7.5927400e-01   9.9092000e-02   5.8441300e-01  -1.4714100e-01  -1.5493500e-01  -3.0509000e-01
  -2.6902700e-01  -7.5507700e-01   1.0148000e-01   5.8922500e-01  -1.4406300e-01  -1.5101300e-01  -3.0734800e-01
  -2.6968300e-01  -7.5084000e-01   1.0347500e-01   5.9397200e-01  -1.4105000e-01  -1.4732400e-01  -3.0944500e-01
  -2.7017200e-01  -7.4876800e-01   1.0420700e-01   5.9623400e-01  -1.3959500e-01  -1.4558100e-01  -3.1042900e-01
  -2.7068000e-01  -7.4472000e-01   1.0593100e-01   6.0075200e-01  -1.3680500e-01  -1.4227000e-01  -3.1228600e-01
  -2.7090900e-01  -7.4085600e-01   1.0767600e-01   6.0510100e-01  -1.3418800e-01  -1.3920400e-01  -3.1397700e-01
  -2.7051200e-01  -7.3708700e-01   1.0989800e-01   6.0946600e-01  -1.3172500e-01  -1.3636500e-01  -3.1551600e-01
  -2.7028400e-01  -7.3355800e-01   1.1164800e-01   6.1349400e-01  -1.2939700e-01  -1.3372900e-01  -3.1690900e-01
  -2.7043100e-01  -7.3034400e-01   1.1268100e-01   6.1706400e-01  -1.2720700e-01  -1.3128600e-01  -3.1815900e-01
  -2.7066800e-01  -7.2738500e-01   1.1344300e-01   6.2030700e-01  -1.2516100e-01  -1.2901300e-01  -3.1926900e-01
  -2.7010500e-01  -7.2449900e-01   1.1507500e-01   6.2362000e-01  -1.2324900e-01  -1.2688300e-01  -3.2022900e-01
  -2.6988800e-01  -7.2313400e-01   1.1580900e-01   6.2516100e-01  -1.2234100e-01  -1.2587400e-01  -3.2065800e-01
  -2.6967300e-01  -7.2055700e-01   1.1700400e-01   6.2800000e-01  -1.2061000e-01  -1.2394400e-01  -3.2144000e-01
  -2.7067200e-01  -7.1837000e-01   1.1674000e-01   6.3012100e-01  -1.1898400e-01  -1.2216100e-01  -3.2211400e-01
  -2.7194600e-01  -7.1636700e-01   1.1617400e-01   6.3195600e-01  -1.1744800e-01  -1.2053700e-01  -3.2266800e-01
  -2.7243300e-01  -7.1434800e-01   1.1651900e-01   6.3396400e-01  -1.1599900e-01  -1.1905800e-01  -3.2311200e-01
  -2.7228100e-01  -7.1235400e-01   1.1756600e-01   6.3607700e-01  -1.1464100e-01  -1.1771400e-01  -3.2346100e-01
  -2.7238500e-01  -7.1054500e-01   1.1828100e-01   6.3792000e-01  -1.1337400e-01  -1.1649100e-01  -3.2374200e-01
  -2.7310700e-01  -7.0896800e-01   1.1820700e-01   6.3937800e-01  -1.1217600e-01  -1.1538100e-01  -3.2398000e-01
  -2.7352100e-01  -7.0744000e-01   1.1834300e-01   6.4086700e-01  -1.1104700e-01  -1.1438500e-01  -3.2420200e-01
  -2.7380400e-01  -7.0673600e-01   1.1826600e-01   6.4153700e-01  -1.1050700e-01  -1.1392800e-01  -3.2430700e-01
  -2.7320900e-01  -7.0521900e-01   1.1929000e-01   6.4326700e-01  -1.0948900e-01  -1.1309700e-01  -3.2449800e-01
  -2.7248700e-01  -7.0384700e-01   1.2029800e-01   6.4488700e-01  -1.0855600e-01  -1.1235700e-01  -3.2466600e-01
  -2.7231100e-01  -7.0274200e-01   1.2054700e-01   6.4611800e-01  -1.0771300e-01  -1.1168100e-01  -3.2483700e-01
  -2.7195100e-01  -7.0175700e-01   1.2088100e-01   6.4727700e-01  -1.0693800e-01  -1.1107100e-01  -3.2498000e-01
  -2.7089500e-01  -7.0077300e-01   1.2188300e-01   6.4859700e-01  -1.0623200e-01  -1.1052300e-01  -3.2510400e-01
  -2.6996100e-01  -6.9992100e-01   1.2272300e-01   6.4974700e-01  -1.0558700e-01  -1.1001800e-01  -3.2520000e-01
  -2.6901500e-01  -6.9944700e-01   1.2364100e-01   6.5047500e-01  -1.0528400e-01  -1.0977800e-01  -3.2523800e-01
  -2.6854800e-01  -6.9885900e-01   1.2388700e-01   6.5125300e-01  -1.0471500e-01  -1.0932700e-01  -3.2529700e-01
  -2.6816600e-01  -6.9836200e-01   1.2404000e-01   6.5191300e-01  -1.0419100e-01  -1.0891300e-01  -3.2533200e-01
  -2.6745000e-01  -6.9784900e-01   1.2458100e-01   6.5265400e-01  -1.0370500e-01  -1.0851900e-01  -3.2535100e-01
  -2.6690400e-01  -6.9757900e-01   1.2507600e-01   6.5307100e-01  -1.0347700e-01  -1.0832500e-01  -3.2534900e-01
  -2.6607300e-01  -6.9713400e-01   1.2581500e-01   6.5374300e-01  -1.0305300e-01  -1.0793800e-01  -3.2533000e-01
  -2.6570500e-01  -6.9685800e-01   1.2603100e-01   6.5414500e-01  -1.0266200e-01  -1.0753800e-01  -3.2530500e-01
  -2.6497000e-01  -6.9655100e-01   1.2665500e-01   6.5464900e-01  -1.0229900e-01  -1.0713300e-01  -3.2527500e-01
  -2.6463300e-01  -6.9641400e-01   1.2695100e-01   6.5487400e-01  -1.0213100e-01  -1.0693400e-01  -3.2525800e-01
  -2.6427700e-01  -6.9623200e-01   1.2726300e-01   6.5515100e-01  -1.0183500e-01  -1.0654600e-01  -3.2521300e-01
  -2.6427800e-01  -6.9613500e-01   1.2726700e-01   6.5525300e-01  -1.0158300e-01  -1.0616200e-01  -3.2517200e-01
  -2.6404500e-01  -6.9601600e-01   1.2757500e-01   6.5541400e-01  -1.0137800e-01  -1.0579000e-01  -3.2513400e-01
  -2.6356700e-01  -6.9588200e-01   1.2819200e-01   6.5562800e-01  -1.0122800e-01  -1.0542500e-01  -3.2510700e-01
  -2.6323300e-01  -6.9580900e-01   1.2867600e-01   6.5574400e-01  -1.0111800e-01  -1.0506700e-01  -3.2508600e-01
  -2.6328500e-01  -6.9583300e-01   1.2867400e-01   6.5569900e-01  -1.0107500e-01  -1.0489300e-01  -3.2507800e-01
  -2.6316200e-01  -6.9587800e-01   1.2883500e-01   6.5566800e-01  -1.0099800e-01  -1.0455600e-01  -3.2506900e-01
  -2.6249400e-01  -6.9584500e-01   1.2952500e-01   6.5583500e-01  -1.0094600e-01  -1.0424100e-01  -3.2507400e-01
  -2.6227900e-01  -6.9591900e-01   1.2973600e-01   6.5580200e-01  -1.0092400e-01  -1.0393200e-01  -3.2509600e-01
  -2.6227900e-01  -6.9591900e-01   1.2973600e-01   6.5580200e-01  -1.0092400e-01  -1.0393200e-01  -3.2509600e-01
  -2.6223800e-01  -6.9596400e-01   1.2976500e-01   6.5576300e-01  -1.0091800e-01  -1.0378900e-01  -3.2511200e-01
  -2.6262100e-01  -6.9609900e-01   1.2933100e-01   6.5555300e-01  -1.0091400e-01  -1.0365500e-01  -3.2512900e-01
  -2.6273100e-01  -6.9616700e-01   1.2916600e-01   6.5547000e-01  -1.0091200e-01  -1.0353100e-01  -3.2516000e-01
  -2.6250700e-01  -6.9615100e-01   1.2933300e-01   6.5554300e-01  -1.0090700e-01  -1.0342000e-01  -3.2520500e-01
  -2.6205000e-01  -6.9607800e-01   1.2973800e-01   6.5572300e-01  -1.0090700e-01  -1.0332200e-01  -3.2526000e-01
  -2.6177200e-01  -6.9603500e-01   1.2993900e-01   6.5584000e-01  -1.0091300e-01  -1.0323900e-01  -3.2532400e-01
