  -4.0395000e-02  -2.2692400e-01  -2.6936000e-02   9.7270200e-01   1.5468000e-01  -2.2598100e-01  -2.6005000e-02
  -4.0192000e-02  -2.2692700e-01  -2.6317000e-02   9.7272600e-01   1.5473500e-01  -2.2529600e-01  -2.5714000e-02
  -3.9650000e-02  -2.2694800e-01  -2.5956000e-02   9.7275300e-01   1.5475800e-01  -2.2496700e-01  -2.5558000e-02
  -3.8027000e-02  -2.2701800e-01  -2.5209000e-02   9.7282100e-01   1.5479200e-01  -2.2434400e-01  -2.5228000e-02
  -3.6756000e-02  -2.2707500e-01  -2.4693000e-02   9.7287000e-01   1.5482500e-01  -2.2377800e-01  -2.4903000e-02
  -3.6179000e-02  -2.2710100e-01  -2.4502000e-02   9.7289100e-01   1.5483500e-01  -2.2352900e-01  -2.4736000e-02
  -3.4656000e-02  -2.2724000e-01  -2.4199000e-02   9.7292100e-01   1.5480200e-01  -2.2312800e-01  -2.4329000e-02
  -3.2166000e-02  -2.2754700e-01  -2.3909000e-02   9.7294200e-01   1.5466200e-01  -2.2288300e-01  -2.3763000e-02
  -3.0234000e-02  -2.2789200e-01  -2.3917000e-02   9.7292300e-01   1.5444100e-01  -2.2280100e-01  -2.3061000e-02
  -2.8749000e-02  -2.2809000e-01  -2.3891000e-02   9.7292200e-01   1.5429700e-01  -2.2283500e-01  -2.2643000e-02
  -2.7807000e-02  -2.2844200e-01  -2.4457000e-02   9.7285300e-01   1.5393100e-01  -2.2306800e-01  -2.1653000e-02
  -2.7835000e-02  -2.2868800e-01  -2.5533000e-02   9.7276700e-01   1.5350100e-01  -2.2351900e-01  -2.0470000e-02
  -2.8710000e-02  -2.2885900e-01  -2.7067000e-02   9.7266000e-01   1.5297300e-01  -2.2420800e-01  -1.9055000e-02
  -2.8743000e-02  -2.2899400e-01  -2.8613000e-02   9.7258300e-01   1.5233800e-01  -2.2513700e-01  -1.7403000e-02
  -2.9471000e-02  -2.2909200e-01  -3.0531000e-02   9.7247900e-01   1.5155200e-01  -2.2633100e-01  -1.5459000e-02
  -3.0570000e-02  -2.2913600e-01  -3.1760000e-02   9.7239600e-01   1.5108900e-01  -2.2703900e-01  -1.4382000e-02
  -3.4390000e-02  -2.2910600e-01  -3.3742000e-02   9.7220900e-01   1.5057700e-01  -2.2783000e-01  -1.3236000e-02
  -5.6701000e-02  -2.2873500e-01  -4.1840000e-02   9.7093500e-01   1.4921200e-01  -2.2982900e-01  -1.0521000e-02
  -6.5779000e-02  -2.2884600e-01  -4.7876000e-02   9.7005700e-01   1.4757300e-01  -2.3235500e-01  -7.4780000e-03
  -6.5730000e-02  -2.2925100e-01  -5.0174000e-02   9.6984900e-01   1.4660000e-01  -2.3378300e-01  -5.8200000e-03
  -6.3038000e-02  -2.3047900e-01  -5.4782000e-02   9.6948700e-01   1.4442200e-01  -2.3683900e-01  -2.4040000e-03
  -5.7552000e-02  -2.3219100e-01  -5.9403000e-02   9.6914700e-01   1.4201700e-01  -2.4007600e-01   9.8600000e-04
  -5.2119000e-02  -2.3420000e-01  -6.4655000e-02   9.6863500e-01   1.3941900e-01  -2.4349400e-01   4.2690000e-03
  -4.8102000e-02  -2.3634200e-01  -7.0803000e-02   9.6789200e-01   1.3663000e-01  -2.4709100e-01   7.4680000e-03
  -4.2896000e-02  -2.3865600e-01  -7.7196000e-02   9.6708000e-01   1.3372600e-01  -2.5089300e-01   1.0511000e-02
  -3.7003000e-02  -2.4112500e-01  -8.3828000e-02   9.6615900e-01   1.3070900e-01  -2.5486900e-01   1.3400000e-02
  -3.2922000e-02  -2.4359800e-01  -9.1171000e-02   9.6502000e-01   1.2749700e-01  -2.5905900e-01   1.6197000e-02
  -3.2418000e-02  -2.4579400e-01  -9.9626000e-02   9.6364400e-01   1.2412100e-01  -2.6348600e-01   1.8869000e-02
  -3.2031000e-02  -2.4802200e-01  -1.0823800e-01   9.6215600e-01   1.2056600e-01  -2.6809700e-01   2.1446000e-02
  -3.5123000e-02  -2.4875200e-01  -1.1341600e-01   9.6126300e-01   1.1873000e-01  -2.7044600e-01   2.2707000e-02
  -3.9403000e-02  -2.5035600e-01  -1.2327500e-01   9.5946500e-01   1.1493700e-01  -2.7520000e-01   2.5195000e-02
  -4.4118000e-02  -2.5180600e-01  -1.3304200e-01   9.5757400e-01   1.1098800e-01  -2.8005200e-01   2.7606000e-02
  -4.8027000e-02  -2.5329400e-01  -1.4252600e-01   9.5562700e-01   1.0692100e-01  -2.8494400e-01   2.9906000e-02
  -4.8863000e-02  -2.5521800e-01  -1.5119100e-01   9.5373900e-01   1.0278000e-01  -2.8979300e-01   3.2076000e-02
  -4.6926000e-02  -2.5765000e-01  -1.5910600e-01   9.5189300e-01   9.8604000e-02  -2.9452900e-01   3.4084000e-02
  -4.4420000e-02  -2.6030600e-01  -1.6690000e-01   9.4995400e-01   9.4422000e-02  -2.9911900e-01   3.5903000e-02
  -4.2089000e-02  -2.6312100e-01  -1.7482800e-01   9.4785600e-01   9.0214000e-02  -3.0355900e-01   3.7539000e-02
  -4.1057000e-02  -2.6454300e-01  -1.7897600e-01   9.4673100e-01   8.8149000e-02  -3.0572300e-01   3.8254000e-02
  -3.8946000e-02  -2.6754200e-01  -1.8747600e-01   9.4432900e-01   8.4019000e-02  -3.0996900e-01   3.9525000e-02
  -3.6384000e-02  -2.7089400e-01  -1.9610100e-01   9.4172000e-01   7.9821000e-02  -3.1412200e-01   4.0620000e-02
  -3.3435000e-02  -2.7464200e-01  -2.0478700e-01   9.3889100e-01   7.5501000e-02  -3.1820200e-01   4.1564000e-02
  -3.0945000e-02  -2.7861200e-01  -2.1373000e-01   9.3580800e-01   7.1025000e-02  -3.2226100e-01   4.2367000e-02
  -2.9294000e-02  -2.8268700e-01  -2.2306100e-01   9.3245600e-01   6.6366000e-02  -3.2637400e-01   4.3025000e-02
  -2.6736000e-02  -2.8732800e-01  -2.3207600e-01   9.2890700e-01   6.1436000e-02  -3.3056600e-01   4.3588000e-02
  -2.0595000e-02  -2.9322000e-01  -2.4018300e-01   9.2515400e-01   5.6346000e-02  -3.3481300e-01   4.3968000e-02
  -1.8069000e-02  -2.9617900e-01  -2.4451600e-01   9.2312700e-01   5.3768000e-02  -3.3696500e-01   4.4051000e-02
  -1.2267000e-02  -3.0256900e-01  -2.5289100e-01   9.1888400e-01   4.8449000e-02  -3.4134000e-01   4.4120000e-02
  -7.9540000e-03  -3.0894100e-01  -2.6185100e-01   9.1429000e-01   4.2928000e-02  -3.4579900e-01   4.4028000e-02
  -4.2080000e-03  -3.1552300e-01  -2.7134400e-01   9.0928500e-01   3.7193000e-02  -3.5034600e-01   4.3776000e-02
  -1.1480000e-03  -3.2236500e-01  -2.8151000e-01   9.0378700e-01   3.1262000e-02  -3.5496000e-01   4.3288000e-02
   1.4910000e-03  -3.2950300e-01  -2.9211200e-01   8.9782800e-01   2.5174000e-02  -3.5960200e-01   4.2561000e-02
   3.8240000e-03  -3.3692600e-01  -3.0296100e-01   8.9144800e-01   1.8927000e-02  -3.6428600e-01   4.1611000e-02
   4.5920000e-03  -3.4064200e-01  -3.0851200e-01   8.8812300e-01   1.5732000e-02  -3.6665400e-01   4.1061000e-02
   5.1300000e-03  -3.4799800e-01  -3.1988300e-01   8.8121900e-01   9.1980000e-03  -3.7139800e-01   3.9824000e-02
   4.2640000e-03  -3.5509900e-01  -3.3186600e-01   8.7392900e-01   2.5570000e-03  -3.7612900e-01   3.8382000e-02
   3.4710000e-03  -3.6247100e-01  -3.4360100e-01   8.6633800e-01  -4.2570000e-03  -3.8084200e-01   3.6801000e-02
   3.7820000e-03  -3.7025900e-01  -3.5426800e-01   8.5871300e-01  -1.1162000e-02  -3.8558700e-01   3.5177000e-02
   6.1540000e-03  -3.7588300e-01  -3.6341300e-01   8.5241100e-01  -1.6768000e-02  -3.9123500e-01   3.3692000e-02
   1.0329000e-02  -3.8170300e-01  -3.7123200e-01   8.4639400e-01  -2.2048000e-02  -3.9718900e-01   3.2015000e-02
   1.4124000e-02  -3.8719800e-01  -3.7879600e-01   8.4047100e-01  -2.7240000e-02  -4.0319900e-01   3.0233000e-02
   1.4234000e-02  -3.9173800e-01  -3.8807500e-01   8.3410800e-01  -3.2530000e-02  -4.0905600e-01   2.8033000e-02
   1.8215000e-02  -3.9606600e-01  -3.9076300e-01   8.3072500e-01  -3.5219000e-02  -4.1192100e-01   2.6815000e-02
   2.0770000e-02  -4.0266000e-01  -3.9855900e-01   8.2376200e-01  -4.0640000e-02  -4.1749000e-01   2.4130000e-02
   2.3361000e-02  -4.0978800e-01  -4.0551800e-01   8.1675200e-01  -4.6214000e-02  -4.2287200e-01   2.1261000e-02
   2.5760000e-02  -4.1742400e-01  -4.1210100e-01   8.0948500e-01  -5.1828000e-02  -4.2800200e-01   1.8077000e-02
   2.7200000e-02  -4.2515900e-01  -4.1833800e-01   8.0218000e-01  -5.7516000e-02  -4.3288400e-01   1.4624000e-02
   2.7111000e-02  -4.3258300e-01  -4.2460900e-01   7.9488600e-01  -6.3246000e-02  -4.3749600e-01   1.0936000e-02
   2.7025000e-02  -4.4046600e-01  -4.3011500e-01   7.8756600e-01  -6.8995000e-02  -4.4182500e-01   7.0140000e-03
   2.7221000e-02  -4.4900400e-01  -4.3460900e-01   7.8023700e-01  -7.4715000e-02  -4.4583600e-01   2.8190000e-03
   2.7144000e-02  -4.5336100e-01  -4.3656600e-01   7.7661900e-01  -7.7567000e-02  -4.4772200e-01   6.2700000e-04
   2.6558000e-02  -4.6216000e-01  -4.4006800e-01   7.6944300e-01  -8.3224000e-02  -4.5124600e-01  -3.9400000e-03
   2.4689000e-02  -4.7070800e-01  -4.4355700e-01   7.6228700e-01  -8.8771000e-02  -4.5441200e-01  -8.8240000e-03
   2.2921000e-02  -4.7974100e-01  -4.4609100e-01   7.5519900e-01  -9.4200000e-02  -4.5721500e-01  -1.3984000e-02
   2.2093000e-02  -4.8981300e-01  -4.4708000e-01   7.4814000e-01  -9.9492000e-02  -4.5964100e-01  -1.9463000e-02
   2.2553000e-02  -5.0121400e-01  -4.4619800e-01   7.4107000e-01  -1.0463700e-01  -4.6167600e-01  -2.5311000e-02
   2.2502000e-02  -5.1284300e-01  -4.4440900e-01   7.3415700e-01  -1.0964300e-01  -4.6331400e-01  -3.1498000e-02
   2.1819000e-02  -5.2454100e-01  -4.4184300e-01   7.2743100e-01  -1.1449900e-01  -4.6454700e-01  -3.7987000e-02
   2.0419000e-02  -5.3620600e-01  -4.3858300e-01   7.2091000e-01  -1.1921100e-01  -4.6537900e-01  -4.4754000e-02
   1.6662000e-02  -5.4672200e-01  -4.3605100e-01   7.1461600e-01  -1.2373600e-01  -4.6579400e-01  -5.1752000e-02
   1.8331000e-02  -5.5424800e-01  -4.3168500e-01   7.1142200e-01  -1.2592000e-01  -4.6583900e-01  -5.5348000e-02
   1.6893000e-02  -5.6662800e-01  -4.2570000e-01   7.0528500e-01  -1.3013800e-01  -4.6559100e-01  -6.2738000e-02
   1.5529000e-02  -5.7940900e-01  -4.1826900e-01   6.9935300e-01  -1.3419800e-01  -4.6488800e-01  -7.0414000e-02
   1.3956000e-02  -5.9229400e-01  -4.0979500e-01   6.9358600e-01  -1.3805800e-01  -4.6371600e-01  -7.8325000e-02
   1.1830000e-02  -6.0497000e-01  -4.0063300e-01   6.8801500e-01  -1.4171500e-01  -4.6207900e-01  -8.6408000e-02
   1.0808000e-02  -6.1843000e-01  -3.8932800e-01   6.8253300e-01  -1.4514600e-01  -4.5993700e-01  -9.4708000e-02
   1.0502000e-02  -6.3232500e-01  -3.7615900e-01   6.7717000e-01  -1.4837100e-01  -4.5729800e-01  -1.0316800e-01
   7.0440000e-03  -6.4446600e-01  -3.6475600e-01   6.7198700e-01  -1.5140500e-01  -4.5416000e-01  -1.1175700e-01
   1.0980000e-02  -6.5354500e-01  -3.5315000e-01   6.6936000e-01  -1.5285700e-01  -4.5240600e-01  -1.1608700e-01
   9.9970000e-03  -6.6683200e-01  -3.3747100e-01   6.6434000e-01  -1.5559400e-01  -4.4848900e-01  -1.2483300e-01
   9.5650000e-03  -6.8018800e-01  -3.2013600e-01   6.5936800e-01  -1.5819200e-01  -4.4408600e-01  -1.3362100e-01
   9.2980000e-03  -6.9328200e-01  -3.0162800e-01   6.5444100e-01  -1.6058100e-01  -4.3917200e-01  -1.4241700e-01
   8.5940000e-03  -7.0569600e-01  -2.8277400e-01   6.4958300e-01  -1.6275700e-01  -4.3379000e-01  -1.5112900e-01
   8.2450000e-03  -7.1773400e-01  -2.6283600e-01   6.4475300e-01  -1.6470200e-01  -4.2793900e-01  -1.5973900e-01
   7.6440000e-03  -7.2900700e-01  -2.4272400e-01   6.3998100e-01  -1.6634000e-01  -4.2163400e-01  -1.6818300e-01
   4.0470000e-03  -7.3842800e-01  -2.2556700e-01   6.3547400e-01  -1.6768700e-01  -4.1493800e-01  -1.7637000e-01
   6.7490000e-03  -7.4443600e-01  -2.1150000e-01   6.3327500e-01  -1.6828300e-01  -4.1145200e-01  -1.8036900e-01
   5.7590000e-03  -7.5376000e-01  -1.9085700e-01   6.2879800e-01  -1.6919600e-01  -4.0411000e-01  -1.8826900e-01
   5.1610000e-03  -7.6242300e-01  -1.6977400e-01   6.2438800e-01  -1.6979200e-01  -3.9640900e-01  -1.9589000e-01
   4.4110000e-03  -7.7021200e-01  -1.4924000e-01   6.2006500e-01  -1.7009500e-01  -3.8845300e-01  -2.0315400e-01
   3.9460000e-03  -7.7717300e-01  -1.2859100e-01   6.1599500e-01  -1.7012100e-01  -3.8029800e-01  -2.1001600e-01
   4.5230000e-03  -7.8337300e-01  -1.0688400e-01   6.1227600e-01  -1.6984600e-01  -3.7198900e-01  -2.1644300e-01
   5.3020000e-03  -7.8861400e-01  -8.5251000e-02   6.0892700e-01  -1.6927800e-01  -3.6356600e-01  -2.2242600e-01
   4.6980000e-03  -7.9275700e-01  -6.5873000e-02   6.0594900e-01  -1.6844200e-01  -3.5507700e-01  -2.2796100e-01
   4.2250000e-03  -7.9450200e-01  -5.6672000e-02   6.0459700e-01  -1.6792800e-01  -3.5083600e-01  -2.3055100e-01
   2.6130000e-03  -7.9738200e-01  -3.9630000e-02   6.0216600e-01  -1.6673200e-01  -3.4237400e-01  -2.3538800e-01
   1.5750000e-03  -7.9955000e-01  -2.2352000e-02   6.0018100e-01  -1.6529000e-01  -3.3394700e-01  -2.3976600e-01
  -4.6500000e-04  -8.0094400e-01  -6.9310000e-03   5.9869800e-01  -1.6359200e-01  -3.2559000e-01  -2.4367700e-01
  -3.2290000e-03  -8.0176300e-01   6.6810000e-03   5.9759600e-01  -1.6172400e-01  -3.1742900e-01  -2.4711700e-01
  -6.8000000e-03  -8.0209300e-01   1.8447000e-02   5.9687500e-01  -1.5972300e-01  -3.0950800e-01  -2.5010100e-01
  -1.1383000e-02  -8.0201400e-01   2.8087000e-02   5.9653700e-01  -1.5758000e-01  -3.0186000e-01  -2.5264100e-01
  -1.5427000e-02  -8.0150600e-01   3.7706000e-02   5.9659700e-01  -1.5530700e-01  -2.9451700e-01  -2.5475400e-01
  -1.7760000e-02  -8.0050600e-01   4.8763000e-02   5.9707400e-01  -1.5289300e-01  -2.8750400e-01  -2.5646000e-01
  -1.8632000e-02  -7.9983700e-01   5.4369000e-02   5.9745900e-01  -1.5163800e-01  -2.8412700e-01  -2.5716900e-01
  -2.0586000e-02  -7.9827700e-01   6.4672000e-02   5.9845500e-01  -1.4906100e-01  -2.7763500e-01  -2.5832400e-01
  -2.3647000e-02  -7.9652900e-01   7.2793000e-02   5.9973600e-01  -1.4638800e-01  -2.7148000e-01  -2.5914800e-01
  -2.6524000e-02  -7.9451200e-01   8.0500000e-02   6.0130400e-01  -1.4363900e-01  -2.6565600e-01  -2.5967200e-01
  -2.8296000e-02  -7.9213100e-01   8.9057000e-02   6.0315500e-01  -1.4084900e-01  -2.6015900e-01  -2.5993200e-01
  -3.0343000e-02  -7.8961800e-01   9.6647000e-02   6.0518000e-01  -1.3804400e-01  -2.5498500e-01  -2.5996000e-01
  -3.4371000e-02  -7.8603000e-01   9.9945000e-02   6.0908700e-01  -1.3460300e-01  -2.5037000e-01  -2.6099000e-01
  -3.8553000e-02  -7.8161700e-01   1.0190700e-01   6.1417000e-01  -1.3077500e-01  -2.4615500e-01  -2.6257100e-01
  -4.0591000e-02  -7.7667500e-01   1.0609300e-01   6.1957500e-01  -1.2689500e-01  -2.4218800e-01  -2.6406300e-01
  -4.1900000e-02  -7.7425400e-01   1.0770000e-01   6.2223500e-01  -1.2497100e-01  -2.4027300e-01  -2.6473500e-01
  -4.3955000e-02  -7.6939300e-01   1.1138100e-01   6.2745200e-01  -1.2119700e-01  -2.3657300e-01  -2.6591700e-01
  -4.7430000e-02  -7.6492000e-01   1.1299000e-01   6.3236100e-01  -1.1751200e-01  -2.3303500e-01  -2.6689000e-01
  -5.1532000e-02  -7.6071700e-01   1.1358800e-01   6.3698600e-01  -1.1393100e-01  -2.2963500e-01  -2.6768900e-01
  -5.3929000e-02  -7.5640700e-01   1.1583500e-01   6.4150000e-01  -1.1045900e-01  -2.2640100e-01  -2.6832300e-01
  -5.5229000e-02  -7.5213000e-01   1.1891900e-01   6.4584000e-01  -1.0711400e-01  -2.2332300e-01  -2.6883300e-01
  -5.7187000e-02  -7.4823600e-01   1.2085300e-01   6.4982100e-01  -1.0391200e-01  -2.2035900e-01  -2.6923600e-01
  -6.0079000e-02  -7.4477500e-01   1.2140800e-01   6.5342200e-01  -1.0086800e-01  -2.1751100e-01  -2.6955400e-01
  -6.1823000e-02  -7.4140500e-01   1.2290600e-01   6.5680300e-01  -9.8021000e-02  -2.1481700e-01  -2.6981800e-01
  -6.5492000e-02  -7.4036000e-01   1.2038300e-01   6.5809300e-01  -9.6681000e-02  -2.1353600e-01  -2.6992400e-01
  -6.8251000e-02  -7.3764900e-01   1.2023700e-01   6.6087700e-01  -9.4169000e-02  -2.1114900e-01  -2.7009400e-01
  -6.9963000e-02  -7.3501500e-01   1.2094000e-01   6.6349900e-01  -9.1893000e-02  -2.0903000e-01  -2.7022200e-01
  -7.1683000e-02  -7.3264500e-01   1.2141300e-01   6.6584700e-01  -8.9869000e-02  -2.0717600e-01  -2.7030600e-01
  -7.3000000e-02  -7.3048300e-01   1.2217700e-01   6.6793600e-01  -8.8111000e-02  -2.0556500e-01  -2.7034600e-01
  -7.4540000e-02  -7.2866100e-01   1.2259000e-01   6.6967800e-01  -8.6644000e-02  -2.0419600e-01  -2.7035900e-01
  -7.6001000e-02  -7.2713200e-01   1.2288100e-01   6.7112000e-01  -8.5452000e-02  -2.0307000e-01  -2.7037600e-01
  -7.7072000e-02  -7.2582200e-01   1.2336500e-01   6.7232700e-01  -8.4505000e-02  -2.0216800e-01  -2.7040500e-01
  -7.8317000e-02  -7.2540300e-01   1.2278400e-01   6.7274100e-01  -8.4122000e-02  -2.0179000e-01  -2.7041700e-01
  -7.9436000e-02  -7.2453600e-01   1.2298100e-01   6.7350900e-01  -8.3527000e-02  -2.0116200e-01  -2.7044000e-01
  -7.9823000e-02  -7.2380300e-01   1.2377700e-01   6.7410400e-01  -8.3130000e-02  -2.0068700e-01  -2.7046000e-01
  -8.0136000e-02  -7.2327900e-01   1.2447000e-01   6.7450200e-01  -8.2896000e-02  -2.0034800e-01  -2.7048700e-01
  -8.0798000e-02  -7.2302800e-01   1.2462300e-01   6.7466300e-01  -8.2809000e-02  -2.0010900e-01  -2.7053800e-01
  -8.2066000e-02  -7.2307200e-01   1.2397000e-01   6.7458400e-01  -8.2844000e-02  -1.9993600e-01  -2.7063100e-01
  -8.2848000e-02  -7.2316700e-01   1.2376000e-01   6.7442500e-01  -8.2976000e-02  -1.9979500e-01  -2.7075400e-01
  -8.2407000e-02  -7.2311300e-01   1.2480100e-01   6.7434500e-01  -8.3156000e-02  -1.9968800e-01  -2.7087700e-01
  -8.2213000e-02  -7.2316800e-01   1.2545900e-01   6.7418800e-01  -8.3344000e-02  -1.9958400e-01  -2.7099900e-01
  -8.2493000e-02  -7.2335000e-01   1.2548300e-01   6.7395400e-01  -8.3515000e-02  -1.9947100e-01  -2.7112200e-01
  -8.2806000e-02  -7.2347000e-01   1.2528500e-01   6.7382300e-01  -8.3589000e-02  -1.9941200e-01  -2.7117800e-01
  -8.2643000e-02  -7.2356700e-01   1.2562400e-01   6.7367600e-01  -8.3699000e-02  -1.9928800e-01  -2.7128500e-01
  -8.1932000e-02  -7.2353000e-01   1.2646900e-01   6.7364400e-01  -8.3749000e-02  -1.9915400e-01  -2.7136600e-01
  -8.1290000e-02  -7.2347800e-01   1.2712900e-01   6.7365400e-01  -8.3733000e-02  -1.9901400e-01  -2.7141900e-01
  -8.1101000e-02  -7.2346500e-01   1.2718500e-01   6.7368000e-01  -8.3651000e-02  -1.9887800e-01  -2.7145800e-01
  -8.1031000e-02  -7.2340600e-01   1.2701000e-01   6.7378500e-01  -8.3494000e-02  -1.9876700e-01  -2.7147000e-01
  -8.0938000e-02  -7.2334000e-01   1.2696200e-01   6.7387600e-01  -8.3392000e-02  -1.9871400e-01  -2.7146800e-01
  -8.0930000e-02  -7.2328600e-01   1.2678500e-01   6.7396800e-01  -8.3275000e-02  -1.9866300e-01  -2.7146300e-01
  -8.0070000e-02  -7.2295700e-01   1.2725000e-01   6.7433600e-01  -8.2973000e-02  -1.9856300e-01  -2.7144400e-01
  -7.9446000e-02  -7.2259600e-01   1.2740300e-01   6.7476800e-01  -8.2611000e-02  -1.9850600e-01  -2.7138300e-01
  -7.9323000e-02  -7.2229100e-01   1.2703800e-01   6.7517800e-01  -8.2237000e-02  -1.9848800e-01  -2.7129000e-01
  -7.9369000e-02  -7.2198800e-01   1.2647900e-01   6.7560100e-01  -8.1851000e-02  -1.9850900e-01  -2.7117400e-01
