  -2.1843000e-02  -1.9416500e-01   1.5970000e-02   9.8059600e-01   1.6548100e-01  -2.1533500e-01  -4.8655000e-02
  -2.3468000e-02  -1.9488300e-01   1.6652000e-02   9.8040400e-01   1.6538200e-01  -2.1477200e-01  -4.8917000e-02
  -2.5749000e-02  -1.9559000e-01   1.7183000e-02   9.8019700e-01   1.6526400e-01  -2.1428900e-01  -4.9135000e-02
  -2.7316000e-02  -1.9594000e-01   1.7354000e-02   9.8008200e-01   1.6519500e-01  -2.1408700e-01  -4.9211000e-02
  -3.0643000e-02  -1.9660000e-01   1.7611000e-02   9.7984700e-01   1.6504000e-01  -2.1377300e-01  -4.9290000e-02
  -3.3791000e-02  -1.9718200e-01   1.7812000e-02   9.7962200e-01   1.6486900e-01  -2.1358500e-01  -4.9262000e-02
  -3.5816000e-02  -1.9770400e-01   1.8137000e-02   9.7943900e-01   1.6467600e-01  -2.1351800e-01  -4.9111000e-02
  -3.6027000e-02  -1.9795100e-01   1.8425000e-02   9.7937600e-01   1.6456600e-01  -2.1353000e-01  -4.8986000e-02
  -3.6847000e-02  -1.9843200e-01   1.8799000e-02   9.7924100e-01   1.6432100e-01  -2.1368000e-01  -4.8620000e-02
  -3.7265000e-02  -1.9863800e-01   1.8870000e-02   9.7918200e-01   1.6419300e-01  -2.1383000e-01  -4.8367000e-02
  -3.9343000e-02  -1.9916400e-01   1.8591000e-02   9.7899900e-01   1.6386600e-01  -2.1431400e-01  -4.7641000e-02
  -4.1050000e-02  -1.9971200e-01   1.8107000e-02   9.7882700e-01   1.6346600e-01  -2.1505500e-01  -4.6644000e-02
  -4.0464000e-02  -1.9994600e-01   1.8019000e-02   9.7880500e-01   1.6324200e-01  -2.1553500e-01  -4.6045000e-02
  -4.1397000e-02  -2.0043000e-01   1.7225000e-02   9.7868200e-01   1.6274100e-01  -2.1668000e-01  -4.4660000e-02
  -4.4122000e-02  -2.0095600e-01   1.5796000e-02   9.7847900e-01   1.6215500e-01  -2.1807900e-01  -4.3052000e-02
  -4.8988000e-02  -2.0168600e-01   1.3731000e-02   9.7812800e-01   1.6142400e-01  -2.1974600e-01  -4.1234000e-02
  -5.1211000e-02  -2.0228600e-01   1.2745000e-02   9.7790300e-01   1.6093000e-01  -2.2070500e-01  -4.0181000e-02
  -5.1939000e-02  -2.0390900e-01   1.1566000e-02   9.7754300e-01   1.5968100e-01  -2.2285800e-01  -3.7870000e-02
  -4.7955000e-02  -2.0609900e-01   1.1279000e-02   9.7729000e-01   1.5807800e-01  -2.2537300e-01  -3.5390000e-02
  -4.5795000e-02  -2.0740300e-01   1.1187000e-02   9.7711900e-01   1.5715100e-01  -2.2672200e-01  -3.4109000e-02
  -4.2311000e-02  -2.0890200e-01   1.1429000e-02   9.7695400e-01   1.5609000e-01  -2.2815700e-01  -3.2745000e-02
  -4.4199000e-02  -2.1076600e-01   1.0468000e-02   9.7648100e-01   1.5484600e-01  -2.2975000e-01  -3.1259000e-02
  -4.3216000e-02  -2.1297700e-01   9.9900000e-03   9.7605000e-01   1.5338400e-01  -2.3153100e-01  -2.9642000e-02
  -4.4167000e-02  -2.1298600e-01   9.7820000e-03   9.7600700e-01   1.5338400e-01  -2.3153100e-01  -2.9642000e-02
  -4.6999000e-02  -2.1559500e-01   8.2340000e-03   9.7531600e-01   1.5170100e-01  -2.3350900e-01  -2.7892000e-02
  -4.9241000e-02  -2.1854700e-01   6.4650000e-03   9.7456200e-01   1.4979200e-01  -2.3569200e-01  -2.6001000e-02
  -5.0437000e-02  -2.2179100e-01   4.4850000e-03   9.7377900e-01   1.4767900e-01  -2.3807200e-01  -2.4003000e-02
  -5.1878000e-02  -2.2533700e-01   1.9300000e-03   9.7289700e-01   1.4537100e-01  -2.4061900e-01  -2.1910000e-02
  -5.2760000e-02  -2.2919300e-01  -1.0760000e-03   9.7194900e-01   1.4285700e-01  -2.4332800e-01  -1.9732000e-02
  -5.0646000e-02  -2.3340900e-01  -3.9790000e-03   9.7105100e-01   1.4012900e-01  -2.4618000e-01  -1.7488000e-02
  -4.6219000e-02  -2.3800000e-01  -6.9430000e-03   9.7014000e-01   1.3718600e-01  -2.4916500e-01  -1.5211000e-02
  -4.1603000e-02  -2.4297500e-01  -1.0457000e-02   9.6908400e-01   1.3400800e-01  -2.5229100e-01  -1.2918000e-02
  -3.9227000e-02  -2.4830900e-01  -1.5186000e-02   9.6776700e-01   1.3058800e-01  -2.5556900e-01  -1.0641000e-02
  -3.6354000e-02  -2.5402700e-01  -2.0435000e-02   9.6629800e-01   1.2692600e-01  -2.5897800e-01  -8.4140000e-03
  -2.9901000e-02  -2.6023200e-01  -2.5340000e-02   9.6475000e-01   1.2300800e-01  -2.6250900e-01  -6.2620000e-03
  -2.1605000e-02  -2.6692700e-01  -3.0242000e-02   9.6300000e-01   1.1883200e-01  -2.6613900e-01  -4.2160000e-03
  -1.3606000e-02  -2.7406700e-01  -3.5694000e-02   9.6095200e-01   1.1442200e-01  -2.6983400e-01  -2.3200000e-03
  -9.4900000e-03  -2.8147100e-01  -4.2731000e-02   9.5857100e-01   1.0977800e-01  -2.7359800e-01  -5.8200000e-04
  -7.3180000e-03  -2.8916700e-01  -5.0795000e-02   9.5590200e-01   1.0486200e-01  -2.7744200e-01   1.0070000e-03
  -7.3180000e-03  -2.8916700e-01  -5.0795000e-02   9.5590200e-01   1.0486200e-01  -2.7744200e-01   1.0070000e-03
  -4.7160000e-03  -2.9724100e-01  -5.9116000e-02   9.5295900e-01   9.9679000e-02  -2.8135300e-01   2.4180000e-03
  -2.9810000e-03  -3.0559500e-01  -6.8001000e-02   9.4972500e-01   9.4234000e-02  -2.8531300e-01   3.6350000e-03
  -2.9030000e-03  -3.1413700e-01  -7.7673000e-02   9.4619100e-01   8.8535000e-02  -2.8931000e-01   4.6360000e-03
  -4.3980000e-03  -3.2283600e-01  -8.8189000e-02   9.4232700e-01   8.2625000e-02  -2.9330600e-01   5.3910000e-03
  -6.7630000e-03  -3.3168200e-01  -9.9253000e-02   9.3813100e-01   7.6501000e-02  -2.9729500e-01   5.9110000e-03
  -8.3360000e-03  -3.4082500e-01  -1.1030600e-01   9.3359600e-01   7.0193000e-02  -3.0127300e-01   6.1790000e-03
  -8.6900000e-03  -3.5035200e-01  -1.2107000e-01   9.2872000e-01   6.3710000e-02  -3.0522500e-01   6.1910000e-03
  -8.3230000e-03  -3.6023300e-01  -1.3164200e-01   9.2349000e-01   5.7049000e-02  -3.0915100e-01   5.9540000e-03
  -8.4950000e-03  -3.7031500e-01  -1.4242000e-01   9.1788400e-01   5.0218000e-02  -3.1305900e-01   5.4480000e-03
  -9.0830000e-03  -3.8063300e-01  -1.5330700e-01   9.1188400e-01   4.3213000e-02  -3.1694200e-01   4.6660000e-03
  -1.0154000e-02  -3.9116800e-01  -1.6427100e-01   9.0548300e-01   3.6038000e-02  -3.2081000e-01   3.5970000e-03
  -1.2136000e-02  -4.0183200e-01  -1.7540900e-01   8.9867400e-01   2.8689000e-02  -3.2465900e-01   2.2430000e-03
  -1.4151000e-02  -4.1150200e-01  -1.8622100e-01   8.9206900e-01   2.1817000e-02  -3.2881700e-01   6.2400000e-04
  -1.7173000e-02  -4.1751000e-01  -1.9722200e-01   8.8684500e-01   1.6722000e-02  -3.3392500e-01  -1.2260000e-03
  -1.9299000e-02  -4.2712600e-01  -2.1676800e-01   8.7761200e-01   8.2550000e-03  -3.4553500e-01  -5.8870000e-03
  -1.9311000e-02  -4.3652600e-01  -2.3395100e-01   8.6852700e-01   1.3300000e-04  -3.5737100e-01  -1.1346000e-02
  -2.3627000e-02  -4.4498900e-01  -2.5131500e-01   8.5922500e-01  -8.2270000e-03  -3.6856900e-01  -1.7191000e-02
  -2.2214000e-02  -4.5030700e-01  -2.5723500e-01   8.5472800e-01  -1.2536000e-02  -3.7391200e-01  -2.0178000e-02
  -2.6132000e-02  -4.5925100e-01  -2.7118400e-01   8.4549700e-01  -2.1403000e-02  -3.8401500e-01  -2.6355000e-02
  -3.0862000e-02  -4.6872400e-01  -2.8398600e-01   8.3588100e-01  -3.0654000e-02  -3.9326300e-01  -3.2937000e-02
  -3.4961000e-02  -4.7912000e-01  -2.9503600e-01   8.2593900e-01  -4.0204000e-02  -4.0168400e-01  -3.9923000e-02
  -3.9150000e-02  -4.9020700e-01  -3.0464600e-01   8.1569300e-01  -5.0045000e-02  -4.0928500e-01  -4.7309000e-02
  -4.1724000e-02  -4.9601800e-01  -3.0915100e-01   8.1034000e-01  -5.5118000e-02  -4.1273700e-01  -5.1200000e-02
  -4.7718000e-02  -5.0751700e-01  -3.1774400e-01   7.9949200e-01  -6.5366000e-02  -4.1909600e-01  -5.9196000e-02
  -5.2974000e-02  -5.1999900e-01  -3.2431700e-01   7.8842400e-01  -7.5862000e-02  -4.2460200e-01  -6.7570000e-02
  -6.1064000e-02  -5.3197300e-01  -3.3122000e-01   7.7689700e-01  -8.6543000e-02  -4.2920400e-01  -7.6311000e-02
  -5.9006000e-02  -5.4106400e-01  -3.2972600e-01   7.7139400e-01  -9.2035000e-02  -4.3115700e-01  -8.0964000e-02
  -6.3998000e-02  -5.5628200e-01  -3.3153000e-01   7.5930400e-01  -1.0323100e-01  -4.3429000e-01  -9.0746000e-02
  -6.9937000e-02  -5.7165300e-01  -3.3228300e-01   7.4693300e-01  -1.1439100e-01  -4.3633500e-01  -1.0078200e-01
  -7.6194000e-02  -5.8715800e-01  -3.3166300e-01   7.3446600e-01  -1.2530700e-01  -4.3726900e-01  -1.1089900e-01
  -8.2560000e-02  -6.0275300e-01  -3.2945900e-01   7.2203200e-01  -1.3591300e-01  -4.3712500e-01  -1.2101900e-01
  -8.9366000e-02  -6.1806600e-01  -3.2561400e-01   7.0991800e-01  -1.4623500e-01  -4.3598700e-01  -1.3103300e-01
  -9.7053000e-02  -6.3288000e-01  -3.2078000e-01   6.9795700e-01  -1.5613500e-01  -4.3384300e-01  -1.4093300e-01
  -1.0785600e-01  -6.4606900e-01  -3.1710400e-01   6.8586200e-01  -1.6562900e-01  -4.3076200e-01  -1.5066700e-01
  -1.0964500e-01  -6.5424000e-01  -3.1125600e-01   6.8049100e-01  -1.7018700e-01  -4.2887500e-01  -1.5546400e-01
  -1.1767700e-01  -6.6832500e-01  -3.0270600e-01   6.6922500e-01  -1.7881100e-01  -4.2440300e-01  -1.6490600e-01
  -1.2627900e-01  -6.8176500e-01  -2.9346900e-01   6.5812300e-01  -1.8671900e-01  -4.1906700e-01  -1.7408900e-01
  -1.3493200e-01  -6.9465500e-01  -2.8322600e-01   6.4732600e-01  -1.9391600e-01  -4.1298800e-01  -1.8293900e-01
  -1.4335300e-01  -7.0705000e-01  -2.7193200e-01   6.3685400e-01  -2.0035100e-01  -4.0624000e-01  -1.9142900e-01
  -1.5107700e-01  -7.1899500e-01  -2.5905300e-01   6.2698800e-01  -2.0607500e-01  -3.9894800e-01  -1.9950300e-01
  -1.5812000e-01  -7.3030500e-01  -2.4470500e-01   6.1787600e-01  -2.1110500e-01  -3.9124700e-01  -2.0709800e-01
  -1.6528900e-01  -7.4073500e-01  -2.2994000e-01   6.0919500e-01  -2.1539800e-01  -3.8312400e-01  -2.1429100e-01
  -1.7304700e-01  -7.5011000e-01  -2.1565700e-01   6.0073400e-01  -2.1897600e-01  -3.7466600e-01  -2.2107600e-01
  -1.7406100e-01  -7.5550000e-01  -2.0493000e-01   5.9743300e-01  -2.2049400e-01  -3.7032500e-01  -2.2432400e-01
  -1.7934100e-01  -7.6450000e-01  -1.8762100e-01   5.9006400e-01  -2.2302500e-01  -3.6144700e-01  -2.3054900e-01
  -1.8462500e-01  -7.7271200e-01  -1.7066800e-01   5.8284000e-01  -2.2490600e-01  -3.5234800e-01  -2.3642100e-01
  -1.9017800e-01  -7.8012100e-01  -1.5451900e-01   5.7564500e-01  -2.2622800e-01  -3.4307000e-01  -2.4195000e-01
  -1.9511800e-01  -7.8697500e-01  -1.3797300e-01   5.6882500e-01  -2.2707000e-01  -3.3365900e-01  -2.4713000e-01
  -1.9953800e-01  -7.9324000e-01  -1.2114500e-01   5.6238700e-01  -2.2750000e-01  -3.2415200e-01  -2.5195700e-01
  -2.0385500e-01  -7.9880900e-01  -1.0467700e-01   5.5622800e-01  -2.2758000e-01  -3.1461800e-01  -2.5641300e-01
  -2.0574700e-01  -8.0137900e-01  -9.6210000e-02   5.5335600e-01  -2.2751400e-01  -3.0985000e-01  -2.5850100e-01
  -2.1008400e-01  -8.0591800e-01  -8.0523000e-02   5.4761100e-01  -2.2720800e-01  -3.0037200e-01  -2.6238600e-01
  -2.1532700e-01  -8.0972100e-01  -6.6781000e-02   5.4178200e-01  -2.2670300e-01  -2.9099800e-01  -2.6588900e-01
  -2.1968700e-01  -8.1306500e-01  -5.2289000e-02   5.3659100e-01  -2.2603700e-01  -2.8175900e-01  -2.6901500e-01
  -2.2418900e-01  -8.1583400e-01  -3.8299000e-02   5.3168300e-01  -2.2523300e-01  -2.7262300e-01  -2.7178700e-01
  -2.2623300e-01  -8.1656100e-01  -3.1904000e-02   5.3012200e-01  -2.2470000e-01  -2.6827000e-01  -2.7364900e-01
  -2.2775800e-01  -8.1671500e-01  -2.5922000e-02   5.2955700e-01  -2.2403500e-01  -2.6408200e-01  -2.7621200e-01
  -2.2712900e-01  -8.1610700e-01  -9.6430000e-03   5.3130900e-01  -2.2243300e-01  -2.5583700e-01  -2.8204400e-01
  -2.2958600e-01  -8.1445800e-01   2.1960000e-03   5.3286400e-01  -2.2038400e-01  -2.4710400e-01  -2.8818400e-01
  -2.3215700e-01  -8.1233500e-01   1.3352000e-02   5.3482500e-01  -2.1816100e-01  -2.3838800e-01  -2.9396800e-01
  -2.3467200e-01  -8.0992100e-01   2.3754000e-02   5.3702200e-01  -2.1585600e-01  -2.2990700e-01  -2.9922800e-01
  -2.3635900e-01  -8.0866200e-01   2.7960000e-02   5.3797600e-01  -2.1467800e-01  -2.2576600e-01  -3.0167000e-01
  -2.3932200e-01  -8.0601100e-01   3.6313000e-02   5.4014100e-01  -2.1227600e-01  -2.1769400e-01  -3.0621600e-01
  -2.4154700e-01  -8.0316400e-01   4.4946000e-02   5.4273600e-01  -2.0981500e-01  -2.0989500e-01  -3.1034500e-01
  -2.4310100e-01  -8.0012400e-01   5.3819000e-02   5.4571700e-01  -2.0729600e-01  -2.0235800e-01  -3.1409300e-01
  -2.4376000e-01  -7.9686200e-01   6.3252000e-02   5.4917400e-01  -2.0474300e-01  -1.9510100e-01  -3.1750100e-01
  -2.4352000e-01  -7.9335800e-01   7.3233000e-02   5.5309900e-01  -2.0217400e-01  -1.8812200e-01  -3.2062200e-01
  -2.4322400e-01  -7.8967700e-01   8.2562000e-02   5.5716800e-01  -1.9957500e-01  -1.8142500e-01  -3.2350300e-01
  -2.4393600e-01  -7.8599700e-01   8.9759000e-02   5.6093400e-01  -1.9693500e-01  -1.7500300e-01  -3.2618100e-01
  -2.4390200e-01  -7.8404800e-01   9.3629000e-02   5.6304000e-01  -1.9560300e-01  -1.7189800e-01  -3.2745800e-01
  -2.4428700e-01  -7.8009600e-01   1.0028200e-01   5.6720100e-01  -1.9290200e-01  -1.6587900e-01  -3.2990500e-01
  -2.4397500e-01  -7.7590100e-01   1.0721900e-01   5.7180300e-01  -1.9016500e-01  -1.6015200e-01  -3.3220300e-01
  -2.4360900e-01  -7.7161300e-01   1.1357300e-01   5.7651500e-01  -1.8741500e-01  -1.5471500e-01  -3.3435800e-01
  -2.4375200e-01  -7.6739800e-01   1.1857900e-01   5.8105500e-01  -1.8466300e-01  -1.4958000e-01  -3.3637800e-01
  -2.4423900e-01  -7.6324300e-01   1.2250900e-01   5.8549100e-01  -1.8190800e-01  -1.4474600e-01  -3.3827400e-01
  -2.4473700e-01  -7.5910400e-01   1.2579000e-01   5.8995000e-01  -1.7914500e-01  -1.4021200e-01  -3.4006200e-01
  -2.4520900e-01  -7.5497400e-01   1.2852300e-01   5.9444800e-01  -1.7638100e-01  -1.3594000e-01  -3.4176900e-01
  -2.4543900e-01  -7.5292800e-01   1.2970700e-01   5.9668700e-01  -1.7500800e-01  -1.3390500e-01  -3.4258400e-01
  -2.4483800e-01  -7.5069800e-01   1.3184300e-01   5.9927000e-01  -1.7363700e-01  -1.3193600e-01  -3.4336900e-01
  -2.4603500e-01  -7.4657400e-01   1.3281300e-01   6.0370100e-01  -1.7074200e-01  -1.2802100e-01  -3.4495200e-01
  -2.4785400e-01  -7.4262000e-01   1.3255800e-01   6.0787500e-01  -1.6785400e-01  -1.2433500e-01  -3.4646700e-01
  -2.4936500e-01  -7.3872700e-01   1.3230800e-01   6.1204100e-01  -1.6506500e-01  -1.2092500e-01  -3.4788700e-01
  -2.5050100e-01  -7.3488300e-01   1.3221800e-01   6.1621000e-01  -1.6240000e-01  -1.1778900e-01  -3.4921200e-01
  -2.5135800e-01  -7.3111300e-01   1.3220100e-01   6.2033500e-01  -1.5984800e-01  -1.1492700e-01  -3.5043600e-01
  -2.5139700e-01  -7.2731600e-01   1.3290800e-01   6.2461700e-01  -1.5741200e-01  -1.1230900e-01  -3.5156800e-01
  -2.5141800e-01  -7.2364600e-01   1.3338000e-01   6.2875600e-01  -1.5508300e-01  -1.0989600e-01  -3.5264000e-01
  -2.5197900e-01  -7.2197100e-01   1.3291700e-01   6.3055300e-01  -1.5395700e-01  -1.0876300e-01  -3.5315300e-01
  -2.5304700e-01  -7.1867700e-01   1.3192400e-01   6.3408700e-01  -1.5177000e-01  -1.0663300e-01  -3.5413800e-01
  -2.5383600e-01  -7.1539300e-01   1.3110300e-01   6.3764600e-01  -1.4966400e-01  -1.0466400e-01  -3.5508500e-01
  -2.5489100e-01  -7.1222500e-01   1.2981500e-01   6.4102600e-01  -1.4762200e-01  -1.0283500e-01  -3.5600600e-01
  -2.5833900e-01  -7.0953900e-01   1.2560800e-01   6.4345800e-01  -1.4560300e-01  -1.0115900e-01  -3.5693700e-01
  -2.6310400e-01  -7.0707000e-01   1.1970600e-01   6.4536700e-01  -1.4359700e-01  -9.9648000e-02  -3.5788000e-01
  -2.6518600e-01  -7.0410400e-01   1.1648600e-01   6.4834000e-01  -1.4160500e-01  -9.8306000e-02  -3.5882100e-01
  -2.6923200e-01  -7.0315700e-01   1.1153800e-01   6.4857100e-01  -1.4061700e-01  -9.7692000e-02  -3.5928600e-01
  -2.7109900e-01  -7.0019500e-01   1.0828000e-01   6.5154300e-01  -1.3867100e-01  -9.6575000e-02  -3.6019900e-01
  -2.6980700e-01  -6.9680800e-01   1.0822500e-01   6.5570500e-01  -1.3678000e-01  -9.5611000e-02  -3.6107700e-01
  -2.6829700e-01  -6.9354200e-01   1.0826700e-01   6.5976900e-01  -1.3497800e-01  -9.4788000e-02  -3.6190300e-01
  -2.6802500e-01  -6.9204700e-01   1.0775300e-01   6.6153100e-01  -1.3411400e-01  -9.4426000e-02  -3.6229300e-01
  -2.6688700e-01  -6.8905000e-01   1.0730100e-01   6.6518300e-01  -1.3245000e-01  -9.3800000e-02  -3.6304300e-01
  -2.6584700e-01  -6.8623300e-01   1.0669700e-01   6.6860000e-01  -1.3087400e-01  -9.3307000e-02  -3.6373100e-01
  -2.6520000e-01  -6.8370500e-01   1.0575900e-01   6.7158900e-01  -1.2943100e-01  -9.2927000e-02  -3.6434000e-01
  -2.6523400e-01  -6.8152000e-01   1.0423200e-01   6.7403100e-01  -1.2813500e-01  -9.2641000e-02  -3.6487500e-01
  -2.6532700e-01  -6.8052700e-01   1.0343000e-01   6.7511900e-01  -1.2754200e-01  -9.2527000e-02  -3.6512000e-01
  -2.6538900e-01  -6.7868100e-01   1.0203900e-01   6.7716200e-01  -1.2644800e-01  -9.2344000e-02  -3.6556200e-01
  -2.6509300e-01  -6.7696900e-01   1.0112800e-01   6.7912500e-01  -1.2547700e-01  -9.2213000e-02  -3.6595200e-01
  -2.6501800e-01  -6.7546100e-01   1.0011700e-01   6.8080400e-01  -1.2462600e-01  -9.2122000e-02  -3.6630200e-01
  -2.6503100e-01  -6.7414000e-01   9.9115000e-02   6.8225300e-01  -1.2388200e-01  -9.2078000e-02  -3.6661100e-01
  -2.6511100e-01  -6.7298700e-01   9.8117000e-02   6.8350400e-01  -1.2323000e-01  -9.2060000e-02  -3.6688800e-01
  -2.6492600e-01  -6.7192300e-01   9.7516000e-02   6.8470700e-01  -1.2266100e-01  -9.2043000e-02  -3.6712900e-01
  -2.6436400e-01  -6.7135800e-01   9.7712000e-02   6.8545000e-01  -1.2239800e-01  -9.2034000e-02  -3.6724000e-01
  -2.6397000e-01  -6.7039500e-01   9.7439000e-02   6.8658300e-01  -1.2190900e-01  -9.2018000e-02  -3.6744400e-01
  -2.6427600e-01  -6.6962500e-01   9.6537000e-02   6.8734400e-01  -1.2146400e-01  -9.1999000e-02  -3.6762600e-01
  -2.6448700e-01  -6.6896300e-01   9.5798000e-02   6.8801000e-01  -1.2107400e-01  -9.1951000e-02  -3.6778200e-01
  -2.6407800e-01  -6.6831600e-01   9.5751000e-02   6.8880200e-01  -1.2072600e-01  -9.1873000e-02  -3.6790800e-01
  -2.6365800e-01  -6.6800500e-01   9.5952000e-02   6.8923700e-01  -1.2056400e-01  -9.1820000e-02  -3.6796300e-01
  -2.6254100e-01  -6.6742000e-01   9.6655000e-02   6.9013100e-01  -1.2026500e-01  -9.1687000e-02  -3.6805300e-01
  -2.6208800e-01  -6.6702500e-01   9.6765000e-02   6.9067000e-01  -1.2000800e-01  -9.1524000e-02  -3.6812700e-01
  -2.6172800e-01  -6.6671100e-01   9.6845000e-02   6.9109700e-01  -1.1979600e-01  -9.1337000e-02  -3.6819100e-01
  -2.6109700e-01  -6.6642600e-01   9.7216000e-02   6.9155900e-01  -1.1961500e-01  -9.1138000e-02  -3.6824500e-01
