   2.7027700e-01  -1.1622700e-01  -5.6119000e-02   9.5409200e-01   1.5213500e-01  -2.5484700e-01   7.7820000e-02
   2.7267800e-01  -1.1659200e-01  -5.6269000e-02   9.5335600e-01   1.5200800e-01  -2.5481800e-01   7.8067000e-02
   2.7601100e-01  -1.1736900e-01  -5.7045000e-02   9.5225400e-01   1.5167400e-01  -2.5488000e-01   7.8648000e-02
   2.8007100e-01  -1.1836200e-01  -5.8181000e-02   9.5087600e-01   1.5119900e-01  -2.5513900e-01   7.9404000e-02
   2.8404000e-01  -1.1948100e-01  -5.9758000e-02   9.4946000e-01   1.5057300e-01  -2.5564500e-01   8.0345000e-02
   2.8526700e-01  -1.2006800e-01  -6.0831000e-02   9.4895000e-01   1.5019200e-01  -2.5601700e-01   8.0879000e-02
   2.8656400e-01  -1.2072700e-01  -6.1995000e-02   9.4840000e-01   1.4976300e-01  -2.5646000e-01   8.1451000e-02
   2.9101500e-01  -1.2173100e-01  -6.2866000e-02   9.4685800e-01   1.4925300e-01  -2.5697000e-01   8.2083000e-02
   2.9483400e-01  -1.2289200e-01  -6.4267000e-02   9.4543100e-01   1.4860400e-01  -2.5773100e-01   8.2840000e-02
   2.9653100e-01  -1.2422400e-01  -6.6379000e-02   9.4458000e-01   1.4777000e-01  -2.5874700e-01   8.3724000e-02
   2.9857800e-01  -1.2597000e-01  -6.8906000e-02   9.4352200e-01   1.4672300e-01  -2.6004100e-01   8.4727000e-02
   2.9980000e-01  -1.2810000e-01  -7.2045000e-02   9.4261300e-01   1.4544200e-01  -2.6164600e-01   8.5832000e-02
   3.0078800e-01  -1.3073600e-01  -7.5770000e-02   9.4164400e-01   1.4390200e-01  -2.6360300e-01   8.7007000e-02
   3.0306400e-01  -1.3405700e-01  -7.9782000e-02   9.4011500e-01   1.4208200e-01  -2.6589600e-01   8.8221000e-02
   3.0247300e-01  -1.3400600e-01  -7.9866000e-02   9.4030500e-01   1.4208200e-01  -2.6589600e-01   8.8221000e-02
   3.0344100e-01  -1.3785100e-01  -8.4599000e-02   9.3902300e-01   1.3996100e-01  -2.6858900e-01   8.9438000e-02
   3.0259000e-01  -1.4221200e-01  -9.0239000e-02   9.3812200e-01   1.3752500e-01  -2.7171200e-01   9.0618000e-02
   3.0050400e-01  -1.4718700e-01  -9.6787000e-02   9.3737200e-01   1.3475200e-01  -2.7529500e-01   9.1717000e-02
   2.9910500e-01  -1.5309000e-01  -1.0401100e-01   9.3609900e-01   1.3159700e-01  -2.7934700e-01   9.2693000e-02
   3.0015200e-01  -1.6015200e-01  -1.1151000e-01   9.3371600e-01   1.2802300e-01  -2.8390000e-01   9.3517000e-02
   3.0282100e-01  -1.6841900e-01  -1.1939400e-01   9.3041900e-01   1.2401800e-01  -2.8892900e-01   9.4125000e-02
   3.0526100e-01  -1.7770100e-01  -1.2791400e-01   9.2675600e-01   1.1956500e-01  -2.9438200e-01   9.4489000e-02
   3.0892300e-01  -1.8824700e-01  -1.3671200e-01   9.2219300e-01   1.1464400e-01  -3.0021400e-01   9.4580000e-02
   3.1543800e-01  -2.0042200e-01  -1.4530500e-01   9.1608800e-01   1.0922100e-01  -3.0638000e-01   9.4367000e-02
   3.2177800e-01  -2.1387200e-01  -1.5412500e-01   9.0937500e-01   1.0327300e-01  -3.1281200e-01   9.3809000e-02
   3.2639600e-01  -2.2831500e-01  -1.6343000e-01   9.0256800e-01   9.6783000e-02  -3.1944400e-01   9.2900000e-02
   3.2554100e-01  -2.4298800e-01  -1.7428000e-01   8.9699800e-01   8.9753000e-02  -3.2612000e-01   9.1651000e-02
   3.2171700e-01  -2.5805000e-01  -1.8612100e-01   8.9177800e-01   8.2228000e-02  -3.3276400e-01   9.0078000e-02
   3.1844500e-01  -2.7407400e-01  -1.9771700e-01   8.8565400e-01   7.4163000e-02  -3.3932200e-01   8.8242000e-02
   3.1815700e-01  -2.9155600e-01  -2.0803400e-01   8.7777700e-01   6.5625000e-02  -3.4571600e-01   8.6125000e-02
   3.1815700e-01  -2.9155600e-01  -2.0803400e-01   8.7777700e-01   6.5625000e-02  -3.4571600e-01   8.6125000e-02
   3.1994100e-01  -3.1034300e-01  -2.1714700e-01   8.6843100e-01   5.6672000e-02  -3.5191200e-01   8.3708000e-02
   3.1740200e-01  -3.2871700e-01  -2.2722300e-01   8.5998300e-01   4.7366000e-02  -3.5781700e-01   8.1030000e-02
   3.1266700e-01  -3.4698100e-01  -2.3750500e-01   8.5172500e-01   3.7775000e-02  -3.6333800e-01   7.8121000e-02
   3.0814900e-01  -3.6577100e-01  -2.4695400e-01   8.4277500e-01   2.7961000e-02  -3.6838600e-01   7.4953000e-02
   3.0178200e-01  -3.8449000e-01  -2.5635700e-01   8.3389200e-01   1.7966000e-02  -3.7291300e-01   7.1511000e-02
   3.0178200e-01  -3.8449000e-01  -2.5635700e-01   8.3389200e-01   1.7966000e-02  -3.7291300e-01   7.1511000e-02
   3.0178200e-01  -3.8449000e-01  -2.5635700e-01   8.3389200e-01   1.7966000e-02  -3.7291300e-01   7.1511000e-02
   3.0178200e-01  -3.8449000e-01  -2.5635700e-01   8.3389200e-01   1.7966000e-02  -3.7291300e-01   7.1511000e-02
   2.7302100e-01  -4.4012500e-01  -2.9045800e-01   8.0460200e-01  -1.4742000e-02  -3.9176200e-01   5.8177000e-02
   2.6786100e-01  -4.4836600e-01  -2.9752300e-01   7.9918600e-01  -2.0292000e-02  -3.9765200e-01   5.5043000e-02
   2.6111200e-01  -4.6587900e-01  -3.0827200e-01   7.8723900e-01  -3.1089000e-02  -4.0949400e-01   4.7883000e-02
   2.5801300e-01  -4.8519000e-01  -3.1497000e-01   7.7383100e-01  -4.1954000e-02  -4.2063900e-01   3.9941000e-02
   2.5408700e-01  -5.0387800e-01  -3.2057800e-01   7.6077400e-01  -5.2714000e-02  -4.3070800e-01   3.1766000e-02
   2.4890100e-01  -5.2191500e-01  -3.2530600e-01   7.4821700e-01  -6.3398000e-02  -4.3960300e-01   2.3410000e-02
   2.4559800e-01  -5.4068700e-01  -3.2697300e-01   7.3513800e-01  -7.3948000e-02  -4.4739500e-01   1.4844000e-02
   2.4399000e-01  -5.4987400e-01  -3.2719000e-01   7.2873400e-01  -7.9084000e-02  -4.5090800e-01   1.0528000e-02
   2.4035900e-01  -5.6828000e-01  -3.2630600e-01   7.1610700e-01  -8.9287000e-02  -4.5711300e-01   1.6640000e-03
   2.3521200e-01  -5.8601000e-01  -3.2468500e-01   7.0416400e-01  -9.9252000e-02  -4.6228600e-01  -7.4750000e-03
   2.3247600e-01  -5.9465200e-01  -3.2342500e-01   6.9838400e-01  -1.0407300e-01  -4.6451900e-01  -1.2120000e-02
   2.2509300e-01  -6.1129200e-01  -3.2100900e-01   6.8746600e-01  -1.1350600e-01  -4.6827000e-01  -2.1863000e-02
   2.1961100e-01  -6.2938200e-01  -3.1431200e-01   6.7591200e-01  -1.2271100e-01  -4.7104300e-01  -3.2410000e-02
   2.1315400e-01  -6.4666100e-01  -3.0640200e-01   6.6521700e-01  -1.3148600e-01  -4.7282800e-01  -4.3211000e-02
   2.0635800e-01  -6.6321700e-01  -2.9691400e-01   6.5528700e-01  -1.3968900e-01  -4.7361600e-01  -5.4185000e-02
   2.0021700e-01  -6.7939300e-01  -2.8489500e-01   6.4589000e-01  -1.4723300e-01  -4.7341000e-01  -6.5313000e-02
   1.9489200e-01  -6.9510800e-01  -2.6984000e-01   6.3720400e-01  -1.5399400e-01  -4.7217000e-01  -7.6632000e-02
   1.8812200e-01  -7.0936100e-01  -2.5417300e-01   6.2993100e-01  -1.5997200e-01  -4.6990400e-01  -8.8148000e-02
   1.8006700e-01  -7.2220200e-01  -2.3765800e-01   6.2411500e-01  -1.6507900e-01  -4.6655600e-01  -9.9896000e-02
   1.7003600e-01  -7.3330800e-01  -2.2164200e-01   6.1985700e-01  -1.6933600e-01  -4.6219900e-01  -1.1170800e-01
   1.6754200e-01  -7.3935100e-01  -2.0999800e-01   6.1740600e-01  -1.7116300e-01  -4.5965600e-01  -1.1760900e-01
   1.5824700e-01  -7.4899600e-01  -1.9056400e-01   6.1453100e-01  -1.7423400e-01  -4.5388200e-01  -1.2930600e-01
   1.4741700e-01  -7.5696300e-01  -1.7151900e-01   6.1307100e-01  -1.7643100e-01  -4.4715700e-01  -1.4085600e-01
   1.3585800e-01  -7.6352000e-01  -1.5238600e-01   6.1266500e-01  -1.7773500e-01  -4.3954600e-01  -1.5212800e-01
   1.2520600e-01  -7.6905300e-01  -1.3150900e-01   6.1285100e-01  -1.7824600e-01  -4.3118600e-01  -1.6296300e-01
   1.1388500e-01  -7.7313900e-01  -1.1129900e-01   6.1392000e-01  -1.7798300e-01  -4.2220200e-01  -1.7322100e-01
   1.0455600e-01  -7.7621000e-01  -8.8434000e-02   6.1542300e-01  -1.7693000e-01  -4.1263200e-01  -1.8286200e-01
   9.2558000e-02  -7.7750300e-01  -6.9149000e-02   6.1817600e-01  -1.7510300e-01  -4.0261400e-01  -1.9175900e-01
   8.6769000e-02  -7.7775600e-01  -5.9632000e-02   6.1968600e-01  -1.7394800e-01  -3.9752200e-01  -1.9588500e-01
   7.5641000e-02  -7.7753600e-01  -4.0946000e-02   6.2292800e-01  -1.7115400e-01  -3.8721400e-01  -2.0349800e-01
   6.4837000e-02  -7.7638600e-01  -2.2952000e-02   6.2649400e-01  -1.6770200e-01  -3.7671400e-01  -2.1030900e-01
   5.4220000e-02  -7.7440200e-01  -5.7930000e-03   6.3034000e-01  -1.6364600e-01  -3.6605100e-01  -2.1633900e-01
   4.3443000e-02  -7.7173000e-01   9.8900000e-03   6.3438800e-01  -1.5912800e-01  -3.5537700e-01  -2.2155600e-01
   3.3682000e-02  -7.6851300e-01   2.5402000e-02   6.3844200e-01  -1.5426000e-01  -3.4478700e-01  -2.2598000e-01
   2.4577000e-02  -7.6480800e-01   4.0519000e-02   6.4251300e-01  -1.4907600e-01  -3.3423300e-01  -2.2968100e-01
   1.5793000e-02  -7.6074300e-01   5.4850000e-02   6.4653900e-01  -1.4375000e-01  -3.2382500e-01  -2.3269000e-01
   1.1856000e-02  -7.5857400e-01   6.2058000e-02   6.4851600e-01  -1.4106000e-01  -3.1871300e-01  -2.3393900e-01
   5.8790000e-03  -7.5394900e-01   7.7540000e-02   6.5231400e-01  -1.3568700e-01  -3.0872200e-01  -2.3596600e-01
   1.6320000e-03  -7.4904600e-01   9.3494000e-02   6.5588600e-01  -1.3045200e-01  -2.9912000e-01  -2.3743000e-01
  -1.7910000e-03  -7.4401100e-01   1.0894000e-01   6.5922400e-01  -1.2542500e-01  -2.8993800e-01  -2.3841000e-01
  -4.2540000e-03  -7.3883500e-01   1.2415800e-01   6.6233600e-01  -1.2066100e-01  -2.8119600e-01  -2.3897800e-01
  -5.8100000e-03  -7.3349800e-01   1.3901300e-01   6.6529900e-01  -1.1609100e-01  -2.7290200e-01  -2.3915500e-01
  -7.4510000e-03  -7.2819900e-01   1.5254600e-01   6.6813200e-01  -1.1164700e-01  -2.6496400e-01  -2.3898300e-01
  -1.0936000e-02  -7.2344200e-01   1.6305500e-01   6.7076500e-01  -1.0731000e-01  -2.5727400e-01  -2.3852100e-01
  -1.4532000e-02  -7.1895500e-01   1.7258400e-01   6.7313200e-01  -1.0312600e-01  -2.4978600e-01  -2.3783500e-01
  -2.1576000e-02  -7.1817300e-01   1.7147700e-01   6.7406000e-01  -1.0110800e-01  -2.4611800e-01  -2.3742500e-01
  -2.8728000e-02  -7.1512300e-01   1.7623300e-01   6.7580700e-01  -9.7296000e-02  -2.3898000e-01  -2.3651500e-01
  -3.4502000e-02  -7.1214700e-01   1.8174000e-01   6.7722000e-01  -9.3864000e-02  -2.3222000e-01  -2.3554300e-01
  -3.9335000e-02  -7.0948200e-01   1.8730300e-01   6.7823700e-01  -9.0946000e-02  -2.2602500e-01  -2.3461200e-01
  -4.4033000e-02  -7.0730700e-01   1.9214800e-01   6.7886500e-01  -8.8557000e-02  -2.2044100e-01  -2.3377400e-01
  -4.8733000e-02  -7.0562500e-01   1.9618800e-01   6.7913800e-01  -8.6685000e-02  -2.1549100e-01  -2.3307000e-01
  -5.3666000e-02  -7.0448700e-01   1.9916400e-01   6.7908100e-01  -8.5278000e-02  -2.1116500e-01  -2.3251300e-01
  -5.7940000e-02  -7.0362800e-01   2.0201500e-01   6.7877900e-01  -8.4317000e-02  -2.0746100e-01  -2.3213300e-01
  -6.0028000e-02  -7.0334600e-01   2.0320600e-01   6.7853400e-01  -8.3985000e-02  -2.0582200e-01  -2.3200800e-01
  -6.4088000e-02  -7.0307700e-01   2.0509300e-01   6.7787300e-01  -8.3586000e-02  -2.0296100e-01  -2.3188800e-01
  -6.8097000e-02  -7.0321600e-01   2.0620700e-01   6.7700000e-01  -8.3497000e-02  -2.0061600e-01  -2.3192800e-01
  -7.1332000e-02  -7.0338900e-01   2.0738100e-01   6.7612800e-01  -8.3589000e-02  -1.9871700e-01  -2.3205500e-01
  -7.3977000e-02  -7.0357800e-01   2.0847200e-01   6.7531100e-01  -8.3790000e-02  -1.9720300e-01  -2.3222700e-01
  -7.6525000e-02  -7.0388600e-01   2.0898000e-01   6.7454800e-01  -8.4032000e-02  -1.9602500e-01  -2.3240900e-01
  -7.8580000e-02  -7.0416000e-01   2.0937400e-01   6.7390300e-01  -8.4267000e-02  -1.9511400e-01  -2.3257700e-01
  -7.9479000e-02  -7.0425600e-01   2.0946300e-01   6.7367100e-01  -8.4391000e-02  -1.9482200e-01  -2.3265200e-01
  -8.0043000e-02  -7.0412500e-01   2.1046300e-01   6.7342800e-01  -8.4580000e-02  -1.9438900e-01  -2.3276300e-01
  -8.0540000e-02  -7.0402300e-01   2.1083100e-01   6.7336100e-01  -8.4654000e-02  -1.9419000e-01  -2.3279300e-01
  -8.1342000e-02  -7.0415800e-01   2.1017800e-01   6.7332700e-01  -8.4647000e-02  -1.9418100e-01  -2.3277600e-01
  -8.2440000e-02  -7.0427400e-01   2.0910400e-01   6.7340800e-01  -8.4564000e-02  -1.9424900e-01  -2.3269500e-01
  -8.2665000e-02  -7.0414400e-01   2.0850000e-01   6.7370200e-01  -8.4450000e-02  -1.9452800e-01  -2.3258500e-01
  -8.1964000e-02  -7.0374900e-01   2.0843600e-01   6.7422000e-01  -8.4277000e-02  -1.9497200e-01  -2.3242900e-01
  -8.1690000e-02  -7.0349100e-01   2.0759100e-01   6.7478400e-01  -8.4032000e-02  -1.9552500e-01  -2.3222100e-01
  -8.1474000e-02  -7.0323200e-01   2.0641600e-01   6.7544000e-01  -8.3697000e-02  -1.9613600e-01  -2.3195000e-01
  -8.1466000e-02  -7.0307800e-01   2.0470400e-01   6.7612200e-01  -8.3300000e-02  -1.9681600e-01  -2.3163800e-01
  -8.0699000e-02  -7.0274600e-01   2.0359200e-01   6.7689500e-01  -8.2895000e-02  -1.9754600e-01  -2.3132000e-01
  -7.9473000e-02  -7.0234800e-01   2.0276700e-01   6.7770000e-01  -8.2503000e-02  -1.9833700e-01  -2.3101200e-01
  -7.8358000e-02  -7.0204500e-01   2.0173600e-01   6.7845100e-01  -8.2138000e-02  -1.9915400e-01  -2.3072200e-01
  -7.7495000e-02  -7.0187700e-01   2.0043400e-01   6.7911000e-01  -8.1801000e-02  -1.9995400e-01  -2.3045600e-01
  -7.7886000e-02  -7.0198300e-01   1.9892500e-01   6.7939900e-01  -8.1634000e-02  -2.0041200e-01  -2.3031100e-01
  -7.7529000e-02  -7.0183900e-01   1.9700800e-01   6.8014700e-01  -8.1303000e-02  -2.0139100e-01  -2.3001400e-01
  -7.6367000e-02  -7.0153800e-01   1.9588400e-01   6.8091300e-01  -8.1003000e-02  -2.0235600e-01  -2.2974200e-01
  -7.4771000e-02  -7.0119000e-01   1.9525600e-01   6.8162800e-01  -8.0725000e-02  -2.0324000e-01  -2.2949700e-01
  -7.3691000e-02  -7.0102000e-01   1.9421800e-01   6.8221700e-01  -8.0456000e-02  -2.0403000e-01  -2.2926700e-01
  -7.3145000e-02  -7.0101800e-01   1.9267100e-01   6.8271700e-01  -8.0219000e-02  -2.0482300e-01  -2.2905600e-01
  -7.2589000e-02  -7.0097200e-01   1.9122000e-01   6.8323100e-01  -7.9989000e-02  -2.0560800e-01  -2.2884400e-01
  -7.1312000e-02  -7.0072600e-01   1.9060900e-01   6.8378800e-01  -7.9757000e-02  -2.0632600e-01  -2.2863500e-01
  -7.0519000e-02  -7.0056100e-01   1.9050200e-01   6.8406900e-01  -7.9640000e-02  -2.0665700e-01  -2.2853100e-01
