   1.0927900e-01  -2.1368900e-01  -2.0629000e-02   9.7055100e-01   1.5151300e-01  -2.2654800e-01   7.8850000e-03
   1.0567300e-01  -2.1399300e-01  -2.0592000e-02   9.7088400e-01   1.5166100e-01  -2.2628500e-01   7.1160000e-03
   1.0375600e-01  -2.1447400e-01  -2.0141000e-02   9.7099400e-01   1.5178200e-01  -2.2601100e-01   6.2840000e-03
   1.0260700e-01  -2.1474600e-01  -1.9968000e-02   9.7106000e-01   1.5182900e-01  -2.2587600e-01   5.8740000e-03
   9.8567000e-02  -2.1527600e-01  -2.0119000e-02   9.7135800e-01   1.5189600e-01  -2.2564800e-01   5.1030000e-03
   9.1878000e-02  -2.1582600e-01  -2.1088000e-02   9.7187100e-01   1.5190000e-01  -2.2550100e-01   4.4400000e-03
   8.3052000e-02  -2.1640300e-01  -2.2865000e-02   9.7249600e-01   1.5182000e-01  -2.2547400e-01   3.9310000e-03
   7.2007000e-02  -2.1697500e-01  -2.5554000e-02   9.7318200e-01   1.5165600e-01  -2.2559900e-01   3.5930000e-03
   5.7006000e-02  -2.1761100e-01  -2.9610000e-02   9.7391900e-01   1.5134800e-01  -2.2589500e-01   3.4410000e-03
   4.7339000e-02  -2.1875700e-01  -3.3070000e-02   9.7406900e-01   1.5083100e-01  -2.2640300e-01   3.4660000e-03
   1.8922000e-02  -2.1859800e-01  -4.0263000e-02   9.7480000e-01   1.5044200e-01  -2.2681500e-01   3.5830000e-03
  -1.4180000e-02  -2.1908900e-01  -4.9348000e-02   9.7435300e-01   1.4940800e-01  -2.2809400e-01   3.9810000e-03
  -3.3304000e-02  -2.2042500e-01  -5.5969000e-02   9.7322700e-01   1.4806500e-01  -2.2995800e-01   4.5020000e-03
  -4.0632000e-02  -2.2131600e-01  -5.9040000e-02   9.7256500e-01   1.4729300e-01  -2.3107100e-01   4.7720000e-03
  -4.4861000e-02  -2.2245800e-01  -6.1540000e-02   9.7196300e-01   1.4646300e-01  -2.3227800e-01   5.0440000e-03
  -5.1502000e-02  -2.2355500e-01  -6.4667000e-02   9.7117900e-01   1.4554300e-01  -2.3358400e-01   5.3430000e-03
  -5.5074000e-02  -2.2511400e-01  -6.7321000e-02   9.7044200e-01   1.4446400e-01  -2.3510500e-01   5.6400000e-03
  -5.6159000e-02  -2.2718200e-01  -6.9709000e-02   9.6972900e-01   1.4319000e-01  -2.3690600e-01   5.9180000e-03
  -5.6655000e-02  -2.2971800e-01  -7.2340000e-02   9.6891000e-01   1.4167600e-01  -2.3901900e-01   6.1750000e-03
  -5.6638000e-02  -2.3273900e-01  -7.5197000e-02   9.6797200e-01   1.3990500e-01  -2.4147000e-01   6.3860000e-03
  -5.6518000e-02  -2.3625300e-01  -7.8397000e-02   9.6687300e-01   1.3786900e-01  -2.4423700e-01   6.5210000e-03
  -5.6124000e-02  -2.4027800e-01  -8.1943000e-02   9.6561000e-01   1.3556900e-01  -2.4730700e-01   6.5530000e-03
  -5.8697000e-02  -2.4452400e-01  -8.6690000e-02   9.6397500e-01   1.3299900e-01  -2.5066600e-01   6.4770000e-03
  -5.5272000e-02  -2.4483000e-01  -8.5821000e-02   9.6417700e-01   1.3299900e-01  -2.5066600e-01   6.4770000e-03
  -5.6243000e-02  -2.4970300e-01  -9.0646000e-02   9.6242800e-01   1.3014000e-01  -2.5432500e-01   6.2860000e-03
  -5.7877000e-02  -2.5499800e-01  -9.6120000e-02   9.6041000e-01   1.2697400e-01  -2.5826700e-01   5.9790000e-03
  -6.0042000e-02  -2.6072100e-01  -1.0215600e-01   9.5811400e-01   1.2348800e-01  -2.6245900e-01   5.5500000e-03
  -6.1967000e-02  -2.6691400e-01  -1.0857800e-01   9.5557700e-01   1.1969300e-01  -2.6685900e-01   4.9960000e-03
  -6.3178000e-02  -2.7364900e-01  -1.1527200e-01   9.5280500e-01   1.1557700e-01  -2.7144400e-01   4.3080000e-03
  -6.5403000e-02  -2.8070300e-01  -1.2265100e-01   9.4967600e-01   1.1111500e-01  -2.7620600e-01   3.5080000e-03
  -6.9927000e-02  -2.8786500e-01  -1.3103300e-01   9.4608400e-01   1.0628900e-01  -2.8114100e-01   2.5960000e-03
  -7.6172000e-02  -2.9513900e-01  -1.4020400e-01   9.4203700e-01   1.0105700e-01  -2.8625300e-01   1.6020000e-03
  -8.3747000e-02  -3.0246400e-01  -1.5016000e-01   9.3752500e-01   9.5458000e-02  -2.9150700e-01   5.0700000e-04
  -9.2586000e-02  -3.0977300e-01  -1.6085500e-01   9.3252000e-01   8.9497000e-02  -2.9687400e-01  -6.9400000e-04
  -1.0223200e-01  -3.1706500e-01  -1.7206200e-01   9.2704500e-01   8.3155000e-02  -3.0234800e-01  -1.9790000e-03
  -1.1122500e-01  -3.2455700e-01  -1.8325100e-01   9.2125500e-01   7.6438000e-02  -3.0791500e-01  -3.3470000e-03
  -1.1884900e-01  -3.3237700e-01  -1.9408800e-01   9.1527600e-01   6.9357000e-02  -3.1353700e-01  -4.7820000e-03
  -1.2601200e-01  -3.4038400e-01  -2.0476800e-01   9.0902700e-01   6.1907000e-02  -3.1916900e-01  -6.2840000e-03
  -1.3415100e-01  -3.4823000e-01  -2.1576400e-01   9.0232200e-01   5.4105000e-02  -3.2476800e-01  -7.8480000e-03
  -1.4305500e-01  -3.5587700e-01  -2.2708300e-01   8.9516500e-01   4.6005000e-02  -3.3028200e-01  -9.4830000e-03
  -1.5068000e-01  -3.6382200e-01  -2.3779600e-01   8.8790900e-01   3.7593000e-02  -3.3568400e-01  -1.1151000e-02
  -1.5200800e-01  -3.6346600e-01  -2.3834000e-01   8.8768200e-01   3.7593000e-02  -3.3568400e-01  -1.1151000e-02
  -1.6070300e-01  -3.7104800e-01  -2.4940100e-01   8.7994200e-01   2.8911000e-02  -3.4093200e-01  -1.2855000e-02
  -1.6815300e-01  -3.7891000e-01  -2.5981200e-01   8.7215200e-01   1.9999000e-02  -3.4598000e-01  -1.4593000e-02
  -1.7467000e-01  -3.8699200e-01  -2.6967700e-01   8.6429200e-01   1.0905000e-02  -3.5079600e-01  -1.6380000e-02
  -1.8116000e-01  -3.9315000e-01  -2.7916200e-01   8.5713600e-01   2.6350000e-03  -3.5592900e-01  -1.8283000e-02
  -1.8682800e-01  -3.9641500e-01  -2.8776300e-01   8.5155400e-01  -4.1840000e-03  -3.6185800e-01  -2.0382000e-02
  -1.9259300e-01  -3.9814600e-01  -2.9627800e-01   8.4652700e-01  -1.0410000e-02  -3.6816400e-01  -2.2682000e-02
  -2.0282600e-01  -4.0045100e-01  -3.1239300e-01   8.3720500e-01  -2.2667000e-02  -3.8110500e-01  -2.7825000e-02
  -2.0494400e-01  -4.0269600e-01  -3.1906900e-01   8.3308400e-01  -2.8974000e-02  -3.8745000e-01  -3.0707000e-02
  -2.0833600e-01  -4.0730800e-01  -3.3183500e-01   8.2497400e-01  -4.1526000e-02  -3.9928600e-01  -3.6580000e-02
  -2.1081900e-01  -4.1255600e-01  -3.4341000e-01   8.1696000e-01  -5.3880000e-02  -4.0961500e-01  -4.2495000e-02
  -2.1381400e-01  -4.1803800e-01  -3.5423900e-01   8.0872900e-01  -6.5904000e-02  -4.1842100e-01  -4.8423000e-02
  -2.1610900e-01  -4.2379000e-01  -3.6388800e-01   8.0080300e-01  -7.7388000e-02  -4.2598400e-01  -5.4235000e-02
  -2.1842000e-01  -4.3017700e-01  -3.7261900e-01   7.9271400e-01  -8.8443000e-02  -4.3226000e-01  -6.0093000e-02
  -2.1965900e-01  -4.3322100e-01  -3.7676100e-01   7.8874600e-01  -9.3733000e-02  -4.3506900e-01  -6.2970000e-02
  -2.2210800e-01  -4.4016900e-01  -3.8413900e-01   7.8061300e-01  -1.0407200e-01  -4.3978900e-01  -6.8898000e-02
  -2.2377600e-01  -4.4786100e-01  -3.9033400e-01   7.7264800e-01  -1.1387300e-01  -4.4362800e-01  -7.4884000e-02
  -2.2492100e-01  -4.5631000e-01  -3.9529500e-01   7.6481000e-01  -1.2323600e-01  -4.4664400e-01  -8.0955000e-02
  -2.2613300e-01  -4.6521800e-01  -3.9922000e-01   7.5700700e-01  -1.3222200e-01  -4.4891200e-01  -8.7131000e-02
  -2.2693200e-01  -4.7495300e-01  -4.0180400e-01   7.4931700e-01  -1.4087500e-01  -4.5046400e-01  -9.3479000e-02
  -2.2747200e-01  -4.8541800e-01  -4.0299600e-01   7.4176800e-01  -1.4923300e-01  -4.5133800e-01  -1.0000100e-01
  -2.3224600e-01  -4.9412400e-01  -4.0582900e-01   7.3294400e-01  -1.5731300e-01  -4.5156100e-01  -1.0668700e-01
  -2.2886600e-01  -5.0188000e-01  -4.0287900e-01   7.3036000e-01  -1.6125100e-01  -4.5142900e-01  -1.1009600e-01
  -2.3064300e-01  -5.1312500e-01  -4.0182900e-01   7.2252300e-01  -1.6893900e-01  -4.5068600e-01  -1.1704200e-01
  -2.3325700e-01  -5.2443600e-01  -4.0000400e-01   7.1453200e-01  -1.7647900e-01  -4.4933300e-01  -1.2415600e-01
  -2.3660300e-01  -5.3573200e-01  -3.9747900e-01   7.0641400e-01  -1.8379300e-01  -4.4738500e-01  -1.3134500e-01
  -2.4067200e-01  -5.4699300e-01  -3.9433600e-01   6.9812200e-01  -1.9089900e-01  -4.4485800e-01  -1.3858400e-01
  -2.4516600e-01  -5.5833700e-01  -3.9023100e-01   6.8983600e-01  -1.9786300e-01  -4.4175900e-01  -1.4586100e-01
  -2.5010300e-01  -5.6973900e-01  -3.8513700e-01   6.8155400e-01  -2.0468900e-01  -4.3807700e-01  -1.5315900e-01
  -2.5558200e-01  -5.8111700e-01  -3.7927400e-01   6.7315100e-01  -2.1130600e-01  -4.3381200e-01  -1.6042700e-01
  -2.6350000e-01  -5.9128200e-01  -3.7449300e-01   6.6385900e-01  -2.1770600e-01  -4.2901400e-01  -1.6758600e-01
  -2.6329900e-01  -5.9872600e-01  -3.6797800e-01   6.6090300e-01  -2.2084900e-01  -4.2642900e-01  -1.7110800e-01
  -2.6874600e-01  -6.1038000e-01  -3.5941100e-01   6.5271400e-01  -2.2696300e-01  -4.2089100e-01  -1.7801700e-01
  -2.7462000e-01  -6.2190300e-01  -3.5032300e-01   6.4427800e-01  -2.3279100e-01  -4.1485900e-01  -1.8474200e-01
  -2.7875100e-01  -6.3430000e-01  -3.3881900e-01   6.3652400e-01  -2.3828600e-01  -4.0842400e-01  -1.9120200e-01
  -2.8168000e-01  -6.4707700e-01  -3.2516200e-01   6.2945900e-01  -2.4351800e-01  -4.0163400e-01  -1.9736700e-01
  -2.8309600e-01  -6.6035300e-01  -3.0912900e-01   6.2308000e-01  -2.4836400e-01  -3.9451300e-01  -2.0324700e-01
  -2.8382600e-01  -6.7354300e-01  -2.9188700e-01   6.1691500e-01  -2.5270300e-01  -3.8716700e-01  -2.0881300e-01
  -2.8403900e-01  -6.8009100e-01  -2.8312800e-01   6.1370700e-01  -2.5460600e-01  -3.8343000e-01  -2.1149700e-01
  -2.8536300e-01  -6.9255900e-01  -2.6636500e-01   6.0661400e-01  -2.5799800e-01  -3.7578400e-01  -2.1672900e-01
  -2.8742900e-01  -7.0430400e-01  -2.5035300e-01   5.9888500e-01  -2.6080900e-01  -3.6798100e-01  -2.2177200e-01
  -2.8838500e-01  -7.1622600e-01  -2.3299800e-01   5.9124100e-01  -2.6296200e-01  -3.5996600e-01  -2.2672700e-01
  -2.8857300e-01  -7.2211000e-01  -2.2397300e-01   5.8746800e-01  -2.6382800e-01  -3.5590700e-01  -2.2915900e-01
  -2.8860500e-01  -7.3360700e-01  -2.0532200e-01   5.7997400e-01  -2.6518900e-01  -3.4764000e-01  -2.3396000e-01
  -2.9029100e-01  -7.4396500e-01  -1.8850400e-01   5.7158900e-01  -2.6608300e-01  -3.3915300e-01  -2.3868300e-01
  -2.9223100e-01  -7.5360000e-01  -1.7231200e-01   5.6302500e-01  -2.6654200e-01  -3.3058100e-01  -2.4325800e-01
  -2.9382600e-01  -7.6265200e-01  -1.5611900e-01   5.5466600e-01  -2.6659100e-01  -3.2197000e-01  -2.4765900e-01
  -2.9531000e-01  -7.7103100e-01  -1.4041200e-01   5.4643100e-01  -2.6629800e-01  -3.1337400e-01  -2.5185100e-01
  -2.9675700e-01  -7.7879800e-01  -1.2531800e-01   5.3824200e-01  -2.6570600e-01  -3.0477000e-01  -2.5584000e-01
  -2.9726200e-01  -7.8623800e-01  -1.0960600e-01   5.3051900e-01  -2.6484900e-01  -2.9613900e-01  -2.5963400e-01
  -2.9654100e-01  -7.9335000e-01  -9.2722000e-02   5.2350900e-01  -2.6375000e-01  -2.8747700e-01  -2.6322000e-01
  -2.9604500e-01  -7.9669800e-01  -8.4370000e-02   5.2010800e-01  -2.6311800e-01  -2.8315900e-01  -2.6492300e-01
  -2.9422700e-01  -8.0306300e-01  -6.7032000e-02   5.1383500e-01  -2.6169400e-01  -2.7455800e-01  -2.6814600e-01
  -2.9275700e-01  -8.0880800e-01  -5.1098000e-02   5.0745600e-01  -2.6008900e-01  -2.6601600e-01  -2.7111800e-01
  -2.9114000e-01  -8.1408800e-01  -3.5998000e-02   5.0120000e-01  -2.5835000e-01  -2.5758000e-01  -2.7383100e-01
  -2.8813400e-01  -8.1897900e-01  -1.9652000e-02   4.9585000e-01  -2.5648300e-01  -2.4925800e-01  -2.7628400e-01
  -2.8396400e-01  -8.2323500e-01  -2.5230000e-03   4.9157000e-01  -2.5446600e-01  -2.4107200e-01  -2.7870000e-01
  -2.8135600e-01  -8.2458000e-01   5.3180000e-03   4.9079300e-01  -2.5335700e-01  -2.3717800e-01  -2.8073900e-01
  -2.7490800e-01  -8.2617900e-01   2.1256000e-02   4.9132800e-01  -2.5097500e-01  -2.2955800e-01  -2.8564600e-01
  -2.6886000e-01  -8.2684900e-01   3.5473000e-02   4.9272400e-01  -2.4840500e-01  -2.2200600e-01  -2.9078000e-01
  -2.6254800e-01  -8.2679000e-01   4.9541000e-02   4.9500800e-01  -2.4572400e-01  -2.1453500e-01  -2.9579300e-01
  -2.5711700e-01  -8.2612900e-01   6.1784000e-02   4.9757900e-01  -2.4288800e-01  -2.0718400e-01  -3.0056400e-01
  -2.5203400e-01  -8.2491400e-01   7.3041000e-02   5.0066000e-01  -2.3991500e-01  -1.9999800e-01  -3.0508400e-01
  -2.4670100e-01  -8.2312000e-01   8.4309000e-02   5.0448300e-01  -2.3681000e-01  -1.9298700e-01  -3.0935300e-01
  -2.4427400e-01  -8.2205500e-01   8.9462000e-02   5.0651000e-01  -2.3521000e-01  -1.8954100e-01  -3.1139700e-01
  -2.3901400e-01  -8.1956300e-01   9.9987000e-02   5.1107000e-01  -2.3187800e-01  -1.8270800e-01  -3.1534700e-01
  -2.3356800e-01  -8.1669600e-01   1.1004000e-01   5.1608600e-01  -2.2833500e-01  -1.7593800e-01  -3.1914800e-01
  -2.2870200e-01  -8.1341900e-01   1.1892600e-01   5.2144200e-01  -2.2464300e-01  -1.6938000e-01  -3.2271900e-01
  -2.2870200e-01  -8.1341900e-01   1.1892600e-01   5.2144200e-01  -2.2464300e-01  -1.6938000e-01  -3.2271900e-01
  -2.1987400e-01  -8.0854800e-01   1.3388300e-01   5.2913300e-01  -2.2080900e-01  -1.6304000e-01  -3.2606700e-01
  -2.1597000e-01  -8.0381400e-01   1.4159000e-01   5.3590300e-01  -2.1653500e-01  -1.5667700e-01  -3.2934000e-01
  -2.1189700e-01  -7.9872500e-01   1.4903700e-01   5.4307100e-01  -2.1214600e-01  -1.5049200e-01  -3.3244000e-01
  -2.0806800e-01  -7.9348000e-01   1.5573700e-01   5.5031200e-01  -2.0779700e-01  -1.4469100e-01  -3.3527400e-01
  -2.0424100e-01  -7.8804400e-01   1.6206800e-01   5.5767900e-01  -2.0353300e-01  -1.3930300e-01  -3.3787500e-01
  -1.9980900e-01  -7.8227300e-01   1.6889100e-01   5.6533200e-01  -1.9934000e-01  -1.3428700e-01  -3.4026100e-01
  -1.9516200e-01  -7.7638700e-01   1.7562400e-01   5.7296700e-01  -1.9526700e-01  -1.2962000e-01  -3.4244000e-01
  -1.9191100e-01  -7.7086600e-01   1.8023500e-01   5.8004400e-01  -1.9133800e-01  -1.2532700e-01  -3.4441700e-01
  -1.9070500e-01  -7.6823500e-01   1.8187400e-01   5.8341100e-01  -1.8942200e-01  -1.2331700e-01  -3.4534300e-01
  -1.9040900e-01  -7.6366400e-01   1.8221500e-01   5.8937200e-01  -1.8570000e-01  -1.1954600e-01  -3.4708400e-01
  -1.9023100e-01  -7.5919200e-01   1.8225700e-01   5.9516500e-01  -1.8211200e-01  -1.1609300e-01  -3.4867700e-01
  -1.8914800e-01  -7.5448200e-01   1.8337900e-01   6.0112600e-01  -1.7863100e-01  -1.1292000e-01  -3.5011700e-01
  -1.8804900e-01  -7.4985700e-01   1.8438600e-01   6.0692200e-01  -1.7526600e-01  -1.1004700e-01  -3.5141100e-01
  -1.8691400e-01  -7.4530100e-01   1.8532200e-01   6.1257300e-01  -1.7201100e-01  -1.0746500e-01  -3.5257400e-01
  -1.8628600e-01  -7.4097800e-01   1.8555900e-01   6.1791400e-01  -1.6885100e-01  -1.0516400e-01  -3.5360700e-01
  -1.8589500e-01  -7.3681300e-01   1.8550500e-01   6.2300700e-01  -1.6578600e-01  -1.0311500e-01  -3.5450500e-01
  -1.8631000e-01  -7.3495600e-01   1.8475600e-01   6.2529500e-01  -1.6428900e-01  -1.0218300e-01  -3.5490300e-01
  -1.8595100e-01  -7.3095900e-01   1.8466400e-01   6.3009500e-01  -1.6135500e-01  -1.0049200e-01  -3.5560700e-01
  -1.8575900e-01  -7.2712000e-01   1.8438500e-01   6.3465900e-01  -1.5851000e-01  -9.9007000e-02  -3.5619900e-01
  -1.8603200e-01  -7.2353300e-01   1.8355100e-01   6.3890600e-01  -1.5575500e-01  -9.7713000e-02  -3.5670300e-01
  -1.8628000e-01  -7.2006900e-01   1.8270800e-01   6.4297600e-01  -1.5308000e-01  -9.6578000e-02  -3.5712400e-01
  -1.8597700e-01  -7.1662500e-01   1.8244400e-01   6.4697400e-01  -1.5050400e-01  -9.5590000e-02  -3.5746200e-01
  -1.8530100e-01  -7.1325100e-01   1.8257400e-01   6.5084800e-01  -1.4805000e-01  -9.4722000e-02  -3.5774000e-01
  -1.8506000e-01  -7.1013800e-01   1.8222000e-01   6.5441100e-01  -1.4571200e-01  -9.3992000e-02  -3.5796700e-01
  -1.8562000e-01  -7.0882700e-01   1.8127900e-01   6.5593200e-01  -1.4457800e-01  -9.3673000e-02  -3.5806500e-01
  -1.8612200e-01  -7.0615500e-01   1.8004200e-01   6.5900600e-01  -1.4239200e-01  -9.3111000e-02  -3.5823600e-01
  -1.8624100e-01  -7.0354500e-01   1.7918900e-01   6.6198900e-01  -1.4032900e-01  -9.2641000e-02  -3.5838200e-01
  -1.8670300e-01  -7.0118900e-01   1.7794300e-01   6.6469000e-01  -1.3839700e-01  -9.2256000e-02  -3.5851500e-01
  -1.8805700e-01  -6.9920400e-01   1.7567100e-01   6.6699900e-01  -1.3656600e-01  -9.1968000e-02  -3.5865000e-01
  -1.8898400e-01  -6.9722300e-01   1.7369300e-01   6.6932500e-01  -1.3481100e-01  -9.1772000e-02  -3.5880300e-01
  -1.8912600e-01  -6.9514800e-01   1.7240700e-01   6.7177100e-01  -1.3312400e-01  -9.1656000e-02  -3.5896300e-01
  -1.8869100e-01  -6.9303300e-01   1.7162300e-01   6.7427500e-01  -1.3150000e-01  -9.1609000e-02  -3.5912400e-01
  -1.8758800e-01  -6.9178800e-01   1.7212400e-01   6.7573200e-01  -1.3071500e-01  -9.1605000e-02  -3.5920100e-01
  -1.8673900e-01  -6.8973000e-01   1.7172100e-01   6.7816900e-01  -1.2920600e-01  -9.1627000e-02  -3.5934900e-01
  -1.8646700e-01  -6.8796800e-01   1.7067900e-01   6.8029300e-01  -1.2778100e-01  -9.1689000e-02  -3.5948700e-01
  -1.8555500e-01  -6.8618800e-01   1.7029000e-01   6.8243400e-01  -1.2644400e-01  -9.1775000e-02  -3.5960900e-01
  -1.8481200e-01  -6.8459900e-01   1.6978200e-01   6.8435500e-01  -1.2520600e-01  -9.1874000e-02  -3.5970900e-01
  -1.8433300e-01  -6.8322200e-01   1.6908100e-01   6.8603300e-01  -1.2407700e-01  -9.1984000e-02  -3.5979200e-01
  -1.8428600e-01  -6.8264400e-01   1.6856300e-01   6.8674700e-01  -1.2355400e-01  -9.2047000e-02  -3.5982500e-01
  -1.8430300e-01  -6.8162500e-01   1.6750200e-01   6.8801300e-01  -1.2260800e-01  -9.2174000e-02  -3.5988400e-01
  -1.8396100e-01  -6.8067100e-01   1.6692600e-01   6.8918900e-01  -1.2180200e-01  -9.2290000e-02  -3.5993900e-01
  -1.8351400e-01  -6.7983800e-01   1.6656900e-01   6.9021500e-01  -1.2113300e-01  -9.2407000e-02  -3.5999000e-01
