  -4.9821000e-02  -1.7535600e-01  -4.1707000e-02   9.8235900e-01   1.6849900e-01  -2.3050100e-01  -2.9252000e-02
  -5.2678000e-02  -1.7607400e-01  -4.1021000e-02   9.8211000e-01   1.6839400e-01  -2.2999900e-01  -2.9493000e-02
  -5.4910000e-02  -1.7686900e-01  -4.0219000e-02   9.8187800e-01   1.6827400e-01  -2.2953200e-01  -2.9782000e-02
  -5.6049000e-02  -1.7773300e-01  -3.9267000e-02   9.8169600e-01   1.6814000e-01  -2.2912500e-01  -3.0102000e-02
  -5.8030000e-02  -1.7855700e-01  -3.8565000e-02   9.8145900e-01   1.6799500e-01  -2.2880100e-01  -3.0435000e-02
  -6.1740000e-02  -1.7930300e-01  -3.8315000e-02   9.8110700e-01   1.6783500e-01  -2.2857800e-01  -3.0763000e-02
  -6.5856000e-02  -1.8000400e-01  -3.8276000e-02   9.8071200e-01   1.6765500e-01  -2.2848000e-01  -3.1065000e-02
  -6.9567000e-02  -1.8070800e-01  -3.8324000e-02   9.8032500e-01   1.6744900e-01  -2.2852000e-01  -3.1326000e-02
  -7.1980000e-02  -1.8146300e-01  -3.8276000e-02   9.8001300e-01   1.6720600e-01  -2.2871100e-01  -3.1531000e-02
  -7.5318000e-02  -1.8219700e-01  -3.8546000e-02   9.7961500e-01   1.6692100e-01  -2.2905600e-01  -3.1670000e-02
  -7.6021000e-02  -1.8308300e-01  -3.8458000e-02   9.7939900e-01   1.6658500e-01  -2.2954600e-01  -3.1745000e-02
  -7.9239000e-02  -1.8390400e-01  -3.8991000e-02   9.7896900e-01   1.6620000e-01  -2.3018600e-01  -3.1743000e-02
  -8.3233000e-02  -1.8476200e-01  -3.9841000e-02   9.7844200e-01   1.6575200e-01  -2.3098300e-01  -3.1651000e-02
  -8.7528000e-02  -1.8568100e-01  -4.0921000e-02   9.7784800e-01   1.6523700e-01  -2.3193600e-01  -3.1458000e-02
  -9.1752000e-02  -1.8671800e-01  -4.2179000e-02   9.7721000e-01   1.6463500e-01  -2.3305700e-01  -3.1147000e-02
  -9.3790000e-02  -1.8801500e-01  -4.3203000e-02   9.7672300e-01   1.6393100e-01  -2.3434300e-01  -3.0711000e-02
  -9.7274000e-02  -1.8947600e-01  -4.4653000e-02   9.7603400e-01   1.6310000e-01  -2.3578600e-01  -3.0135000e-02
  -1.0425000e-01  -1.9102400e-01  -4.6978000e-02   9.7490200e-01   1.6212000e-01  -2.3741700e-01  -2.9421000e-02
  -1.0854700e-01  -1.9295300e-01  -4.9024000e-02   9.7395200e-01   1.6097500e-01  -2.3926300e-01  -2.8568000e-02
  -1.1299600e-01  -1.9272700e-01  -4.9905000e-02   9.7344600e-01   1.6097500e-01  -2.3926300e-01  -2.8568000e-02
  -1.2177300e-01  -1.9465500e-01  -5.3141000e-02   9.7183200e-01   1.5964700e-01  -2.4135400e-01  -2.7580000e-02
  -1.2945300e-01  -1.9693800e-01  -5.6461000e-02   9.7019000e-01   1.5810200e-01  -2.4370300e-01  -2.6483000e-02
  -1.3612600e-01  -1.9960800e-01  -5.9916000e-02   9.6852300e-01   1.5631600e-01  -2.4633100e-01  -2.5312000e-02
  -1.4223900e-01  -2.0259800e-01  -6.3736000e-02   9.6677800e-01   1.5430700e-01  -2.4921500e-01  -2.4099000e-02
  -1.4841600e-01  -2.0586600e-01  -6.8042000e-02   9.6486400e-01   1.5204900e-01  -2.5238300e-01  -2.2866000e-02
  -1.5513200e-01  -2.0937600e-01  -7.2940000e-02   9.6269200e-01   1.4952200e-01  -2.5583500e-01  -2.1628000e-02
  -1.6175300e-01  -2.1314200e-01  -7.8356000e-02   9.6034700e-01   1.4672800e-01  -2.5954700e-01  -2.0405000e-02
  -1.6908400e-01  -2.1715300e-01  -8.4428000e-02   9.5766700e-01   1.4363100e-01  -2.6350800e-01  -1.9222000e-02
  -1.7757800e-01  -2.2130100e-01  -9.1320000e-02   9.5454300e-01   1.4022700e-01  -2.6771800e-01  -1.8096000e-02
  -1.9121800e-01  -2.3034900e-01  -1.0627500e-01   9.4819800e-01   1.3260700e-01  -2.7680900e-01  -1.6171000e-02
  -1.9782900e-01  -2.3998900e-01  -1.2085400e-01   9.4268900e-01   1.2440000e-01  -2.8608600e-01  -1.4692000e-02
  -1.9801800e-01  -2.4992900e-01  -1.3362800e-01   9.3833300e-01   1.1601000e-01  -2.9493000e-01  -1.3528000e-02
  -1.9091800e-01  -2.6049600e-01  -1.4392800e-01   9.3540200e-01   1.0760400e-01  -3.0323500e-01  -1.2661000e-02
  -1.8275300e-01  -2.7107900e-01  -1.5323300e-01   9.3254300e-01   9.9189000e-02  -3.1100200e-01  -1.2073000e-02
  -1.8108700e-01  -2.8045200e-01  -1.6388500e-01   9.2827600e-01   9.0723000e-02  -3.1831000e-01  -1.1671000e-02
  -1.7484400e-01  -2.8605200e-01  -1.6744600e-01   9.2712800e-01   8.6467000e-02  -3.2182300e-01  -1.1534000e-02
  -1.7237200e-01  -2.9539600e-01  -1.7748200e-01   9.2278300e-01   7.7928000e-02  -3.2857200e-01  -1.1388000e-02
  -1.7010500e-01  -3.0456800e-01  -1.8750400e-01   9.1822900e-01   6.9391000e-02  -3.3495900e-01  -1.1395000e-02
  -1.7080500e-01  -3.1296300e-01  -1.9838000e-01   9.1297600e-01   6.0862000e-02  -3.4099900e-01  -1.1518000e-02
  -1.7448500e-01  -3.2053200e-01  -2.1032700e-01   9.0696000e-01   5.2345000e-02  -3.4670900e-01  -1.1766000e-02
  -1.7804100e-01  -3.2794900e-01  -2.2228800e-01   9.0074400e-01   4.3847000e-02  -3.5211400e-01  -1.2155000e-02
  -1.8033300e-01  -3.3562300e-01  -2.3375400e-01   8.9453700e-01   3.5309000e-02  -3.5726400e-01  -1.2715000e-02
  -1.7916000e-01  -3.4007800e-01  -2.3854900e-01   8.9182000e-01   3.1026000e-02  -3.5975100e-01  -1.3069000e-02
  -1.7940800e-01  -3.4845700e-01  -2.4919600e-01   8.8560200e-01   2.2426000e-02  -3.6456200e-01  -1.3975000e-02
  -1.7964000e-01  -3.5706400e-01  -2.5979400e-01   8.7905800e-01   1.3713000e-02  -3.6919500e-01  -1.5127000e-02
  -1.8040400e-01  -3.6566900e-01  -2.7043900e-01   8.7212600e-01   4.9260000e-03  -3.7365900e-01  -1.6517000e-02
  -1.8114500e-01  -3.7447300e-01  -2.8082000e-01   8.6492600e-01  -3.9690000e-03  -3.7796600e-01  -1.8141000e-02
  -1.8178800e-01  -3.8354000e-01  -2.9073800e-01   8.5750900e-01  -1.2971000e-02  -3.8206800e-01  -1.9978000e-02
  -1.8200400e-01  -3.9302700e-01  -2.9994400e-01   8.4996300e-01  -2.2061000e-02  -3.8592200e-01  -2.2015000e-02
  -1.8135500e-01  -3.9994500e-01  -3.0865100e-01   8.4373500e-01  -2.9759000e-02  -3.9069300e-01  -2.4406000e-02
  -1.8113000e-01  -4.0216000e-01  -3.1309100e-01   8.4109000e-01  -3.3026000e-02  -3.9350300e-01  -2.5764000e-02
  -1.7950300e-01  -4.0666600e-01  -3.2134400e-01   8.3614600e-01  -3.9325000e-02  -3.9926600e-01  -2.8757000e-02
  -1.7733000e-01  -4.1154000e-01  -3.2918800e-01   8.3115800e-01  -4.5622000e-02  -4.0497600e-01  -3.2063000e-02
  -1.7588600e-01  -4.1681700e-01  -3.3691800e-01   8.2572000e-01  -5.2116000e-02  -4.1048600e-01  -3.5791000e-02
  -1.7540600e-01  -4.2260400e-01  -3.4476100e-01   8.1962100e-01  -5.8848000e-02  -4.1571100e-01  -3.9986000e-02
  -1.7517300e-01  -4.2576900e-01  -3.4852500e-01   8.1643400e-01  -6.2271000e-02  -4.1819400e-01  -4.2216000e-02
  -1.7562600e-01  -4.3222000e-01  -3.5617500e-01   8.0961700e-01  -6.9205000e-02  -4.2287500e-01  -4.6916000e-02
  -1.7646300e-01  -4.3911600e-01  -3.6349000e-01   8.0244200e-01  -7.6405000e-02  -4.2732100e-01  -5.1978000e-02
  -1.7734500e-01  -4.4712600e-01  -3.7013100e-01   7.9475200e-01  -8.3912000e-02  -4.3130700e-01  -5.7519000e-02
  -1.7853200e-01  -4.5550000e-01  -3.7631300e-01   7.8678800e-01  -9.1446000e-02  -4.3486800e-01  -6.3315000e-02
  -1.7962900e-01  -4.6454100e-01  -3.8163900e-01   7.7864400e-01  -9.8986000e-02  -4.3791900e-01  -6.9374000e-02
  -1.8350700e-01  -4.7278300e-01  -3.8779400e-01   7.6968700e-01  -1.0649600e-01  -4.4043900e-01  -7.5673000e-02
  -1.8159500e-01  -4.7906700e-01  -3.8816000e-01   7.6606100e-01  -1.1024000e-01  -4.4149900e-01  -7.8914000e-02
  -1.8300200e-01  -4.8941400e-01  -3.9143100e-01   7.5747300e-01  -1.1769100e-01  -4.4322200e-01  -8.5548000e-02
  -1.8436000e-01  -5.0033100e-01  -3.9350800e-01   7.4888700e-01  -1.2517700e-01  -4.4443700e-01  -9.2391000e-02
  -1.8629700e-01  -5.1142900e-01  -3.9493100e-01   7.4011000e-01  -1.3258800e-01  -4.4510600e-01  -9.9400000e-02
  -1.8838300e-01  -5.2292800e-01  -3.9546600e-01   7.3120800e-01  -1.3987600e-01  -4.4520900e-01  -1.0656400e-01
  -1.9036600e-01  -5.3492000e-01  -3.9487300e-01   7.2228600e-01  -1.4704800e-01  -4.4475400e-01  -1.1385700e-01
  -1.9090800e-01  -5.4128100e-01  -3.9379500e-01   7.1798000e-01  -1.5058400e-01  -4.4432400e-01  -1.1752700e-01
  -1.9241900e-01  -5.5387900e-01  -3.9072100e-01   7.0959900e-01  -1.5764300e-01  -4.4310400e-01  -1.2486000e-01
  -1.9435400e-01  -5.6652700e-01  -3.8676900e-01   7.0120200e-01  -1.6451400e-01  -4.4132600e-01  -1.3223700e-01
  -1.9622300e-01  -5.7947500e-01  -3.8166600e-01   6.9284600e-01  -1.7109900e-01  -4.3896700e-01  -1.3964300e-01
  -1.9850900e-01  -5.9214300e-01  -3.7508900e-01   6.8503200e-01  -1.7761100e-01  -4.3614100e-01  -1.4695500e-01
  -2.0118100e-01  -6.0466000e-01  -3.6752800e-01   6.7737400e-01  -1.8385400e-01  -4.3278100e-01  -1.5421400e-01
  -2.0252800e-01  -6.1093700e-01  -3.6335100e-01   6.7358400e-01  -1.8683500e-01  -4.3089400e-01  -1.5782100e-01
  -2.0570400e-01  -6.2360500e-01  -3.5446900e-01   6.6569800e-01  -1.9253400e-01  -4.2658500e-01  -1.6515800e-01
  -2.0864700e-01  -6.3656000e-01  -3.4424500e-01   6.5784000e-01  -1.9780300e-01  -4.2165900e-01  -1.7248700e-01
  -2.1295200e-01  -6.4881200e-01  -3.3445000e-01   6.4949000e-01  -2.0256200e-01  -4.1616700e-01  -1.7973500e-01
  -2.1856400e-01  -6.6008600e-01  -3.2549200e-01   6.4075800e-01  -2.0679100e-01  -4.1027300e-01  -1.8674000e-01
  -2.2146300e-01  -6.7231100e-01  -3.1340800e-01   6.3303100e-01  -2.1045900e-01  -4.0404400e-01  -1.9347100e-01
  -2.2110800e-01  -6.7912800e-01  -3.0531400e-01   6.2982500e-01  -2.1208100e-01  -4.0081300e-01  -1.9673800e-01
  -2.2405700e-01  -6.9057800e-01  -2.9281900e-01   6.2222000e-01  -2.1493900e-01  -3.9415300e-01  -2.0307400e-01
  -2.2662200e-01  -7.0167900e-01  -2.7964300e-01   6.1489000e-01  -2.1732000e-01  -3.8725100e-01  -2.0915300e-01
  -2.2824100e-01  -7.1264200e-01  -2.6521000e-01   6.0803900e-01  -2.1924000e-01  -3.8013800e-01  -2.1498200e-01
  -2.2951700e-01  -7.2316500e-01  -2.5028000e-01   6.0142700e-01  -2.2072000e-01  -3.7283500e-01  -2.2057500e-01
  -2.3024500e-01  -7.3333300e-01  -2.3466900e-01   5.9509700e-01  -2.2180100e-01  -3.6535600e-01  -2.2594600e-01
  -2.3150800e-01  -7.4272800e-01  -2.1968900e-01   5.8863900e-01  -2.2251700e-01  -3.5769500e-01  -2.3111100e-01
  -2.2981800e-01  -7.4806100e-01  -2.0925700e-01   5.8634400e-01  -2.2274400e-01  -3.5379600e-01  -2.3362000e-01
  -2.2789300e-01  -7.5767200e-01  -1.9015700e-01   5.8123800e-01  -2.2296700e-01  -3.4586900e-01  -2.3849000e-01
  -2.2651400e-01  -7.6644300e-01  -1.7178800e-01   5.7597300e-01  -2.2291400e-01  -3.3778600e-01  -2.4315700e-01
  -2.2524800e-01  -7.7451400e-01  -1.5378300e-01   5.7073900e-01  -2.2259800e-01  -3.2959800e-01  -2.4759500e-01
  -2.2360700e-01  -7.8106500e-01  -1.3689100e-01   5.6674400e-01  -2.2191000e-01  -3.2177800e-01  -2.5269500e-01
  -2.2075000e-01  -7.8515300e-01  -1.2166000e-01   5.6568800e-01  -2.2066400e-01  -3.1477900e-01  -2.5965600e-01
  -2.1821800e-01  -7.8812500e-01  -1.0793500e-01   5.6532300e-01  -2.1917000e-01  -3.0778400e-01  -2.6695900e-01
  -2.1513800e-01  -7.8968200e-01  -9.8727000e-02   5.6601400e-01  -2.1835100e-01  -3.0422300e-01  -2.7059900e-01
  -2.1048400e-01  -7.9203300e-01  -8.2633000e-02   5.6705500e-01  -2.1660300e-01  -2.9694300e-01  -2.7775000e-01
  -2.0672000e-01  -7.9366800e-01  -6.8030000e-02   5.6809400e-01  -2.1472400e-01  -2.8947300e-01  -2.8466900e-01
  -2.0310700e-01  -7.9478300e-01  -5.4343000e-02   5.6931000e-01  -2.1273000e-01  -2.8185800e-01  -2.9144600e-01
  -2.0020000e-01  -7.9542200e-01  -4.2417000e-02   5.7046000e-01  -2.1063100e-01  -2.7403600e-01  -2.9815800e-01
  -1.9888700e-01  -7.9552400e-01  -3.6777000e-02   5.7116700e-01  -2.0954600e-01  -2.7010800e-01  -3.0140500e-01
  -1.9517900e-01  -7.9534300e-01  -2.4061000e-02   5.7337300e-01  -2.0733300e-01  -2.6225400e-01  -3.0763800e-01
  -1.9363400e-01  -7.9441500e-01  -1.3945000e-02   5.7551500e-01  -2.0500900e-01  -2.5428500e-01  -3.1355800e-01
  -1.9205400e-01  -7.9298300e-01  -3.8100000e-03   5.7816900e-01  -2.0264300e-01  -2.4637100e-01  -3.1911300e-01
  -1.9057500e-01  -7.9109100e-01   6.0800000e-03   5.8122300e-01  -2.0023700e-01  -2.3854000e-01  -3.2431100e-01
  -1.8967000e-01  -7.9001600e-01   1.1111000e-02   5.8290400e-01  -1.9903300e-01  -2.3468900e-01  -3.2676600e-01
  -1.8750000e-01  -7.8762200e-01   2.1481000e-02   5.8654500e-01  -1.9662300e-01  -2.2709000e-01  -3.3138900e-01
  -1.8610100e-01  -7.8493900e-01   3.0672000e-02   5.9016700e-01  -1.9420100e-01  -2.1962000e-01  -3.3564900e-01
  -1.8553800e-01  -7.8350800e-01   3.4988000e-02   5.9200200e-01  -1.9298500e-01  -2.1595400e-01  -3.3764100e-01
  -1.8315800e-01  -7.8038200e-01   4.5032000e-02   5.9617900e-01  -1.9050300e-01  -2.0865700e-01  -3.4143300e-01
  -1.8218900e-01  -7.7714700e-01   5.2809000e-02   6.0005000e-01  -1.8793000e-01  -2.0135900e-01  -3.4500700e-01
  -1.8162800e-01  -7.7547900e-01   5.6624000e-02   6.0202800e-01  -1.8664500e-01  -1.9780000e-01  -3.4666900e-01
  -1.7783600e-01  -7.7352100e-01   6.4268000e-02   6.0490400e-01  -1.8535600e-01  -1.9426400e-01  -3.4828600e-01
  -1.7396700e-01  -7.7142700e-01   7.1914000e-02   6.0783600e-01  -1.8399500e-01  -1.9062700e-01  -3.4988700e-01
  -1.7110300e-01  -7.6928500e-01   7.8291000e-02   6.1056900e-01  -1.8253300e-01  -1.8684900e-01  -3.5146900e-01
  -1.7110300e-01  -7.6928500e-01   7.8291000e-02   6.1056900e-01  -1.8253300e-01  -1.8684900e-01  -3.5146900e-01
  -1.6876200e-01  -7.6701100e-01   8.4073000e-02   6.1330700e-01  -1.8096300e-01  -1.8293900e-01  -3.5303100e-01
  -1.6653200e-01  -7.6454700e-01   8.9804000e-02   6.1617400e-01  -1.7929200e-01  -1.7893900e-01  -3.5454300e-01
  -1.6456700e-01  -7.6191500e-01   9.5274000e-02   6.1913300e-01  -1.7752200e-01  -1.7488500e-01  -3.5598800e-01
  -1.6348000e-01  -7.5923900e-01   9.9740000e-02   6.2199900e-01  -1.7566800e-01  -1.7080100e-01  -3.5735300e-01
  -1.6277600e-01  -7.5649500e-01   1.0378600e-01   6.2485900e-01  -1.7375500e-01  -1.6672800e-01  -3.5861700e-01
  -1.6164000e-01  -7.5355700e-01   1.0836400e-01   6.2791800e-01  -1.7178100e-01  -1.6268600e-01  -3.5977800e-01
  -1.6021300e-01  -7.5045700e-01   1.1324900e-01   6.3112600e-01  -1.6975900e-01  -1.5869900e-01  -3.6084100e-01
  -1.5846200e-01  -7.4720300e-01   1.1845800e-01   6.3446400e-01  -1.6769600e-01  -1.5478300e-01  -3.6180000e-01
  -1.5673100e-01  -7.4387500e-01   1.2356000e-01   6.3782300e-01  -1.6559500e-01  -1.5095000e-01  -3.6265100e-01
  -1.5519700e-01  -7.4051500e-01   1.2835200e-01   6.4115300e-01  -1.6346300e-01  -1.4719900e-01  -3.6340000e-01
  -1.5410500e-01  -7.3718200e-01   1.3253400e-01   6.4439900e-01  -1.6129800e-01  -1.4354600e-01  -3.6405100e-01
  -1.5348200e-01  -7.3390300e-01   1.3606800e-01   6.4754500e-01  -1.5909900e-01  -1.4000200e-01  -3.6460300e-01
  -1.5268500e-01  -7.3055300e-01   1.3968700e-01   6.5074300e-01  -1.5686600e-01  -1.3656900e-01  -3.6505900e-01
  -1.5164400e-01  -7.2712400e-01   1.4346200e-01   6.5399800e-01  -1.5460800e-01  -1.3324700e-01  -3.6542800e-01
  -1.5095700e-01  -7.2374600e-01   1.4672500e-01   6.5717200e-01  -1.5232000e-01  -1.3003600e-01  -3.6571100e-01
  -1.5021900e-01  -7.2033800e-01   1.4992100e-01   6.6035700e-01  -1.5000400e-01  -1.2694300e-01  -3.6591100e-01
  -1.4967300e-01  -7.1695100e-01   1.5280000e-01   6.6349900e-01  -1.4766400e-01  -1.2396300e-01  -3.6603400e-01
  -1.4944000e-01  -7.1689700e-01   1.5305200e-01   6.6355200e-01  -1.4766400e-01  -1.2396300e-01  -3.6603400e-01
  -1.4869700e-01  -7.1344900e-01   1.5602900e-01   6.6673500e-01  -1.4530600e-01  -1.2109500e-01  -3.6608900e-01
  -1.4851600e-01  -7.1012800e-01   1.5829400e-01   6.6977900e-01  -1.4294100e-01  -1.1834000e-01  -3.6608100e-01
  -1.4811900e-01  -7.0675600e-01   1.6068800e-01   6.7285700e-01  -1.4057400e-01  -1.1569800e-01  -3.6601700e-01
  -1.4767600e-01  -7.0337200e-01   1.6303000e-01   6.7593000e-01  -1.3821200e-01  -1.1316900e-01  -3.6590200e-01
  -1.4746100e-01  -7.0004400e-01   1.6503000e-01   6.7894000e-01  -1.3585900e-01  -1.1075300e-01  -3.6574600e-01
  -1.4770100e-01  -6.9684300e-01   1.6648700e-01   6.8181800e-01  -1.3353200e-01  -1.0844400e-01  -3.6555100e-01
  -1.4833300e-01  -6.9376800e-01   1.6745000e-01   6.8457600e-01  -1.3124000e-01  -1.0624700e-01  -3.6533000e-01
  -1.4922000e-01  -6.9078100e-01   1.6806700e-01   6.8724700e-01  -1.2898900e-01  -1.0416700e-01  -3.6509000e-01
  -1.4981400e-01  -6.8776300e-01   1.6890800e-01   6.8993400e-01  -1.2678700e-01  -1.0219900e-01  -3.6483200e-01
  -1.5016100e-01  -6.8473500e-01   1.6994400e-01   6.9261000e-01  -1.2464700e-01  -1.0033400e-01  -3.6455700e-01
  -1.5066200e-01  -6.8180900e-01   1.7079000e-01   6.9517600e-01  -1.2258200e-01  -9.8564000e-02  -3.6427100e-01
  -1.5162300e-01  -6.7906300e-01   1.7112400e-01   6.9756700e-01  -1.2059300e-01  -9.6890000e-02  -3.6398300e-01
  -1.5299200e-01  -6.7366800e-01   1.7220900e-01   7.0221700e-01  -1.1684600e-01  -9.3828000e-02  -3.6339300e-01
  -1.5366400e-01  -6.6864600e-01   1.7376200e-01   7.0647500e-01  -1.1353100e-01  -9.1172000e-02  -3.6280600e-01
  -1.5401100e-01  -6.6426600e-01   1.7531800e-01   7.1013800e-01  -1.1070300e-01  -8.8909000e-02  -3.6225100e-01
  -1.5441000e-01  -6.6238400e-01   1.7577800e-01   7.1169300e-01  -1.0945400e-01  -8.7900000e-02  -3.6199100e-01
  -1.5619500e-01  -6.5930000e-01   1.7559000e-01   7.1420900e-01  -1.0723500e-01  -8.6075000e-02  -3.6151100e-01
  -1.5705000e-01  -6.5646300e-01   1.7605000e-01   7.1651800e-01  -1.0530600e-01  -8.4465000e-02  -3.6107000e-01
  -1.5684500e-01  -6.5378500e-01   1.7730300e-01   7.1869900e-01  -1.0362200e-01  -8.3039000e-02  -3.6065800e-01
  -1.5727100e-01  -6.5163600e-01   1.7781700e-01   7.2042900e-01  -1.0215200e-01  -8.1771000e-02  -3.6027700e-01
  -1.5810400e-01  -6.5083700e-01   1.7745200e-01   7.2105800e-01  -1.0148800e-01  -8.1188000e-02  -3.6010200e-01
  -1.6000600e-01  -6.4949000e-01   1.7638900e-01   7.2211400e-01  -1.0028200e-01  -8.0125000e-02  -3.5978700e-01
  -1.6106600e-01  -6.4796800e-01   1.7636400e-01   7.2325000e-01  -9.9279000e-02  -7.9356000e-02  -3.5949600e-01
  -1.6149300e-01  -6.4631200e-01   1.7720300e-01   7.2443100e-01  -9.8466000e-02  -7.8859000e-02  -3.5922400e-01
  -1.6184200e-01  -6.4482100e-01   1.7800500e-01   7.2548500e-01  -9.7790000e-02  -7.8479000e-02  -3.5900100e-01
  -1.6225900e-01  -6.4421900e-01   1.7811500e-01   7.2589900e-01  -9.7494000e-02  -7.8321000e-02  -3.5890800e-01
  -1.6334100e-01  -6.4324400e-01   1.7796900e-01   7.2655700e-01  -9.6980000e-02  -7.8055000e-02  -3.5875600e-01
  -1.6365300e-01  -6.4226900e-01   1.7835300e-01   7.2725400e-01  -9.6560000e-02  -7.7834000e-02  -3.5864400e-01
  -1.6434000e-01  -6.4156100e-01   1.7827900e-01   7.2774200e-01  -9.6223000e-02  -7.7650000e-02  -3.5856400e-01
  -1.6502200e-01  -6.4099200e-01   1.7810700e-01   7.2813100e-01  -9.5944000e-02  -7.7499000e-02  -3.5850400e-01
  -1.6577800e-01  -6.4055800e-01   1.7779000e-01   7.2841900e-01  -9.5714000e-02  -7.7373000e-02  -3.5846000e-01
  -1.6604200e-01  -6.4035600e-01   1.7770300e-01   7.2855700e-01  -9.5618000e-02  -7.7320000e-02  -3.5844400e-01
  -1.6704600e-01  -6.4014900e-01   1.7705600e-01   7.2866700e-01  -9.5455000e-02  -7.7232000e-02  -3.5842000e-01
