  -2.8159200e-01  -1.7183000e-01  -6.3170000e-02   9.4190800e-01   1.5853300e-01  -2.5222200e-01  -3.3539000e-02
  -2.7774600e-01  -1.7215400e-01  -6.3001000e-02   9.4300100e-01   1.5867000e-01  -2.5215700e-01  -3.4140000e-02
  -2.7454100e-01  -1.7236700e-01  -6.2416000e-02   9.4393900e-01   1.5867000e-01  -2.5215700e-01  -3.4140000e-02
  -2.7086800e-01  -1.7274600e-01  -6.2012000e-02   9.4495700e-01   1.5871800e-01  -2.5211000e-01  -3.4442000e-02
  -2.6447600e-01  -1.7340200e-01  -6.1129000e-02   9.4670400e-01   1.5874400e-01  -2.5205200e-01  -3.4726000e-02
  -2.5620000e-01  -1.7428900e-01  -5.9923000e-02   9.4889100e-01   1.5874400e-01  -2.5198200e-01  -3.4981000e-02
  -2.4731900e-01  -1.7529900e-01  -5.8639000e-02   9.5113900e-01   1.5872300e-01  -2.5190200e-01  -3.5198000e-02
  -2.3788100e-01  -1.7643100e-01  -5.7292000e-02   9.5341600e-01   1.5867500e-01  -2.5181900e-01  -3.5352000e-02
  -2.2842200e-01  -1.7767900e-01  -5.6002000e-02   9.5557200e-01   1.5858700e-01  -2.5174900e-01  -3.5418000e-02
  -2.1683200e-01  -1.7919500e-01  -5.4409000e-02   9.5807700e-01   1.5844600e-01  -2.5169900e-01  -3.5368000e-02
  -2.0129900e-01  -1.8106000e-01  -5.2182000e-02   9.6123500e-01   1.5824900e-01  -2.5168000e-01  -3.5172000e-02
  -1.8209700e-01  -1.8329900e-01  -4.9416000e-02   9.6478000e-01   1.5797900e-01  -2.5169900e-01  -3.4813000e-02
  -1.5897500e-01  -1.8593100e-01  -4.6093000e-02   9.6852100e-01   1.5762000e-01  -2.5177400e-01  -3.4267000e-02
  -1.3541800e-01  -1.8881400e-01  -4.2906000e-02   9.7168400e-01   1.5715200e-01  -2.5192500e-01  -3.3504000e-02
  -1.1182800e-01  -1.9192400e-01  -3.9953000e-02   9.7419900e-01   1.5656200e-01  -2.5217600e-01  -3.2509000e-02
  -9.0596000e-02  -1.9521100e-01  -3.7726000e-02   9.7583900e-01   1.5582300e-01  -2.5256900e-01  -3.1293000e-02
  -7.1240000e-02  -1.9869200e-01  -3.6100000e-02   9.7680200e-01   1.5491000e-01  -2.5313000e-01  -2.9816000e-02
  -5.4186000e-02  -2.0235700e-01  -3.5164000e-02   9.7717900e-01   1.5378500e-01  -2.5390600e-01  -2.8046000e-02
  -4.7268000e-02  -2.0587700e-01  -3.6599000e-02   9.7675000e-01   1.5243600e-01  -2.5492100e-01  -2.5984000e-02
  -3.7997000e-02  -2.0621500e-01  -3.4643000e-02   9.7715500e-01   1.5243600e-01  -2.5492100e-01  -2.5984000e-02
  -2.4315000e-02  -2.1014500e-01  -3.4950000e-02   9.7674300e-01   1.5085900e-01  -2.5621000e-01  -2.3639000e-02
  -1.5741000e-02  -2.1406000e-01  -3.6658000e-02   9.7600500e-01   1.4901500e-01  -2.5781100e-01  -2.1021000e-02
  -8.6710000e-03  -2.1810800e-01  -3.9114000e-02   9.7510200e-01   1.4688200e-01  -2.5973600e-01  -1.8143000e-02
   5.5500000e-04  -2.2245800e-01  -4.1557000e-02   9.7405600e-01   1.4442200e-01  -2.6201400e-01  -1.5010000e-02
   1.0866000e-02  -2.2709600e-01  -4.4243000e-02   9.7280600e-01   1.4161500e-01  -2.6463500e-01  -1.1644000e-02
   1.8038000e-02  -2.3183700e-01  -4.8283000e-02   9.7138800e-01   1.3846800e-01  -2.6757300e-01  -8.0940000e-03
   2.2453000e-02  -2.3673400e-01  -5.3708000e-02   9.6982900e-01   1.3494200e-01  -2.7083400e-01  -4.3830000e-03
   2.8162000e-02  -2.4203300e-01  -5.9644000e-02   9.6802400e-01   1.3101400e-01  -2.7440000e-01  -5.4300000e-04
   3.6488000e-02  -2.4787200e-01  -6.5814000e-02   9.6586600e-01   1.2667000e-01  -2.7825700e-01   3.3840000e-03
   4.3428000e-02  -2.5407000e-01  -7.3212000e-02   9.6343300e-01   1.2188800e-01  -2.8238500e-01   7.3290000e-03
   4.7702000e-02  -2.6054100e-01  -8.2221000e-02   9.6077200e-01   1.1664000e-01  -2.8677500e-01   1.1235000e-02
   5.4456000e-02  -2.7452800e-01  -1.0344800e-01   9.5444600e-01   1.0482300e-01  -2.9630400e-01   1.8664000e-02
   6.2294000e-02  -2.8907200e-01  -1.2585200e-01   9.4695200e-01   9.2098000e-02  -3.0607100e-01   2.5122000e-02
   6.9445000e-02  -3.0316200e-01  -1.4786000e-01   9.3883300e-01   7.9166000e-02  -3.1539400e-01   3.0595000e-02
   7.4661000e-02  -3.1666900e-01  -1.6962400e-01   9.3025500e-01   6.6244000e-02  -3.2415200e-01   3.5131000e-02
   7.9790000e-02  -3.2387000e-01  -1.7924100e-01   9.2553500e-01   5.9813000e-02  -3.2830400e-01   3.7066000e-02
   8.7600000e-02  -3.3800600e-01  -1.9838800e-01   9.1581700e-01   4.6989000e-02  -3.3621900e-01   4.0318000e-02
   9.5316000e-02  -3.5253300e-01  -2.1626600e-01   9.0546400e-01   3.4169000e-02  -3.4366600e-01   4.2818000e-02
   9.9073000e-02  -3.6663400e-01  -2.3429600e-01   8.9491300e-01   2.1309000e-02  -3.5065600e-01   4.4636000e-02
   9.9073000e-02  -3.6663400e-01  -2.3429600e-01   8.9491300e-01   2.1309000e-02  -3.5065600e-01   4.4636000e-02
   9.9073000e-02  -3.6663400e-01  -2.3429600e-01   8.9491300e-01   2.1309000e-02  -3.5065600e-01   4.4636000e-02
   9.9073000e-02  -3.6663400e-01  -2.3429600e-01   8.9491300e-01   2.1309000e-02  -3.5065600e-01   4.4636000e-02
   9.9073000e-02  -3.6663400e-01  -2.3429600e-01   8.9491300e-01   2.1309000e-02  -3.5065600e-01   4.4636000e-02
   9.9073000e-02  -3.6663400e-01  -2.3429600e-01   8.9491300e-01   2.1309000e-02  -3.5065600e-01   4.4636000e-02
   9.9073000e-02  -3.6663400e-01  -2.3429600e-01   8.9491300e-01   2.1309000e-02  -3.5065600e-01   4.4636000e-02
   9.9073000e-02  -3.6663400e-01  -2.3429600e-01   8.9491300e-01   2.1309000e-02  -3.5065600e-01   4.4636000e-02
   9.9073000e-02  -3.6663400e-01  -2.3429600e-01   8.9491300e-01   2.1309000e-02  -3.5065600e-01   4.4636000e-02
   9.9073000e-02  -3.6663400e-01  -2.3429600e-01   8.9491300e-01   2.1309000e-02  -3.5065600e-01   4.4636000e-02
   9.9073000e-02  -3.6663400e-01  -2.3429600e-01   8.9491300e-01   2.1309000e-02  -3.5065600e-01   4.4636000e-02
   9.9073000e-02  -3.6663400e-01  -2.3429600e-01   8.9491300e-01   2.1309000e-02  -3.5065600e-01   4.4636000e-02
   9.9073000e-02  -3.6663400e-01  -2.3429600e-01   8.9491300e-01   2.1309000e-02  -3.5065600e-01   4.4636000e-02
   9.9073000e-02  -3.6663400e-01  -2.3429600e-01   8.9491300e-01   2.1309000e-02  -3.5065600e-01   4.4636000e-02
   9.9073000e-02  -3.6663400e-01  -2.3429600e-01   8.9491300e-01   2.1309000e-02  -3.5065600e-01   4.4636000e-02
   9.9073000e-02  -3.6663400e-01  -2.3429600e-01   8.9491300e-01   2.1309000e-02  -3.5065600e-01   4.4636000e-02
   9.9073000e-02  -3.6663400e-01  -2.3429600e-01   8.9491300e-01   2.1309000e-02  -3.5065600e-01   4.4636000e-02
   9.9073000e-02  -3.6663400e-01  -2.3429600e-01   8.9491300e-01   2.1309000e-02  -3.5065600e-01   4.4636000e-02
   9.9073000e-02  -3.6663400e-01  -2.3429600e-01   8.9491300e-01   2.1309000e-02  -3.5065600e-01   4.4636000e-02
   1.0014400e-01  -5.2248200e-01  -4.2043600e-01   7.3499500e-01  -1.4975100e-01  -4.8558600e-01   3.3340000e-03
   9.6980000e-02  -5.3940300e-01  -4.1906600e-01   7.2389400e-01  -1.6003200e-01  -4.8871100e-01  -5.2820000e-03
   9.3497000e-02  -5.5677300e-01  -4.1566500e-01   7.1308100e-01  -1.6956600e-01  -4.9089400e-01  -1.4544000e-02
   8.9002000e-02  -5.7405600e-01  -4.1052400e-01   7.0285800e-01  -1.7835500e-01  -4.9214900e-01  -2.4455000e-02
   8.0160000e-02  -5.8916500e-01  -4.0653300e-01   6.9367800e-01  -1.8635600e-01  -4.9247600e-01  -3.4981000e-02
   7.8715000e-02  -5.9851000e-01  -4.0111300e-01   6.8898300e-01  -1.9004500e-01  -4.9229200e-01  -4.0437000e-02
   7.0152000e-02  -6.1393000e-01  -3.9341700e-01   6.8072900e-01  -1.9680100e-01  -4.9123600e-01  -5.1705000e-02
   6.0833000e-02  -6.2888400e-01  -3.8409200e-01   6.7325900e-01  -2.0277600e-01  -4.8926300e-01  -6.3399000e-02
   5.0175000e-02  -6.4298500e-01  -3.7373600e-01   6.6661400e-01  -2.0799900e-01  -4.8636400e-01  -7.5468000e-02
   3.8402000e-02  -6.5639700e-01  -3.6216600e-01   6.6068400e-01  -2.1254200e-01  -4.8251500e-01  -8.7883000e-02
   2.5392000e-02  -6.6909600e-01  -3.4956600e-01   6.5533900e-01  -2.1643400e-01  -4.7767700e-01  -1.0060500e-01
   1.6699000e-02  -6.7425000e-01  -3.4475600e-01   6.5287900e-01  -2.1816600e-01  -4.7489300e-01  -1.0703200e-01
   7.0300000e-04  -6.8514400e-01  -3.3245800e-01   6.4811200e-01  -2.2125000e-01  -4.6863000e-01  -1.1988300e-01
  -1.4342000e-02  -6.9619400e-01  -3.1755000e-01   6.4363900e-01  -2.2391600e-01  -4.6148400e-01  -1.3260400e-01
  -2.7993000e-02  -7.0744400e-01  -2.9977400e-01   6.3943300e-01  -2.2622900e-01  -4.5352400e-01  -1.4504700e-01
  -4.2241000e-02  -7.1800900e-01  -2.8122200e-01   6.3529000e-01  -2.2827000e-01  -4.4473000e-01  -1.5722400e-01
  -5.0026000e-02  -7.2290400e-01  -2.7213400e-01   6.3312700e-01  -2.2922400e-01  -4.4000900e-01  -1.6322000e-01
  -6.6354000e-02  -7.3192300e-01  -2.5384400e-01   6.2884700e-01  -2.3094700e-01  -4.2999600e-01  -1.7487800e-01
  -8.2314000e-02  -7.4022300e-01  -2.3429400e-01   6.2482100e-01  -2.3241100e-01  -4.1939200e-01  -1.8590400e-01
  -9.7760000e-02  -7.4760500e-01  -2.1450200e-01   6.2090100e-01  -2.3356900e-01  -4.0850700e-01  -1.9606500e-01
  -1.1252100e-01  -7.5405700e-01  -1.9463500e-01   6.1713400e-01  -2.3435300e-01  -3.9748000e-01  -2.0534400e-01
  -1.2061900e-01  -7.5668700e-01  -1.8593400e-01   6.1506500e-01  -2.3462900e-01  -3.9193500e-01  -2.0967500e-01
  -1.3494800e-01  -7.6174500e-01  -1.6729600e-01   6.1118400e-01  -2.3487200e-01  -3.8088800e-01  -2.1770900e-01
  -1.4695800e-01  -7.6647400e-01  -1.4688700e-01   6.0773800e-01  -2.3469100e-01  -3.6984400e-01  -2.2502300e-01
  -1.5864900e-01  -7.7038200e-01  -1.2740100e-01   6.0424400e-01  -2.3404600e-01  -3.5884900e-01  -2.3167500e-01
  -1.6998800e-01  -7.7358500e-01  -1.0889700e-01   6.0067600e-01  -2.3297900e-01  -3.4795100e-01  -2.3771000e-01
  -1.8083500e-01  -7.7613000e-01  -9.1202000e-02   5.9716200e-01  -2.3152500e-01  -3.3720700e-01  -2.4314900e-01
  -1.8653200e-01  -7.7708600e-01  -8.3187000e-02   5.9533400e-01  -2.3068900e-01  -3.3190800e-01  -2.4565000e-01
  -1.9608400e-01  -7.7895900e-01  -6.5829000e-02   5.9198000e-01  -2.2874700e-01  -3.2135700e-01  -2.5031600e-01
  -2.0413900e-01  -7.8070000e-01  -4.7842000e-02   5.8868200e-01  -2.2647400e-01  -3.1080500e-01  -2.5459000e-01
  -2.0792500e-01  -7.8142900e-01  -3.9102000e-02   5.8703200e-01  -2.2522700e-01  -3.0558600e-01  -2.5655600e-01
  -2.1472300e-01  -7.8259800e-01  -2.1755000e-02   5.8391900e-01  -2.2253200e-01  -2.9530800e-01  -2.6013400e-01
  -2.2205600e-01  -7.8324900e-01  -6.0230000e-03   5.8066900e-01  -2.1948400e-01  -2.8506900e-01  -2.6329300e-01
  -2.2910700e-01  -7.8348000e-01   8.9500000e-03   5.7757100e-01  -2.1623200e-01  -2.7501900e-01  -2.6600100e-01
  -2.3598100e-01  -7.8330900e-01   2.2821000e-02   5.7464700e-01  -2.1293600e-01  -2.6535300e-01  -2.6823500e-01
  -2.4257500e-01  -7.8276500e-01   3.5818000e-02   5.7197400e-01  -2.0968600e-01  -2.5613000e-01  -2.7002200e-01
  -2.4796500e-01  -7.8172900e-01   4.9476000e-02   5.7005700e-01  -2.0651400e-01  -2.4735300e-01  -2.7139700e-01
  -2.5276400e-01  -7.8125300e-01   5.3080000e-02   5.6827600e-01  -2.0495900e-01  -2.4313700e-01  -2.7194200e-01
  -2.6003600e-01  -7.7987000e-01   6.2804000e-02   5.6589700e-01  -2.0189000e-01  -2.3504700e-01  -2.7277000e-01
  -2.6597200e-01  -7.7808900e-01   7.3434000e-02   5.6430800e-01  -1.9886600e-01  -2.2740300e-01  -2.7328500e-01
  -2.7038700e-01  -7.7593100e-01   8.5324000e-02   5.6350900e-01  -1.9589200e-01  -2.2011400e-01  -2.7354500e-01
  -2.7230200e-01  -7.7478400e-01   9.1342000e-02   5.6322100e-01  -1.9442100e-01  -2.1657400e-01  -2.7359500e-01
  -2.7602600e-01  -7.7238100e-01   1.0281200e-01   5.6273200e-01  -1.9150700e-01  -2.0977200e-01  -2.7353500e-01
  -2.8093700e-01  -7.7000500e-01   1.1199700e-01   5.6180400e-01  -1.8856600e-01  -2.0327000e-01  -2.7326200e-01
  -2.8542700e-01  -7.6759200e-01   1.2068000e-01   5.6104400e-01  -1.8568000e-01  -1.9716900e-01  -2.7282300e-01
  -2.8855900e-01  -7.6500200e-01   1.3009100e-01   5.6087600e-01  -1.8285600e-01  -1.9145300e-01  -2.7225100e-01
  -2.9077300e-01  -7.6235900e-01   1.3960100e-01   5.6104500e-01  -1.8010300e-01  -1.8610500e-01  -2.7157200e-01
  -2.9098800e-01  -7.6088000e-01   1.4512800e-01   5.6153900e-01  -1.7875800e-01  -1.8357000e-01  -2.7120100e-01
  -2.9202900e-01  -7.5820700e-01   1.5453500e-01   5.6210300e-01  -1.7611300e-01  -1.7874500e-01  -2.7040400e-01
  -2.9351000e-01  -7.5579900e-01   1.6244500e-01   5.6234400e-01  -1.7351700e-01  -1.7420500e-01  -2.6953600e-01
  -2.9470200e-01  -7.5343200e-01   1.6998200e-01   5.6267000e-01  -1.7095700e-01  -1.6990800e-01  -2.6860300e-01
  -2.9570200e-01  -7.5109900e-01   1.7709500e-01   5.6307000e-01  -1.6841000e-01  -1.6583600e-01  -2.6760400e-01
  -2.9598000e-01  -7.4991600e-01   1.8065600e-01   5.6337000e-01  -1.6715100e-01  -1.6389800e-01  -2.6708700e-01
  -2.9600300e-01  -7.4759300e-01   1.8785900e-01   5.6408900e-01  -1.6465400e-01  -1.6014700e-01  -2.6602800e-01
  -2.9569600e-01  -7.4545500e-01   1.9467300e-01   5.6476800e-01  -1.6217000e-01  -1.5654300e-01  -2.6493500e-01
  -2.9626700e-01  -7.4360700e-01   1.9989100e-01   5.6508300e-01  -1.5964400e-01  -1.5311000e-01  -2.6377100e-01
  -2.9595200e-01  -7.4150100e-01   2.0579000e-01   5.6589700e-01  -1.5718600e-01  -1.4990200e-01  -2.6258400e-01
  -2.9632700e-01  -7.4163700e-01   2.0529800e-01   5.6570100e-01  -1.5718600e-01  -1.4990200e-01  -2.6258400e-01
  -2.9546600e-01  -7.3855700e-01   2.1011200e-01   5.6840700e-01  -1.5429200e-01  -1.4681700e-01  -2.6260600e-01
  -2.9412800e-01  -7.3459100e-01   2.1397300e-01   5.7278300e-01  -1.5094000e-01  -1.4378000e-01  -2.6364700e-01
  -2.9542200e-01  -7.3122700e-01   2.1406800e-01   5.7637500e-01  -1.4745500e-01  -1.4087000e-01  -2.6488900e-01
  -2.9638800e-01  -7.2777000e-01   2.1431200e-01   5.8015100e-01  -1.4408900e-01  -1.3819600e-01  -2.6608700e-01
  -2.9669300e-01  -7.2600400e-01   2.1459800e-01   5.8209900e-01  -1.4248100e-01  -1.3695400e-01  -2.6665900e-01
  -2.9698100e-01  -7.2248100e-01   2.1546800e-01   5.8600100e-01  -1.3945000e-01  -1.3466500e-01  -2.6772100e-01
  -2.9777500e-01  -7.1933700e-01   2.1558700e-01   5.8941200e-01  -1.3666600e-01  -1.3261000e-01  -2.6868800e-01
  -2.9848600e-01  -7.1638200e-01   2.1574000e-01   5.9258700e-01  -1.3415200e-01  -1.3077500e-01  -2.6956100e-01
  -2.9953400e-01  -7.1380400e-01   2.1534400e-01   5.9530700e-01  -1.3186900e-01  -1.2914100e-01  -2.7035000e-01
  -3.0014900e-01  -7.1139100e-01   2.1527500e-01   5.9790500e-01  -1.2980500e-01  -1.2767800e-01  -2.7105700e-01
  -3.0068000e-01  -7.1037700e-01   2.1492000e-01   5.9897000e-01  -1.2885100e-01  -1.2700400e-01  -2.7138000e-01
  -3.0030000e-01  -7.0800100e-01   2.1585500e-01   6.0163200e-01  -1.2708600e-01  -1.2576000e-01  -2.7197600e-01
  -3.0041000e-01  -7.0601900e-01   2.1611200e-01   6.0381000e-01  -1.2547500e-01  -1.2464600e-01  -2.7249600e-01
  -3.0088100e-01  -7.0444600e-01   2.1580100e-01   6.0552100e-01  -1.2401000e-01  -1.2365500e-01  -2.7292300e-01
  -3.0099800e-01  -7.0371700e-01   2.1573500e-01   6.0633400e-01  -1.2334000e-01  -1.2320700e-01  -2.7311300e-01
  -3.0048800e-01  -7.0215500e-01   2.1640900e-01   6.0815500e-01  -1.2210500e-01  -1.2238900e-01  -2.7344300e-01
  -3.0028200e-01  -7.0090300e-01   2.1663800e-01   6.0961800e-01  -1.2098500e-01  -1.2167000e-01  -2.7370600e-01
  -3.0043400e-01  -6.9991200e-01   2.1638700e-01   6.1076900e-01  -1.1994900e-01  -1.2103800e-01  -2.7392200e-01
  -3.0042000e-01  -6.9944200e-01   2.1631600e-01   6.1133900e-01  -1.1944700e-01  -1.2075900e-01  -2.7400000e-01
  -2.9984800e-01  -6.9833000e-01   2.1681800e-01   6.1271200e-01  -1.1846500e-01  -1.2026300e-01  -2.7409600e-01
  -2.9935900e-01  -6.9728000e-01   2.1724900e-01   6.1399300e-01  -1.1753000e-01  -1.1983700e-01  -2.7413900e-01
  -2.9914400e-01  -6.9679100e-01   2.1743500e-01   6.1458700e-01  -1.1708200e-01  -1.1964100e-01  -2.7414500e-01
  -2.9827100e-01  -6.9607900e-01   2.1837000e-01   6.1548600e-01  -1.1664800e-01  -1.1946500e-01  -2.7413800e-01
  -2.9710900e-01  -6.9532200e-01   2.1957800e-01   6.1647200e-01  -1.1620700e-01  -1.1929400e-01  -2.7410200e-01
  -2.9710900e-01  -6.9532200e-01   2.1957800e-01   6.1647200e-01  -1.1620700e-01  -1.1929400e-01  -2.7410200e-01
  -2.9591400e-01  -6.9461400e-01   2.2076100e-01   6.1742200e-01  -1.1574700e-01  -1.1912000e-01  -2.7403200e-01
  -2.9441600e-01  -6.9384400e-01   2.2225300e-01   6.1846800e-01  -1.1526900e-01  -1.1893700e-01  -2.7392700e-01
  -2.9308100e-01  -6.9316600e-01   2.2354200e-01   6.1939700e-01  -1.1477300e-01  -1.1874700e-01  -2.7378400e-01
  -2.9233000e-01  -6.9272400e-01   2.2417000e-01   6.2002000e-01  -1.1425400e-01  -1.1854900e-01  -2.7360100e-01
  -2.9121900e-01  -6.9216200e-01   2.2523900e-01   6.2078200e-01  -1.1372000e-01  -1.1833500e-01  -2.7337300e-01
  -2.8988400e-01  -6.9153000e-01   2.2659000e-01   6.2162000e-01  -1.1317300e-01  -1.1810700e-01  -2.7310600e-01
  -2.8922700e-01  -6.9114300e-01   2.2723700e-01   6.2211900e-01  -1.1261500e-01  -1.1786400e-01  -2.7279700e-01
  -2.8844800e-01  -6.9071700e-01   2.2807200e-01   6.2264800e-01  -1.1205300e-01  -1.1760500e-01  -2.7245400e-01
  -2.8735400e-01  -6.9018200e-01   2.2932100e-01   6.2328900e-01  -1.1148900e-01  -1.1732000e-01  -2.7207400e-01
  -2.8671100e-01  -6.8981600e-01   2.3013100e-01   6.2369100e-01  -1.1092900e-01  -1.1701200e-01  -2.7166700e-01
  -2.8624000e-01  -6.8949800e-01   2.3082500e-01   6.2400300e-01  -1.1037300e-01  -1.1668200e-01  -2.7124300e-01
  -2.8606600e-01  -6.8928400e-01   2.3124100e-01   6.2416500e-01  -1.0982800e-01  -1.1633600e-01  -2.7080900e-01
  -2.8588700e-01  -6.8906400e-01   2.3172100e-01   6.2431200e-01  -1.0929600e-01  -1.1597300e-01  -2.7036600e-01
  -2.8531100e-01  -6.8868100e-01   2.3270400e-01   6.2463200e-01  -1.0878400e-01  -1.1559000e-01  -2.6992700e-01
  -2.8498200e-01  -6.8837800e-01   2.3344400e-01   6.2484000e-01  -1.0829000e-01  -1.1519800e-01  -2.6950400e-01
  -2.8547800e-01  -6.8836300e-01   2.3329800e-01   6.2468500e-01  -1.0781600e-01  -1.1480300e-01  -2.6910700e-01
  -2.8496300e-01  -6.8793500e-01   2.3430000e-01   6.2501600e-01  -1.0736400e-01  -1.1441000e-01  -2.6873700e-01
  -2.8639300e-01  -6.8847000e-01   2.3272500e-01   6.2436200e-01  -1.0736400e-01  -1.1441000e-01  -2.6873700e-01
  -2.8730800e-01  -6.8857500e-01   2.3214100e-01   6.2404300e-01  -1.0692700e-01  -1.1402500e-01  -2.6838800e-01
  -2.8764700e-01  -6.8846800e-01   2.3215100e-01   6.2400100e-01  -1.0650600e-01  -1.1365900e-01  -2.6806900e-01
  -2.8679800e-01  -6.8792000e-01   2.3346100e-01   6.2450600e-01  -1.0610700e-01  -1.1330200e-01  -2.6777200e-01
  -2.8652400e-01  -6.8759000e-01   2.3412600e-01   6.2474700e-01  -1.0573400e-01  -1.1295300e-01  -2.6750400e-01
  -2.8712400e-01  -6.8760300e-01   2.3379300e-01   6.2458200e-01  -1.0538600e-01  -1.1262100e-01  -2.6726600e-01
  -2.8785000e-01  -6.8768900e-01   2.3326300e-01   6.2435100e-01  -1.0506000e-01  -1.1230900e-01  -2.6705800e-01
  -2.8754500e-01  -6.8741400e-01   2.3381900e-01   6.2458600e-01  -1.0475200e-01  -1.1201200e-01  -2.6687400e-01
  -2.8706200e-01  -6.8710500e-01   2.3451800e-01   6.2488700e-01  -1.0446900e-01  -1.1173300e-01  -2.6671500e-01
  -2.8671200e-01  -6.8687100e-01   2.3502000e-01   6.2511600e-01  -1.0420800e-01  -1.1147100e-01  -2.6658300e-01
  -2.8685000e-01  -6.8683900e-01   2.3493100e-01   6.2512100e-01  -1.0396500e-01  -1.1122900e-01  -2.6648000e-01
  -2.8646400e-01  -6.8663500e-01   2.3535700e-01   6.2536300e-01  -1.0373700e-01  -1.1100200e-01  -2.6640600e-01
