  -2.9457000e-02  -1.6773000e-01  -1.3221000e-02   9.8530400e-01   1.6849900e-01  -2.2509500e-01  -2.1795000e-02
  -2.9857000e-02  -1.6767900e-01  -1.3341000e-02   9.8529900e-01   1.6852500e-01  -2.2499400e-01  -2.1697000e-02
  -2.9896000e-02  -1.6766500e-01  -1.3292000e-02   9.8530100e-01   1.6852900e-01  -2.2489300e-01  -2.1565000e-02
  -2.9371000e-02  -1.6767500e-01  -1.3162000e-02   9.8531700e-01   1.6852600e-01  -2.2484200e-01  -2.1490000e-02
  -2.6952000e-02  -1.6774800e-01  -1.2719000e-02   9.8537900e-01   1.6851700e-01  -2.2473400e-01  -2.1330000e-02
  -2.2830000e-02  -1.6789500e-01  -1.2117000e-02   9.8546600e-01   1.6850000e-01  -2.2465200e-01  -2.1148000e-02
  -2.0348000e-02  -1.6801300e-01  -1.1813000e-02   9.8550400e-01   1.6849000e-01  -2.2460500e-01  -2.1049000e-02
  -1.5154000e-02  -1.6837700e-01  -1.1261000e-02   9.8554200e-01   1.6845100e-01  -2.2450900e-01  -2.0841000e-02
  -9.7590000e-03  -1.6889200e-01  -1.0859000e-02   9.8552600e-01   1.6839000e-01  -2.2442800e-01  -2.0611000e-02
  -6.8620000e-03  -1.6918900e-01  -1.0691000e-02   9.8550200e-01   1.6835200e-01  -2.2439900e-01  -2.0481000e-02
  -1.0760000e-03  -1.6956000e-01  -1.0051000e-02   9.8546800e-01   1.6830000e-01  -2.2437800e-01  -2.0322000e-02
   3.3390000e-03  -1.7000900e-01  -9.6700000e-03   9.8538900e-01   1.6821900e-01  -2.2437000e-01  -2.0114000e-02
   5.0530000e-03  -1.7052600e-01  -9.8110000e-03   9.8529100e-01   1.6810300e-01  -2.2438700e-01  -1.9833000e-02
   6.0950000e-03  -1.7053700e-01  -9.6310000e-03   9.8528500e-01   1.6810300e-01  -2.2438700e-01  -1.9833000e-02
   8.1590000e-03  -1.7114900e-01  -9.7900000e-03   9.8516300e-01   1.6794100e-01  -2.2446700e-01  -1.9448000e-02
   9.9690000e-03  -1.7187500e-01  -1.0073000e-02   9.8501700e-01   1.6771600e-01  -2.2462900e-01  -1.8939000e-02
   1.1854000e-02  -1.7270800e-01  -1.0387000e-02   9.8484700e-01   1.6741800e-01  -2.2488700e-01  -1.8284000e-02
   1.4767000e-02  -1.7358600e-01  -1.0600000e-02   9.8465100e-01   1.6705000e-01  -2.2526900e-01  -1.7442000e-02
   2.0873000e-02  -1.7450100e-01  -1.0432000e-02   9.8438100e-01   1.6662400e-01  -2.2578000e-01  -1.6410000e-02
   2.9506000e-02  -1.7537500e-01  -1.0075000e-02   9.8400800e-01   1.6615000e-01  -2.2644700e-01  -1.5163000e-02
   3.8887000e-02  -1.7613000e-01  -9.8950000e-03   9.8354900e-01   1.6564100e-01  -2.2727200e-01  -1.3686000e-02
   4.6446000e-02  -1.7675000e-01  -1.0364000e-02   9.8310500e-01   1.6508700e-01  -2.2825500e-01  -1.1960000e-02
   5.1774000e-02  -1.7726000e-01  -1.1588000e-02   9.8273300e-01   1.6446600e-01  -2.2942900e-01  -9.9650000e-03
   5.3137000e-02  -1.7762500e-01  -1.3841000e-02   9.8256500e-01   1.6375400e-01  -2.3083200e-01  -7.6970000e-03
   5.2350000e-02  -1.7786500e-01  -1.6794000e-02   9.8251800e-01   1.6294300e-01  -2.3245700e-01  -5.1730000e-03
   5.1676000e-02  -1.7803400e-01  -2.0047000e-02   9.8246200e-01   1.6201900e-01  -2.3430700e-01  -2.4110000e-03
   5.1994000e-02  -1.7818700e-01  -2.3460000e-02   9.8234200e-01   1.6097900e-01  -2.3635600e-01   5.6000000e-04
   5.3949000e-02  -1.7841800e-01  -2.6866000e-02   9.8210700e-01   1.5979200e-01  -2.3860800e-01   3.7140000e-03
   5.7406000e-02  -1.7879800e-01  -3.0286000e-02   9.8174300e-01   1.5844700e-01  -2.4105400e-01   7.0080000e-03
   6.2390000e-02  -1.7939500e-01  -3.3713000e-02   9.8121800e-01   1.5692900e-01  -2.4369300e-01   1.0395000e-02
   6.4820000e-02  -1.8009800e-01  -3.7883000e-02   9.8077900e-01   1.5523000e-01  -2.4651400e-01   1.3855000e-02
   6.8584000e-02  -1.8024200e-01  -3.7191000e-02   9.8052300e-01   1.5523000e-01  -2.4651400e-01   1.3855000e-02
   7.2888000e-02  -1.8125300e-01  -4.1300000e-02   9.7986200e-01   1.5334200e-01  -2.4950200e-01   1.7360000e-02
   7.4116000e-02  -1.8239700e-01  -4.6291000e-02   9.7933400e-01   1.5125200e-01  -2.5266000e-01   2.0881000e-02
   7.4094000e-02  -1.8378000e-01  -5.1844000e-02   9.7879900e-01   1.4894400e-01  -2.5598100e-01   2.4385000e-02
   7.4321000e-02  -1.8549700e-01  -5.7680000e-02   9.7813100e-01   1.4641400e-01  -2.5944200e-01   2.7844000e-02
   7.5257000e-02  -1.8762300e-01  -6.3718000e-02   9.7727900e-01   1.4365100e-01  -2.6303200e-01   3.1234000e-02
   7.6519000e-02  -1.9018500e-01  -7.0103000e-02   9.7624800e-01   1.4066800e-01  -2.6673600e-01   3.4491000e-02
   7.7658000e-02  -1.9322400e-01  -7.6903000e-02   9.7504900e-01   1.3743500e-01  -2.7055900e-01   3.7592000e-02
   7.8731000e-02  -1.9675400e-01  -8.4120000e-02   9.7365900e-01   1.3394400e-01  -2.7450700e-01   4.0521000e-02
   8.4214000e-02  -2.0124600e-01  -9.0834000e-02   9.7167800e-01   1.3018600e-01  -2.7857600e-01   4.3236000e-02
   8.7202000e-02  -2.0613700e-01  -9.8389000e-02   9.6965100e-01   1.2616000e-01  -2.8272500e-01   4.5706000e-02
   8.8521000e-02  -2.1144900e-01  -1.0660700e-01   9.6751700e-01   1.2186600e-01  -2.8695200e-01   4.7921000e-02
   8.8140000e-02  -2.1718400e-01  -1.1551100e-01   9.6525600e-01   1.1728300e-01  -2.9124600e-01   4.9866000e-02
   8.5369000e-02  -2.3020400e-01  -1.3473200e-01   9.5998200e-01   1.0728700e-01  -3.0001300e-01   5.2797000e-02
   8.3048000e-02  -2.4432100e-01  -1.5406000e-01   9.5376900e-01   9.6865000e-02  -3.0849200e-01   5.4552000e-02
   7.9009000e-02  -2.5806200e-01  -1.7297700e-01   9.4722800e-01   8.6529000e-02  -3.1628100e-01   5.5464000e-02
   7.6162000e-02  -2.7166700e-01  -1.9049600e-01   9.4027000e-01   7.6438000e-02  -3.2337500e-01   5.5704000e-02
   6.8830000e-02  -2.7712100e-01  -2.0061700e-01   9.3713300e-01   7.1479000e-02  -3.2669400e-01   5.5602000e-02
   6.3554000e-02  -2.8973300e-01  -2.1760000e-01   9.2987400e-01   6.1690000e-02  -3.3298300e-01   5.5026000e-02
   6.1322000e-02  -3.0290400e-01  -2.3290200e-01   9.2208700e-01   5.2024000e-02  -3.3890000e-01   5.4019000e-02
   6.1941000e-02  -3.1694100e-01  -2.4646000e-01   9.1376700e-01   4.2424000e-02  -3.4446400e-01   5.2600000e-02
   6.3203000e-02  -3.3146400e-01  -2.5904000e-01   9.0500600e-01   3.2831000e-02  -3.4971900e-01   5.0808000e-02
   6.1437000e-02  -3.4533500e-01  -2.7194000e-01   8.9611300e-01   2.3209000e-02  -3.5476900e-01   4.8714000e-02
   6.2751000e-02  -3.5300000e-01  -2.7703500e-01   8.9146200e-01   1.8367000e-02  -3.5722600e-01   4.7588000e-02
   6.2751000e-02  -3.5300000e-01  -2.7703500e-01   8.9146200e-01   1.8367000e-02  -3.5722600e-01   4.7588000e-02
   6.2751000e-02  -3.5300000e-01  -2.7703500e-01   8.9146200e-01   1.8367000e-02  -3.5722600e-01   4.7588000e-02
   6.2751000e-02  -3.5300000e-01  -2.7703500e-01   8.9146200e-01   1.8367000e-02  -3.5722600e-01   4.7588000e-02
   6.2751000e-02  -3.5300000e-01  -2.7703500e-01   8.9146200e-01   1.8367000e-02  -3.5722600e-01   4.7588000e-02
   5.3079000e-02  -3.9397900e-01  -3.2463200e-01   8.5824100e-01  -1.6733000e-02  -3.8910800e-01   3.5412000e-02
   5.1298000e-02  -4.0025400e-01  -3.3284500e-01   8.5227900e-01  -2.2903000e-02  -3.9649500e-01   3.2144000e-02
   4.6008000e-02  -4.0596300e-01  -3.4225400e-01   8.4613200e-01  -2.9424000e-02  -4.0378600e-01   2.8379000e-02
   4.8496000e-02  -4.1130900e-01  -3.4433000e-01   8.4256100e-01  -3.2828000e-02  -4.0732900e-01   2.6297000e-02
   4.5357000e-02  -4.1893300e-01  -3.5209600e-01   8.3574300e-01  -3.9754000e-02  -4.1429900e-01   2.1904000e-02
   3.8893000e-02  -4.2609600e-01  -3.6093200e-01   8.2864800e-01  -4.7043000e-02  -4.2109000e-01   1.6919000e-02
   3.4442000e-02  -4.3537800e-01  -3.6848200e-01   8.2065900e-01  -5.4769000e-02  -4.2773100e-01   1.1157000e-02
   3.5823000e-02  -4.4201700e-01  -3.7011100e-01   8.1630600e-01  -5.8746000e-02  -4.3093000e-01   8.0550000e-03
   3.2389000e-02  -4.5311200e-01  -3.7610500e-01   8.0758000e-01  -6.6844000e-02  -4.3698900e-01   1.4920000e-03
   3.0639000e-02  -4.5892600e-01  -3.7878300e-01   8.0310100e-01  -7.0973000e-02  -4.3984800e-01  -1.9580000e-03
   2.9099000e-02  -4.7215600e-01  -3.8212900e-01   7.9385100e-01  -7.9388000e-02  -4.4519300e-01  -9.2510000e-03
   3.3428000e-02  -4.9019100e-01  -3.8029800e-01   7.8356100e-01  -8.8401000e-02  -4.5017500e-01  -1.7655000e-02
   4.0743000e-02  -5.1083200e-01  -3.7467500e-01   7.7266400e-01  -9.7629000e-02  -4.5451700e-01  -2.6692000e-02
   4.5654000e-02  -5.3106700e-01  -3.6864400e-01   7.6156700e-01  -1.0689100e-01  -4.5810400e-01  -3.6164000e-02
   4.1450000e-02  -5.4753000e-01  -3.6727000e-01   7.5073600e-01  -1.1614100e-01  -4.6090100e-01  -4.6034000e-02
   4.9866000e-02  -5.6107700e-01  -3.5816200e-01   7.4459800e-01  -1.2074600e-01  -4.6199300e-01  -5.1101000e-02
   5.1049000e-02  -5.8090400e-01  -3.4986400e-01   7.3317100e-01  -1.2990500e-01  -4.6355000e-01  -6.1478000e-02
   4.9119000e-02  -5.9962700e-01  -3.4186800e-01   7.2191500e-01  -1.3898700e-01  -4.6424400e-01  -7.2169000e-02
   4.4552000e-02  -6.1743700e-01  -3.3403300e-01   7.1078100e-01  -1.4788300e-01  -4.6400400e-01  -8.3173000e-02
   3.8255000e-02  -6.3471300e-01  -3.2555900e-01   6.9977700e-01  -1.5654000e-01  -4.6277500e-01  -9.4490000e-02
   3.0511000e-02  -6.5149800e-01  -3.1620800e-01   6.8893500e-01  -1.6496300e-01  -4.6054200e-01  -1.0606500e-01
   2.1525000e-02  -6.6768700e-01  -3.0593800e-01   6.7833100e-01  -1.7312000e-01  -4.5731700e-01  -1.1776500e-01
   9.7420000e-03  -6.8251500e-01  -2.9622900e-01   6.6807700e-01  -1.8103900e-01  -4.5309400e-01  -1.2953800e-01
   5.9380000e-03  -6.9072500e-01  -2.8837100e-01   6.6310300e-01  -1.8495200e-01  -4.5064000e-01  -1.3539100e-01
  -4.3870000e-03  -7.0560600e-01  -2.7376400e-01   6.5357000e-01  -1.9256100e-01  -4.4501600e-01  -1.4699800e-01
  -1.3821000e-02  -7.2027800e-01  -2.5617400e-01   6.4450200e-01  -1.9970000e-01  -4.3841700e-01  -1.5842300e-01
  -2.3468000e-02  -7.3409300e-01  -2.3699400e-01   6.3591700e-01  -2.0629300e-01  -4.3089400e-01  -1.6956800e-01
  -3.5119000e-02  -7.4625000e-01  -2.1864300e-01   6.2775200e-01  -2.1228800e-01  -4.2253400e-01  -1.8032700e-01
  -4.8455000e-02  -7.5682800e-01  -2.0114700e-01   6.2000200e-01  -2.1762500e-01  -4.1342700e-01  -1.9061100e-01
  -6.2832000e-02  -7.6608300e-01  -1.8415400e-01   6.1258100e-01  -2.2226500e-01  -4.0365800e-01  -2.0037700e-01
  -7.7361000e-02  -7.7423800e-01  -1.6698800e-01   6.0554600e-01  -2.2618100e-01  -3.9336000e-01  -2.0955100e-01
  -9.1903000e-02  -7.8125400e-01  -1.4990800e-01   5.9893500e-01  -2.2932000e-01  -3.8268000e-01  -2.1807400e-01
  -9.8900000e-02  -7.8438800e-01  -1.4113700e-01   5.9584800e-01  -2.3059600e-01  -3.7724200e-01  -2.2207900e-01
  -1.1292600e-01  -7.8975300e-01  -1.2391800e-01   5.9007000e-01  -2.3258600e-01  -3.6622600e-01  -2.2957900e-01
  -1.2495900e-01  -7.9437300e-01  -1.0480900e-01   5.8512600e-01  -2.3380600e-01  -3.5512300e-01  -2.3640800e-01
  -1.3657400e-01  -7.9794300e-01  -8.5920000e-02   5.8073400e-01  -2.3419900e-01  -3.4392700e-01  -2.4263200e-01
  -1.4647800e-01  -8.0069400e-01  -6.5897000e-02   5.7714100e-01  -2.3385900e-01  -3.3279500e-01  -2.4822900e-01
  -1.5655300e-01  -8.0243200e-01  -4.7281000e-02   5.7389700e-01  -2.3283400e-01  -3.2174400e-01  -2.5324100e-01
  -1.6668000e-01  -8.0327800e-01  -2.9951000e-02   5.7102100e-01  -2.3125700e-01  -3.1086500e-01  -2.5766500e-01
  -1.7189800e-01  -8.0339000e-01  -2.2020000e-02   5.6967600e-01  -2.3028600e-01  -3.0552800e-01  -2.5965400e-01
  -1.8183000e-01  -8.0314000e-01  -6.5710000e-03   5.6732800e-01  -2.2798100e-01  -2.9506300e-01  -2.6321600e-01
  -1.9073500e-01  -8.0234700e-01   8.9110000e-03   5.6549100e-01  -2.2520000e-01  -2.8482900e-01  -2.6627500e-01
  -1.9830400e-01  -8.0102400e-01   2.4911000e-02   5.6428300e-01  -2.2198700e-01  -2.7483100e-01  -2.6885400e-01
  -2.0579500e-01  -7.9922100e-01   3.9740000e-02   5.6330700e-01  -2.1837900e-01  -2.6507900e-01  -2.7096700e-01
  -2.1376100e-01  -7.9697800e-01   5.2806000e-02   5.6244500e-01  -2.1449500e-01  -2.5564300e-01  -2.7261000e-01
  -2.2046400e-01  -7.9416000e-01   6.6703000e-02   5.6236600e-01  -2.1045400e-01  -2.4657800e-01  -2.7380200e-01
  -2.2470300e-01  -7.9275700e-01   7.1974000e-02   5.6201900e-01  -2.0838900e-01  -2.4218300e-01  -2.7424500e-01
  -2.3066000e-01  -7.8947300e-01   8.5196000e-02   5.6237800e-01  -2.0419600e-01  -2.3368000e-01  -2.7484900e-01
  -2.3488200e-01  -7.8584500e-01   9.9725000e-02   5.6332300e-01  -1.9994200e-01  -2.2543700e-01  -2.7513600e-01
  -2.3606200e-01  -7.8364400e-01   1.0817700e-01   5.6433600e-01  -1.9771500e-01  -2.2136500e-01  -2.7514200e-01
  -2.4189100e-01  -7.7953500e-01   1.1992500e-01   5.6518400e-01  -1.9314400e-01  -2.1342100e-01  -2.7488000e-01
  -2.4778800e-01  -7.7528500e-01   1.3068900e-01   5.6608700e-01  -1.8863300e-01  -2.0590300e-01  -2.7431600e-01
  -2.5284100e-01  -7.7074200e-01   1.4167800e-01   5.6741200e-01  -1.8421700e-01  -1.9883800e-01  -2.7348800e-01
  -2.5827300e-01  -7.6623600e-01   1.5126000e-01   5.6859200e-01  -1.7989700e-01  -1.9220400e-01  -2.7243400e-01
  -2.6397900e-01  -7.6186600e-01   1.5955500e-01   5.6957700e-01  -1.7569300e-01  -1.8597800e-01  -2.7119500e-01
  -2.6831800e-01  -7.5720800e-01   1.6880200e-01   5.7109300e-01  -1.7160600e-01  -1.8012400e-01  -2.6980400e-01
  -2.7034500e-01  -7.5488100e-01   1.7329200e-01   5.7187300e-01  -1.6960500e-01  -1.7732400e-01  -2.6905800e-01
  -2.7340100e-01  -7.4997700e-01   1.8308100e-01   5.7381900e-01  -1.6572300e-01  -1.7195400e-01  -2.6748900e-01
  -2.7740000e-01  -7.4553700e-01   1.9096600e-01   5.7511300e-01  -1.6202000e-01  -1.6684700e-01  -2.6584300e-01
  -2.7942200e-01  -7.4342800e-01   1.9460400e-01   5.7564600e-01  -1.6022800e-01  -1.6437900e-01  -2.6499800e-01
  -2.8334400e-01  -7.3918000e-01   2.0170000e-01   5.7675500e-01  -1.5671700e-01  -1.5963400e-01  -2.6324000e-01
  -2.8718500e-01  -7.3498700e-01   2.0839400e-01   5.7783300e-01  -1.5336000e-01  -1.5516800e-01  -2.6143100e-01
  -2.9083600e-01  -7.3103500e-01   2.1455200e-01   5.7876500e-01  -1.5025600e-01  -1.5103600e-01  -2.5964600e-01
  -2.9435700e-01  -7.2737400e-01   2.2006600e-01   5.7952800e-01  -1.4739200e-01  -1.4723500e-01  -2.5790400e-01
  -2.9698900e-01  -7.2371900e-01   2.2586600e-01   5.8052900e-01  -1.4472600e-01  -1.4375100e-01  -2.5620900e-01
  -2.9840000e-01  -7.2206600e-01   2.2833400e-01   5.8089800e-01  -1.4347000e-01  -1.4212700e-01  -2.5538600e-01
  -3.0043000e-01  -7.1852700e-01   2.3347300e-01   5.8219500e-01  -1.4100000e-01  -1.3907500e-01  -2.5400500e-01
  -3.0291100e-01  -7.1465900e-01   2.3609800e-01   5.8460700e-01  -1.3810700e-01  -1.3613100e-01  -2.5382500e-01
  -3.0436200e-01  -7.1281500e-01   2.3672300e-01   5.8585000e-01  -1.3662600e-01  -1.3470200e-01  -2.5393300e-01
  -3.0731400e-01  -7.0928400e-01   2.3747600e-01   5.8828500e-01  -1.3375800e-01  -1.3199000e-01  -2.5426100e-01
  -3.0948900e-01  -7.0559200e-01   2.3877000e-01   5.9105500e-01  -1.3101900e-01  -1.2948600e-01  -2.5462600e-01
  -3.1164300e-01  -7.0219500e-01   2.3965000e-01   5.9360600e-01  -1.2848200e-01  -1.2720800e-01  -2.5500300e-01
  -3.1419000e-01  -6.9930700e-01   2.3963500e-01   5.9567600e-01  -1.2616600e-01  -1.2515300e-01  -2.5539700e-01
  -3.1556500e-01  -6.9802300e-01   2.3933300e-01   5.9657600e-01  -1.2507400e-01  -1.2420400e-01  -2.5560800e-01
  -3.1719400e-01  -6.9525100e-01   2.3971200e-01   5.9879300e-01  -1.2301400e-01  -1.2244600e-01  -2.5605200e-01
  -3.1763800e-01  -6.9234200e-01   2.4100300e-01   6.0140400e-01  -1.2111200e-01  -1.2087800e-01  -2.5651800e-01
  -3.1785200e-01  -6.9098300e-01   2.4152600e-01   6.0264200e-01  -1.2021500e-01  -1.2015900e-01  -2.5675400e-01
  -3.1875300e-01  -6.8866600e-01   2.4178700e-01   6.0471100e-01  -1.1853200e-01  -1.1881000e-01  -2.5725400e-01
  -3.1968500e-01  -6.8660700e-01   2.4168700e-01   6.0659700e-01  -1.1697300e-01  -1.1760500e-01  -2.5778100e-01
  -3.1956100e-01  -6.8436600e-01   2.4255200e-01   6.0884500e-01  -1.1555400e-01  -1.1654200e-01  -2.5829300e-01
  -3.1935800e-01  -6.8328500e-01   2.4305000e-01   6.0996600e-01  -1.1489400e-01  -1.1606100e-01  -2.5854300e-01
  -3.1907700e-01  -6.8136900e-01   2.4371800e-01   6.1198700e-01  -1.1365900e-01  -1.1518900e-01  -2.5902700e-01
  -3.1909300e-01  -6.7981400e-01   2.4383800e-01   6.1365800e-01  -1.1250600e-01  -1.1440700e-01  -2.5947500e-01
  -3.1954900e-01  -6.7927400e-01   2.4335600e-01   6.1420900e-01  -1.1196300e-01  -1.1404600e-01  -2.5969200e-01
  -3.1967200e-01  -6.7795300e-01   2.4322700e-01   6.1565500e-01  -1.1094000e-01  -1.1339600e-01  -2.6010800e-01
  -3.1957200e-01  -6.7728300e-01   2.4330400e-01   6.1641300e-01  -1.1046700e-01  -1.1310600e-01  -2.6030900e-01
  -3.1939200e-01  -6.7661900e-01   2.4344900e-01   6.1717800e-01  -1.1002000e-01  -1.1283800e-01  -2.6050600e-01
  -3.1927200e-01  -6.7602300e-01   2.4348700e-01   6.1787700e-01  -1.0959300e-01  -1.1258500e-01  -2.6070700e-01
  -3.2003900e-01  -6.7579900e-01   2.4253800e-01   6.1809900e-01  -1.0918400e-01  -1.1234800e-01  -2.6090700e-01
  -3.2075300e-01  -6.7557100e-01   2.4161600e-01   6.1833900e-01  -1.0878700e-01  -1.1212900e-01  -2.6111400e-01
  -3.2042600e-01  -6.7495200e-01   2.4181100e-01   6.1910700e-01  -1.0840800e-01  -1.1192700e-01  -2.6132900e-01
  -3.2019700e-01  -6.7441000e-01   2.4186900e-01   6.1979400e-01  -1.0806200e-01  -1.1174600e-01  -2.6155500e-01
  -3.2051400e-01  -6.7412800e-01   2.4130800e-01   6.2015500e-01  -1.0775700e-01  -1.1158200e-01  -2.6179400e-01
  -3.2068600e-01  -6.7385400e-01   2.4086000e-01   6.2053800e-01  -1.0749600e-01  -1.1144600e-01  -2.6204400e-01
  -3.2053100e-01  -6.7353300e-01   2.4070600e-01   6.2102700e-01  -1.0727300e-01  -1.1133300e-01  -2.6230200e-01
  -3.1998600e-01  -6.7312500e-01   2.4094600e-01   6.2165600e-01  -1.0708800e-01  -1.1123100e-01  -2.6256200e-01
  -3.1991400e-01  -6.7296700e-01   2.4065100e-01   6.2197900e-01  -1.0694600e-01  -1.1113600e-01  -2.6283300e-01
  -3.1986700e-01  -6.7289300e-01   2.4030200e-01   6.2221800e-01  -1.0684500e-01  -1.1104500e-01  -2.6310900e-01
  -3.1995400e-01  -6.7293700e-01   2.3978800e-01   6.2232300e-01  -1.0678000e-01  -1.1096200e-01  -2.6338500e-01
  -3.1976200e-01  -6.7293200e-01   2.3956200e-01   6.2251500e-01  -1.0674300e-01  -1.1087900e-01  -2.6365800e-01
  -3.1956700e-01  -6.7298900e-01   2.3932800e-01   6.2264300e-01  -1.0673600e-01  -1.1079200e-01  -2.6392800e-01
  -3.1941200e-01  -6.7293000e-01   2.3949500e-01   6.2272300e-01  -1.0673600e-01  -1.1079200e-01  -2.6392800e-01
  -3.1895800e-01  -6.7294900e-01   2.3952700e-01   6.2292200e-01  -1.0675300e-01  -1.1070000e-01  -2.6419200e-01
  -3.1874900e-01  -6.7311800e-01   2.3929500e-01   6.2293500e-01  -1.0679600e-01  -1.1060300e-01  -2.6444700e-01
  -3.1855900e-01  -6.7334300e-01   2.3904500e-01   6.2288600e-01  -1.0685900e-01  -1.1050000e-01  -2.6469300e-01
  -3.1820200e-01  -6.7353900e-01   2.3897700e-01   6.2288300e-01  -1.0693500e-01  -1.1039100e-01  -2.6492900e-01
  -3.1782700e-01  -6.7375500e-01   2.3892300e-01   6.2286100e-01  -1.0701200e-01  -1.1026800e-01  -2.6515900e-01
  -3.1749400e-01  -6.7400300e-01   2.3882800e-01   6.2279900e-01  -1.0708800e-01  -1.1014100e-01  -2.6537600e-01
  -3.1734600e-01  -6.7432800e-01   2.3855400e-01   6.2262700e-01  -1.0716700e-01  -1.1001100e-01  -2.6558000e-01
  -3.1733000e-01  -6.7469500e-01   2.3817800e-01   6.2238200e-01  -1.0725000e-01  -1.0987900e-01  -2.6576700e-01
  -3.1707100e-01  -6.7494500e-01   2.3811600e-01   6.2226800e-01  -1.0733200e-01  -1.0974500e-01  -2.6593900e-01
  -3.1672100e-01  -6.7515800e-01   2.3818500e-01   6.2218700e-01  -1.0741900e-01  -1.0960600e-01  -2.6609600e-01
  -3.1660300e-01  -6.7544600e-01   2.3803200e-01   6.2199400e-01  -1.0750600e-01  -1.0947300e-01  -2.6624300e-01
  -3.1624600e-01  -6.7562900e-01   2.3816000e-01   6.2192800e-01  -1.0759500e-01  -1.0934900e-01  -2.6637600e-01
