   1.1282000e-02  -1.3085100e-01  -1.6598000e-02   9.9119900e-01   1.7345000e-01  -2.2288300e-01   2.4950000e-03
   9.6050000e-03  -1.3163000e-01  -1.6876000e-02   9.9110900e-01   1.7335700e-01  -2.2324500e-01   1.7340000e-03
   8.7660000e-03  -1.3199900e-01  -1.7019000e-02   9.9106500e-01   1.7331000e-01  -2.2341300e-01   1.3930000e-03
   6.9210000e-03  -1.3269800e-01  -1.7303000e-02   9.9098100e-01   1.7321100e-01  -2.2371100e-01   8.0200000e-04
   6.7770000e-03  -1.3340000e-01  -1.7367000e-02   9.9088700e-01   1.7310100e-01  -2.2398400e-01   3.2600000e-04
   6.8960000e-03  -1.3406700e-01  -1.7397000e-02   9.9079600e-01   1.7298300e-01  -2.2423500e-01  -4.0000000e-05
   6.4800000e-03  -1.3473900e-01  -1.7506000e-02   9.9070500e-01   1.7283900e-01  -2.2448100e-01  -2.7900000e-04
   6.2820000e-03  -1.3510300e-01  -1.7555000e-02   9.9065600e-01   1.7274900e-01  -2.2460600e-01  -3.3900000e-04
   5.8780000e-03  -1.3587600e-01  -1.7683000e-02   9.9055100e-01   1.7253900e-01  -2.2487600e-01  -3.6100000e-04
   4.6630000e-03  -1.3670800e-01  -1.7954000e-02   9.9043800e-01   1.7226300e-01  -2.2523000e-01  -2.1600000e-04
   3.9710000e-03  -1.3716300e-01  -1.8124000e-02   9.9037500e-01   1.7208800e-01  -2.2546800e-01  -6.1000000e-05
   1.3130000e-03  -1.3815000e-01  -1.8712000e-02   9.9023400e-01   1.7165800e-01  -2.2605600e-01   4.1400000e-04
  -6.5800000e-04  -1.3928100e-01  -1.9334000e-02   9.9006400e-01   1.7111000e-01  -2.2683400e-01   1.1210000e-03
  -1.9550000e-03  -1.3995500e-01  -1.9717000e-02   9.8996000e-01   1.7076200e-01  -2.2731900e-01   1.5920000e-03
  -4.7680000e-03  -1.4157000e-01  -2.0599000e-02   9.8970200e-01   1.6989900e-01  -2.2851400e-01   2.7360000e-03
  -6.4880000e-03  -1.4344400e-01  -2.1670000e-02   9.8940000e-01   1.6881700e-01  -2.3011800e-01   4.1650000e-03
  -7.3860000e-03  -1.4446300e-01  -2.2330000e-02   9.8923100e-01   1.6819000e-01  -2.3107100e-01   4.9800000e-03
  -8.2970000e-03  -1.4550000e-01  -2.3059000e-02   9.8905500e-01   1.6750900e-01  -2.3211500e-01   5.8720000e-03
  -9.6730000e-03  -1.4660900e-01  -2.3855000e-02   9.8885900e-01   1.6673100e-01  -2.3327400e-01   6.8890000e-03
  -1.0590000e-02  -1.4787500e-01  -2.4581000e-02   9.8864400e-01   1.6580400e-01  -2.3461500e-01   8.0770000e-03
  -9.8890000e-03  -1.4932000e-01  -2.5169000e-02   9.8841900e-01   1.6470300e-01  -2.3620200e-01   9.4680000e-03
  -8.2570000e-03  -1.5093100e-01  -2.5736000e-02   9.8817500e-01   1.6340300e-01  -2.3806800e-01   1.1075000e-02
  -8.0120000e-03  -1.5263100e-01  -2.6728000e-02   9.8788900e-01   1.6190700e-01  -2.4021000e-01   1.2882000e-02
  -8.6900000e-03  -1.5442800e-01  -2.8035000e-02   9.8756800e-01   1.6017300e-01  -2.4265800e-01   1.4919000e-02
  -6.9990000e-03  -1.5637600e-01  -2.9144000e-02   9.8724300e-01   1.5819800e-01  -2.4540200e-01   1.7169000e-02
  -2.9800000e-03  -1.5848100e-01  -3.0094000e-02   9.8689900e-01   1.5599300e-01  -2.4840100e-01   1.9592000e-02
  -2.1800000e-03  -1.6058600e-01  -3.1797000e-02   9.8650700e-01   1.5354100e-01  -2.5164200e-01   2.2187000e-02
  -6.6510000e-03  -1.6265200e-01  -3.4680000e-02   9.8605100e-01   1.5082000e-01  -2.5511900e-01   2.4934000e-02
  -1.1472000e-02  -1.6485400e-01  -3.8067000e-02   9.8551600e-01   1.4783500e-01  -2.5879200e-01   2.7813000e-02
  -1.1809000e-02  -1.6484100e-01  -3.8123000e-02   9.8551200e-01   1.4783500e-01  -2.5879200e-01   2.7813000e-02
  -9.9930000e-03  -1.6753100e-01  -4.0854000e-02   9.8496900e-01   1.4456100e-01  -2.6262700e-01   3.0803000e-02
   2.9600000e-04  -1.7093500e-01  -4.2602000e-02   9.8436100e-01   1.4098500e-01  -2.6658300e-01   3.3871000e-02
   9.2770000e-03  -1.7474100e-01  -4.4969000e-02   9.8354300e-01   1.3706600e-01  -2.7065900e-01   3.6978000e-02
   1.5569000e-02  -1.7891700e-01  -4.8271000e-02   9.8255600e-01   1.3281500e-01  -2.7480800e-01   4.0081000e-02
   1.9568000e-02  -1.8346900e-01  -5.2516000e-02   9.8142700e-01   1.2824500e-01  -2.7901200e-01   4.3140000e-02
   2.5044000e-02  -1.8857500e-01  -5.7044000e-02   9.8008100e-01   1.2340200e-01  -2.8323200e-01   4.6089000e-02
   3.2388000e-02  -1.9428900e-01  -6.1706000e-02   9.7846600e-01   1.1828300e-01  -2.8747400e-01   4.8886000e-02
   3.2193000e-02  -2.0000700e-01  -6.8311000e-02   9.7688000e-01   1.1289800e-01  -2.9173300e-01   5.1476000e-02
   3.0470000e-02  -2.0598900e-01  -7.5752000e-02   9.7514200e-01   1.0725400e-01  -2.9605100e-01   5.3837000e-02
   2.9855000e-02  -2.1245000e-01  -8.3466000e-02   9.7314300e-01   1.0133700e-01  -3.0045200e-01   5.5938000e-02
   3.0711000e-02  -2.1948700e-01  -9.1279000e-02   9.7085000e-01   9.5142000e-02  -3.0493000e-01   5.7736000e-02
   3.0990000e-02  -2.2697000e-01  -9.9586000e-02   9.6830100e-01   8.8664000e-02  -3.0949000e-01   5.9188000e-02
   3.0307000e-02  -2.3487700e-01  -1.0842700e-01   9.6548300e-01   8.1904000e-02  -3.1412100e-01   6.0262000e-02
   2.9218000e-02  -2.4338200e-01  -1.1775400e-01   9.6231300e-01   7.4844000e-02  -3.1873600e-01   6.0969000e-02
   2.6609000e-02  -2.5227900e-01  -1.2751200e-01   9.5884700e-01   6.7447000e-02  -3.2335300e-01   6.1280000e-02
   2.6117000e-02  -2.6200700e-01  -1.3677700e-01   9.5496700e-01   5.9752000e-02  -3.2797100e-01   6.1186000e-02
   2.3384000e-02  -2.6161400e-01  -1.3752600e-01   9.5503800e-01   5.9752000e-02  -3.2797100e-01   6.1186000e-02
   1.9355000e-02  -2.7135100e-01  -1.4791600e-01   9.5085000e-01   5.1838000e-02  -3.3253300e-01   6.0664000e-02
   1.9355000e-02  -2.7135100e-01  -1.4791600e-01   9.5085000e-01   5.1838000e-02  -3.3253300e-01   6.0664000e-02
   1.9355000e-02  -2.7135100e-01  -1.4791600e-01   9.5085000e-01   5.1838000e-02  -3.3253300e-01   6.0664000e-02
   1.9355000e-02  -2.7135100e-01  -1.4791600e-01   9.5085000e-01   5.1838000e-02  -3.3253300e-01   6.0664000e-02
   1.9355000e-02  -2.7135100e-01  -1.4791600e-01   9.5085000e-01   5.1838000e-02  -3.3253300e-01   6.0664000e-02
   1.9355000e-02  -2.7135100e-01  -1.4791600e-01   9.5085000e-01   5.1838000e-02  -3.3253300e-01   6.0664000e-02
   1.9355000e-02  -2.7135100e-01  -1.4791600e-01   9.5085000e-01   5.1838000e-02  -3.3253300e-01   6.0664000e-02
   1.9355000e-02  -2.7135100e-01  -1.4791600e-01   9.5085000e-01   5.1838000e-02  -3.3253300e-01   6.0664000e-02
   1.9355000e-02  -2.7135100e-01  -1.4791600e-01   9.5085000e-01   5.1838000e-02  -3.3253300e-01   6.0664000e-02
   1.9355000e-02  -2.7135100e-01  -1.4791600e-01   9.5085000e-01   5.1838000e-02  -3.3253300e-01   6.0664000e-02
   1.9355000e-02  -2.7135100e-01  -1.4791600e-01   9.5085000e-01   5.1838000e-02  -3.3253300e-01   6.0664000e-02
   1.9355000e-02  -2.7135100e-01  -1.4791600e-01   9.5085000e-01   5.1838000e-02  -3.3253300e-01   6.0664000e-02
   1.9355000e-02  -2.7135100e-01  -1.4791600e-01   9.5085000e-01   5.1838000e-02  -3.3253300e-01   6.0664000e-02
   1.9355000e-02  -2.7135100e-01  -1.4791600e-01   9.5085000e-01   5.1838000e-02  -3.3253300e-01   6.0664000e-02
   1.9355000e-02  -2.7135100e-01  -1.4791600e-01   9.5085000e-01   5.1838000e-02  -3.3253300e-01   6.0664000e-02
  -2.3967000e-02  -4.3125900e-01  -3.3062800e-01   8.3912200e-01  -7.3782000e-02  -4.3653800e-01  -5.3450000e-03
  -2.4674000e-02  -4.4553800e-01  -3.3485900e-01   8.2991400e-01  -8.0490000e-02  -4.4064900e-01  -1.3787000e-02
  -2.6452000e-02  -4.5996400e-01  -3.3797100e-01   8.2067600e-01  -8.7027000e-02  -4.4402100e-01  -2.2601000e-02
  -2.9404000e-02  -4.7452200e-01  -3.4007000e-01   8.1136700e-01  -9.3373000e-02  -4.4663500e-01  -3.1824000e-02
  -3.2305000e-02  -4.8972000e-01  -3.4043000e-01   8.0202100e-01  -9.9518000e-02  -4.4847400e-01  -4.1469000e-02
  -3.5960000e-02  -5.0512000e-01  -3.3914900e-01   7.9280400e-01  -1.0562500e-01  -4.4959000e-01  -5.1542000e-02
  -4.2410000e-02  -5.1981400e-01  -3.3780900e-01   7.8350500e-01  -1.1159200e-01  -4.4991600e-01  -6.1994000e-02
  -4.3141000e-02  -5.2840000e-01  -3.3484400e-01   7.7898200e-01  -1.1450300e-01  -4.4977200e-01  -6.7342000e-02
  -4.8367000e-02  -5.4422700e-01  -3.3008800e-01   7.6975300e-01  -1.2013900e-01  -4.4883600e-01  -7.8252000e-02
  -5.3876000e-02  -5.6018800e-01  -3.2381600e-01   7.6054600e-01  -1.2553300e-01  -4.4704400e-01  -8.9376000e-02
  -5.9564000e-02  -5.7619400e-01  -3.1593100e-01   7.5142500e-01  -1.3066400e-01  -4.4438800e-01  -1.0063600e-01
  -6.5766000e-02  -5.9194800e-01  -3.0666300e-01   7.4244900e-01  -1.3556800e-01  -4.4089400e-01  -1.1194400e-01
  -7.2736000e-02  -6.0748700e-01  -2.9612500e-01   7.3347000e-01  -1.4024200e-01  -4.3648800e-01  -1.2337500e-01
  -7.6587000e-02  -6.1512400e-01  -2.9019700e-01   7.2906900e-01  -1.4262400e-01  -4.3396900e-01  -1.2914400e-01
  -8.4828000e-02  -6.2988500e-01  -2.7735000e-01   7.2050400e-01  -1.4732300e-01  -4.2835000e-01  -1.4055500e-01
  -9.2955000e-02  -6.4427900e-01  -2.6257300e-01   7.1226300e-01  -1.5176400e-01  -4.2187700e-01  -1.5177900e-01
  -1.0347400e-01  -6.5729700e-01  -2.4843600e-01   7.0394100e-01  -1.5581000e-01  -4.1454800e-01  -1.6272800e-01
  -1.0664800e-01  -6.6425300e-01  -2.3901000e-01   7.0019200e-01  -1.5766100e-01  -4.1061100e-01  -1.6803300e-01
  -1.1694800e-01  -6.7611300e-01  -2.2331100e-01   6.9233500e-01  -1.6101600e-01  -4.0228300e-01  -1.7822300e-01
  -1.2748500e-01  -6.8691400e-01  -2.0747800e-01   6.8472600e-01  -1.6392400e-01  -3.9349100e-01  -1.8776900e-01
  -1.3737500e-01  -6.9689100e-01  -1.9094100e-01   6.7750500e-01  -1.6636600e-01  -3.8434300e-01  -1.9663700e-01
  -1.4719100e-01  -7.0587300e-01  -1.7446100e-01   6.7055300e-01  -1.6832900e-01  -3.7491600e-01  -2.0483100e-01
  -1.5712400e-01  -7.1385700e-01  -1.5841100e-01   6.6379700e-01  -1.6984700e-01  -3.6529300e-01  -2.1236300e-01
  -1.6699500e-01  -7.2091800e-01  -1.4271400e-01   6.5728400e-01  -1.7098500e-01  -3.5556700e-01  -2.1924400e-01
  -1.7151500e-01  -7.2423100e-01  -1.3460400e-01   6.5418200e-01  -1.7140300e-01  -3.5066200e-01  -2.2246200e-01
  -1.7870800e-01  -7.3064600e-01  -1.1674100e-01   6.4853100e-01  -1.7196500e-01  -3.4077800e-01  -2.2848500e-01
  -1.8483000e-01  -7.3670800e-01  -9.7994000e-02   6.4303700e-01  -1.7223500e-01  -3.3065700e-01  -2.3409800e-01
  -1.9176600e-01  -7.4184700e-01  -8.0794000e-02   6.3746500e-01  -1.7217800e-01  -3.2052000e-01  -2.3916800e-01
  -1.9556000e-01  -7.4406700e-01  -7.2611000e-02   6.3470300e-01  -1.7200600e-01  -3.1540500e-01  -2.4151200e-01
  -2.0402500e-01  -7.4789100e-01  -5.7849000e-02   6.2903700e-01  -1.7141800e-01  -3.0521900e-01  -2.4579100e-01
  -2.0756500e-01  -7.4963000e-01  -5.0055000e-02   6.2647200e-01  -1.7101000e-01  -3.0018700e-01  -2.4772400e-01
  -2.0867700e-01  -7.5149300e-01  -3.9612000e-02   6.2461500e-01  -1.7055600e-01  -2.9513500e-01  -2.4956900e-01
  -2.0951600e-01  -7.5325200e-01  -2.8572000e-02   6.2281500e-01  -1.6996800e-01  -2.8986700e-01  -2.5136400e-01
  -2.1113900e-01  -7.5483800e-01  -1.8102000e-02   6.2073600e-01  -1.6920100e-01  -2.8432100e-01  -2.5310600e-01
  -2.1339700e-01  -7.5624500e-01  -8.0410000e-03   6.1845900e-01  -1.6825100e-01  -2.7851200e-01  -2.5476800e-01
  -2.1483400e-01  -7.5748500e-01   3.3090000e-03   6.1648400e-01  -1.6713100e-01  -2.7246800e-01  -2.5633000e-01
  -2.1702500e-01  -7.5854600e-01   1.3887000e-02   6.1426000e-01  -1.6584700e-01  -2.6623000e-01  -2.5777000e-01
  -2.1530600e-01  -7.5850400e-01   1.6009000e-02   6.1486500e-01  -1.6584700e-01  -2.6623000e-01  -2.5777000e-01
  -2.1553200e-01  -7.5925300e-01   2.9097000e-02   6.1337900e-01  -1.6442500e-01  -2.5985400e-01  -2.5906600e-01
  -2.1650400e-01  -7.5977100e-01   4.1278000e-02   6.1169400e-01  -1.6289000e-01  -2.5338600e-01  -2.6020200e-01
  -2.1905700e-01  -7.6016900e-01   5.1408000e-02   6.0951900e-01  -1.6125900e-01  -2.4687800e-01  -2.6116500e-01
  -2.2171700e-01  -7.6038000e-01   6.1225000e-02   6.0738400e-01  -1.5955800e-01  -2.4038800e-01  -2.6194800e-01
  -2.2377300e-01  -7.6032600e-01   7.1562000e-02   6.0556400e-01  -1.5780400e-01  -2.3395700e-01  -2.6254600e-01
  -2.2512400e-01  -7.5998100e-01   8.2480000e-02   6.0410700e-01  -1.5600200e-01  -2.2762300e-01  -2.6296200e-01
  -2.2641300e-01  -7.5942200e-01   9.3122000e-02   6.0277900e-01  -1.5416800e-01  -2.2141700e-01  -2.6319900e-01
  -2.2840400e-01  -7.5878500e-01   1.0250000e-01   6.0130800e-01  -1.5231200e-01  -2.1537100e-01  -2.6326400e-01
  -2.3114300e-01  -7.5813500e-01   1.1049600e-01   5.9966300e-01  -1.5044100e-01  -2.0951300e-01  -2.6316600e-01
  -2.3336700e-01  -7.5726000e-01   1.1870200e-01   5.9833700e-01  -1.4855900e-01  -2.0386000e-01  -2.6291500e-01
  -2.3404600e-01  -7.5593500e-01   1.2839000e-01   5.9774600e-01  -1.4666000e-01  -1.9842700e-01  -2.6251800e-01
  -2.3457600e-01  -7.5442600e-01   1.3779300e-01   5.9735100e-01  -1.4475100e-01  -1.9322200e-01  -2.6198800e-01
  -2.3560200e-01  -7.5292200e-01   1.4606300e-01   5.9688000e-01  -1.4283800e-01  -1.8825400e-01  -2.6134000e-01
  -2.3712400e-01  -7.5146400e-01   1.5320600e-01   5.9632400e-01  -1.4092600e-01  -1.8352500e-01  -2.6058800e-01
  -2.3767600e-01  -7.4966700e-01   1.6112200e-01   5.9627900e-01  -1.3902500e-01  -1.7903800e-01  -2.5974300e-01
  -2.3882600e-01  -7.4797300e-01   1.6780900e-01   5.9610300e-01  -1.3713000e-01  -1.7478800e-01  -2.5881700e-01
  -2.3885400e-01  -7.4798100e-01   1.6777400e-01   5.9609200e-01  -1.3713000e-01  -1.7478800e-01  -2.5881700e-01
  -2.3906300e-01  -7.4597900e-01   1.7516800e-01   5.9638900e-01  -1.3524500e-01  -1.7077300e-01  -2.5782100e-01
  -2.3973700e-01  -7.4406100e-01   1.8154600e-01   5.9660800e-01  -1.3337300e-01  -1.6698800e-01  -2.5676500e-01
  -2.4164100e-01  -7.4250100e-01   1.8597200e-01   5.9642000e-01  -1.3151600e-01  -1.6342300e-01  -2.5565900e-01
  -2.4381500e-01  -7.4099700e-01   1.8974800e-01   5.9621600e-01  -1.2969700e-01  -1.6007500e-01  -2.5451800e-01
  -2.4516100e-01  -7.3922400e-01   1.9421900e-01   5.9642500e-01  -1.2791700e-01  -1.5693700e-01  -2.5335100e-01
  -2.4552800e-01  -7.3711500e-01   1.9962100e-01   5.9710000e-01  -1.2618500e-01  -1.5398900e-01  -2.5216900e-01
  -2.4652500e-01  -7.3522800e-01   2.0391500e-01   5.9756400e-01  -1.2449700e-01  -1.5123000e-01  -2.5098000e-01
  -2.4862700e-01  -7.3342500e-01   2.0618700e-01   5.9812900e-01  -1.2262400e-01  -1.4860700e-01  -2.5013600e-01
  -2.5010000e-01  -7.3089700e-01   2.0839800e-01   5.9984200e-01  -1.2041800e-01  -1.4606800e-01  -2.4987000e-01
  -2.5090800e-01  -7.2791700e-01   2.1088500e-01   6.0225400e-01  -1.1806900e-01  -1.4363300e-01  -2.4986700e-01
  -2.5359500e-01  -7.2220600e-01   2.1357000e-01   6.0703900e-01  -1.1329500e-01  -1.3908200e-01  -2.5012000e-01
  -2.5660900e-01  -7.1709600e-01   2.1490200e-01   6.1134400e-01  -1.0888200e-01  -1.3504700e-01  -2.5039700e-01
  -2.5886100e-01  -7.1251200e-01   2.1629900e-01   6.1525000e-01  -1.0501500e-01  -1.3153400e-01  -2.5060700e-01
  -2.6007200e-01  -7.0827300e-01   2.1818000e-01   6.1895900e-01  -1.0163100e-01  -1.2848600e-01  -2.5076200e-01
  -2.6198500e-01  -7.0686100e-01   2.1736000e-01   6.2005300e-01  -1.0009400e-01  -1.2712000e-01  -2.5082800e-01
  -2.6317200e-01  -7.0351200e-01   2.1834400e-01   6.2300700e-01  -9.7292000e-02  -1.2468000e-01  -2.5092100e-01
  -2.6387800e-01  -7.0052600e-01   2.1948500e-01   6.2566700e-01  -9.4854000e-02  -1.2254400e-01  -2.5096400e-01
  -2.6500700e-01  -6.9813000e-01   2.1994500e-01   6.2770300e-01  -9.2762000e-02  -1.2064500e-01  -2.5098300e-01
  -2.6567300e-01  -6.9714700e-01   2.1995300e-01   6.2851000e-01  -9.1840000e-02  -1.1977300e-01  -2.5100100e-01
  -2.6675400e-01  -6.9537700e-01   2.2008200e-01   6.2996600e-01  -9.0199000e-02  -1.1816200e-01  -2.5105100e-01
  -2.6764500e-01  -6.9385500e-01   2.2025100e-01   6.3120600e-01  -8.8793000e-02  -1.1666200e-01  -2.5115900e-01
  -2.6877100e-01  -6.9269900e-01   2.1999800e-01   6.3208500e-01  -8.7605000e-02  -1.1529300e-01  -2.5131500e-01
  -2.6975400e-01  -6.9173100e-01   2.1978400e-01   6.3280000e-01  -8.6622000e-02  -1.1406000e-01  -2.5151500e-01
  -2.6995600e-01  -6.9070300e-01   2.2030600e-01   6.3365500e-01  -8.5817000e-02  -1.1296400e-01  -2.5174400e-01
  -2.7037400e-01  -6.9038400e-01   2.2017000e-01   6.3387200e-01  -8.5479000e-02  -1.1246800e-01  -2.5186600e-01
  -2.7070500e-01  -6.8971100e-01   2.2033000e-01   6.3440700e-01  -8.4903000e-02  -1.1156800e-01  -2.5213000e-01
  -2.7126700e-01  -6.8929800e-01   2.2011000e-01   6.3469200e-01  -8.4453000e-02  -1.1077400e-01  -2.5241300e-01
  -2.7171100e-01  -6.8898300e-01   2.1995800e-01   6.3489700e-01  -8.4129000e-02  -1.1007800e-01  -2.5271800e-01
  -2.7190500e-01  -6.8869800e-01   2.2000700e-01   6.3510600e-01  -8.3909000e-02  -1.0946600e-01  -2.5305300e-01
  -2.7183400e-01  -6.8841600e-01   2.2026800e-01   6.3535200e-01  -8.3776000e-02  -1.0893400e-01  -2.5341900e-01
  -2.7213600e-01  -6.8835800e-01   2.2005600e-01   6.3535900e-01  -8.3719000e-02  -1.0848200e-01  -2.5379500e-01
  -2.7235700e-01  -6.8834400e-01   2.1988200e-01   6.3533900e-01  -8.3729000e-02  -1.0810600e-01  -2.5417600e-01
  -2.7307500e-01  -6.8856300e-01   2.1913700e-01   6.3505100e-01  -8.3755000e-02  -1.0794000e-01  -2.5436800e-01
  -2.7375000e-01  -6.8876000e-01   2.1847000e-01   6.3477700e-01  -8.3842000e-02  -1.0763900e-01  -2.5475900e-01
  -2.7383200e-01  -6.8876700e-01   2.1845200e-01   6.3474000e-01  -8.3966000e-02  -1.0737600e-01  -2.5515800e-01
  -2.7389500e-01  -6.8879200e-01   2.1847500e-01   6.3467800e-01  -8.4128000e-02  -1.0712100e-01  -2.5557400e-01
  -2.7418400e-01  -6.8894600e-01   2.1824500e-01   6.3446500e-01  -8.4327000e-02  -1.0687200e-01  -2.5599200e-01
  -2.7436500e-01  -6.8912200e-01   2.1811400e-01   6.3424100e-01  -8.4550000e-02  -1.0663700e-01  -2.5638900e-01
