   9.4731000e-02  -1.8309800e-01   1.8172000e-02   9.7835100e-01   1.6325000e-01  -2.0966000e-01  -2.3060000e-03
   9.2933000e-02  -1.8410500e-01   1.8182000e-02   9.7833400e-01   1.6317800e-01  -2.0958500e-01  -3.0760000e-03
   9.0039000e-02  -1.8501300e-01   1.7949000e-02   9.7843800e-01   1.6312700e-01  -2.0952000e-01  -3.8050000e-03
   8.6217000e-02  -1.8581400e-01   1.7489000e-02   9.7863900e-01   1.6309700e-01  -2.0947000e-01  -4.4870000e-03
   8.0691000e-02  -1.8652000e-01   1.6653000e-02   9.7899000e-01   1.6308500e-01  -2.0943400e-01  -5.1100000e-03
   7.3570000e-02  -1.8709300e-01   1.5417000e-02   9.7946200e-01   1.6309500e-01  -2.0942900e-01  -5.6510000e-03
   6.6170000e-02  -1.8751500e-01   1.3999000e-02   9.7993000e-01   1.6312300e-01  -2.0946900e-01  -6.0960000e-03
   6.1297000e-02  -1.8776700e-01   1.2886000e-02   9.8021400e-01   1.6315700e-01  -2.0957500e-01  -6.4240000e-03
   5.9606000e-02  -1.8787500e-01   1.2187000e-02   9.8030700e-01   1.6318800e-01  -2.0975300e-01  -6.6140000e-03
   5.8807000e-02  -1.8791400e-01   1.1412000e-02   9.8035700e-01   1.6320200e-01  -2.1002500e-01  -6.6610000e-03
   5.7496000e-02  -1.8794400e-01   1.0270000e-02   9.8044200e-01   1.6318200e-01  -2.1039900e-01  -6.5430000e-03
   5.6363000e-02  -1.8796000e-01   8.8290000e-03   9.8051800e-01   1.6312300e-01  -2.1090100e-01  -6.2380000e-03
   5.5990000e-02  -1.8798100e-01   7.1790000e-03   9.8054900e-01   1.6301200e-01  -2.1153600e-01  -5.7260000e-03
   5.6259000e-02  -1.8798300e-01   5.2650000e-03   9.8054600e-01   1.6285100e-01  -2.1231900e-01  -4.9920000e-03
   5.6812000e-02  -1.8796000e-01   3.0050000e-03   9.8052800e-01   1.6263700e-01  -2.1325300e-01  -4.0360000e-03
   5.7006000e-02  -1.8783100e-01   5.9700000e-04   9.8054600e-01   1.6231300e-01  -2.1449900e-01  -2.8230000e-03
   5.7305000e-02  -1.8757100e-01  -1.7950000e-03   9.8057600e-01   1.6185500e-01  -2.1610900e-01  -1.3280000e-03
   5.7822000e-02  -1.8726000e-01  -4.3090000e-03   9.8059800e-01   1.6126000e-01  -2.1802200e-01   4.5200000e-04
   5.8238000e-02  -1.8695900e-01  -7.1230000e-03   9.8061400e-01   1.6052800e-01  -2.2019200e-01   2.5040000e-03
   6.4374000e-02  -1.8680300e-01  -9.1840000e-03   9.8024300e-01   1.5964000e-01  -2.2258400e-01   4.8170000e-03
   7.0733000e-02  -1.8666700e-01  -1.5408000e-02   9.7975200e-01   1.5753700e-01  -2.2784000e-01   9.8690000e-03
   7.4808000e-02  -1.8698500e-01  -2.2438000e-02   9.7925300e-01   1.5511600e-01  -2.3316900e-01   1.4964000e-02
   7.7568000e-02  -1.8739100e-01  -2.5839000e-02   9.7887700e-01   1.5379300e-01  -2.3580000e-01   1.7458000e-02
   7.9028000e-02  -1.8793000e-01  -2.9448000e-02   9.7855500e-01   1.5239200e-01  -2.3841400e-01   1.9892000e-02
   7.6612000e-02  -1.8972600e-01  -3.8472000e-02   9.7808700e-01   1.4906100e-01  -2.4403200e-01   2.4845000e-02
   7.0063000e-02  -1.9237200e-01  -4.8714000e-02   9.7760500e-01   1.4507400e-01  -2.4987400e-01   2.9750000e-02
   6.2335000e-02  -1.9552100e-01  -5.9024000e-02   9.7693500e-01   1.4069200e-01  -2.5557800e-01   3.4341000e-02
   5.4282000e-02  -1.9918000e-01  -6.9151000e-02   9.7601200e-01   1.3597100e-01  -2.6112200e-01   3.8511000e-02
   5.0983000e-02  -2.0128500e-01  -7.4012000e-02   9.7540100e-01   1.3348300e-01  -2.6383800e-01   4.0429000e-02
   4.6394000e-02  -2.0616000e-01  -8.3291000e-02   9.7386300e-01   1.2824500e-01  -2.6916900e-01   4.3934000e-02
   4.4545000e-02  -2.1201700e-01  -9.1964000e-02   9.7190900e-01   1.2261900e-01  -2.7440000e-01   4.7022000e-02
   4.5115000e-02  -2.1895300e-01  -1.0027400e-01   9.6952000e-01   1.1661100e-01  -2.7955100e-01   4.9656000e-02
   4.6781000e-02  -2.2687600e-01  -1.0863200e-01   9.6671500e-01   1.1024200e-01  -2.8460700e-01   5.1830000e-02
   5.0973000e-02  -2.3591900e-01  -1.1676700e-01   9.6338400e-01   1.0353300e-01  -2.8958300e-01   5.3562000e-02
   5.4084000e-02  -2.4554600e-01  -1.2563000e-01   9.5968700e-01   9.6531000e-02  -2.9451400e-01   5.4879000e-02
   5.5501000e-02  -2.5557600e-01  -1.3551300e-01   9.5563400e-01   8.9233000e-02  -2.9945400e-01   5.5813000e-02
   5.7423000e-02  -2.6617700e-01  -1.4582600e-01   9.5109800e-01   8.1684000e-02  -3.0441500e-01   5.6384000e-02
   5.9174000e-02  -2.7725600e-01  -1.5682900e-01   9.4606100e-01   7.3924000e-02  -3.0935100e-01   5.6592000e-02
   6.2369000e-02  -2.8335700e-01  -1.6182300e-01   9.4320300e-01   6.9957000e-02  -3.1183300e-01   5.6572000e-02
   6.5096000e-02  -2.9528600e-01  -1.7317700e-01   9.3732500e-01   6.1814000e-02  -3.1688100e-01   5.6303000e-02
   6.5677000e-02  -3.0718700e-01  -1.8552700e-01   9.3107600e-01   5.3446000e-02  -3.2204600e-01   5.5708000e-02
   6.4109000e-02  -3.1889500e-01  -1.9885500e-01   9.2447400e-01   4.4921000e-02  -3.2733000e-01   5.4779000e-02
   6.4109000e-02  -3.1889500e-01  -1.9885500e-01   9.2447400e-01   4.4921000e-02  -3.2733000e-01   5.4779000e-02
   6.4109000e-02  -3.1889500e-01  -1.9885500e-01   9.2447400e-01   4.4921000e-02  -3.2733000e-01   5.4779000e-02
   6.4109000e-02  -3.1889500e-01  -1.9885500e-01   9.2447400e-01   4.4921000e-02  -3.2733000e-01   5.4779000e-02
   6.4109000e-02  -3.1889500e-01  -1.9885500e-01   9.2447400e-01   4.4921000e-02  -3.2733000e-01   5.4779000e-02
   6.4109000e-02  -3.1889500e-01  -1.9885500e-01   9.2447400e-01   4.4921000e-02  -3.2733000e-01   5.4779000e-02
   6.4109000e-02  -3.1889500e-01  -1.9885500e-01   9.2447400e-01   4.4921000e-02  -3.2733000e-01   5.4779000e-02
   6.4109000e-02  -3.1889500e-01  -1.9885500e-01   9.2447400e-01   4.4921000e-02  -3.2733000e-01   5.4779000e-02
   6.4109000e-02  -3.1889500e-01  -1.9885500e-01   9.2447400e-01   4.4921000e-02  -3.2733000e-01   5.4779000e-02
   6.4109000e-02  -3.1889500e-01  -1.9885500e-01   9.2447400e-01   4.4921000e-02  -3.2733000e-01   5.4779000e-02
   6.4109000e-02  -3.1889500e-01  -1.9885500e-01   9.2447400e-01   4.4921000e-02  -3.2733000e-01   5.4779000e-02
   6.4109000e-02  -3.1889500e-01  -1.9885500e-01   9.2447400e-01   4.4921000e-02  -3.2733000e-01   5.4779000e-02
   6.9074000e-02  -4.2024700e-01  -3.2646000e-01   8.4382800e-01  -3.6112000e-02  -4.0982300e-01   2.6231000e-02
   7.5307000e-02  -4.2799900e-01  -3.2731100e-01   8.3905500e-01  -4.0130000e-02  -4.1381700e-01   2.3713000e-02
   7.5240000e-02  -4.3908800e-01  -3.3471800e-01   8.3036400e-01  -4.8343000e-02  -4.2160800e-01   1.8374000e-02
   7.2705000e-02  -4.5023600e-01  -3.4256000e-01   8.2137300e-01  -5.6917000e-02  -4.2904000e-01   1.2445000e-02
   6.9536000e-02  -4.6244800e-01  -3.4947200e-01   8.1189700e-01  -6.5957000e-02  -4.3611300e-01   5.7300000e-03
   6.6868000e-02  -4.7538500e-01  -3.5514100e-01   8.0213000e-01  -7.5078000e-02  -4.4253800e-01  -1.2890000e-03
   6.3682000e-02  -4.8860400e-01  -3.5986700e-01   7.9227900e-01  -8.4212000e-02  -4.4826900e-01  -8.6390000e-03
   6.1760000e-02  -4.9528100e-01  -3.6188200e-01   7.8735200e-01  -8.8769000e-02  -4.5086300e-01  -1.2463000e-02
   5.7343000e-02  -5.0876100e-01  -3.6512100e-01   7.7753500e-01  -9.7816000e-02  -4.5548300e-01  -2.0404000e-02
   5.2658000e-02  -5.2300200e-01  -3.6665000e-01   7.6763500e-01  -1.0686400e-01  -4.5935300e-01  -2.8976000e-02
   4.8256000e-02  -5.3769500e-01  -3.6645400e-01   7.5780400e-01  -1.1568600e-01  -4.6241100e-01  -3.7837000e-02
   4.3495000e-02  -5.5203900e-01  -3.6523700e-01   7.4830700e-01  -1.2409300e-01  -4.6465500e-01  -4.6702000e-02
   3.7429000e-02  -5.6576600e-01  -3.6336200e-01   7.3924000e-01  -1.3207000e-01  -4.6607300e-01  -5.5740000e-02
   3.0106000e-02  -5.7891700e-01  -3.6079400e-01   7.3060000e-01  -1.3961200e-01  -4.6667500e-01  -6.4983000e-02
   2.2754000e-02  -5.9201600e-01  -3.5666900e-01   7.2234800e-01  -1.4669300e-01  -4.6648400e-01  -7.4386000e-02
   1.6271000e-02  -6.0538000e-01  -3.5031200e-01   7.1451500e-01  -1.5325800e-01  -4.6552000e-01  -8.3876000e-02
   9.7860000e-03  -6.1851600e-01  -3.4253700e-01   7.0711400e-01  -1.5929200e-01  -4.6381300e-01  -9.3411000e-02
   1.2490000e-03  -6.3045500e-01  -3.3537200e-01   7.0003600e-01  -1.6467700e-01  -4.6134000e-01  -1.0299800e-01
  -1.0170000e-03  -6.3732700e-01  -3.2961400e-01   6.9654000e-01  -1.6706900e-01  -4.5979600e-01  -1.0782300e-01
  -8.5820000e-03  -6.4957400e-01  -3.1998500e-01   6.8963000e-01  -1.7138400e-01  -4.5612800e-01  -1.1756000e-01
  -1.5912000e-02  -6.6163600e-01  -3.0882900e-01   6.8308800e-01  -1.7514600e-01  -4.5174800e-01  -1.2728800e-01
  -2.3158000e-02  -6.7328700e-01  -2.9644800e-01   6.7695400e-01  -1.7841600e-01  -4.4673800e-01  -1.3689400e-01
  -3.0468000e-02  -6.8429100e-01  -2.8281600e-01   6.7144100e-01  -1.8137700e-01  -4.4120900e-01  -1.4627000e-01
  -3.8018000e-02  -6.9447300e-01  -2.6815500e-01   6.6660000e-01  -1.8409100e-01  -4.3523100e-01  -1.5534600e-01
  -4.6223000e-02  -7.0374700e-01  -2.5361900e-01   6.6202800e-01  -1.8637800e-01  -4.2880100e-01  -1.6411500e-01
  -5.4780000e-02  -7.1224600e-01  -2.3933500e-01   6.5759000e-01  -1.8819900e-01  -4.2198300e-01  -1.7252800e-01
  -6.2941000e-02  -7.2023900e-01  -2.2465500e-01   6.5331800e-01  -1.8960400e-01  -4.1484500e-01  -1.8055600e-01
  -7.1259000e-02  -7.2757900e-01  -2.1028600e-01   6.4910000e-01  -1.9061400e-01  -4.0741700e-01  -1.8821300e-01
  -7.4923000e-02  -7.3118200e-01  -2.0260800e-01   6.4707800e-01  -1.9099900e-01  -4.0361500e-01  -1.9189700e-01
  -8.3601000e-02  -7.3754500e-01  -1.8892600e-01   6.4291900e-01  -1.9155300e-01  -3.9585200e-01  -1.9898300e-01
  -9.2579000e-02  -7.4333400e-01  -1.7585600e-01   6.3871600e-01  -1.9184500e-01  -3.8789200e-01  -2.0571100e-01
  -1.0076700e-01  -7.4888000e-01  -1.6225200e-01   6.3458600e-01  -1.9188200e-01  -3.7976400e-01  -2.1208300e-01
  -1.0832800e-01  -7.5408500e-01  -1.4835100e-01   6.3056600e-01  -1.9171100e-01  -3.7153500e-01  -2.1807500e-01
  -1.1559000e-01  -7.5887300e-01  -1.3459000e-01   6.2660700e-01  -1.9138900e-01  -3.6325700e-01  -2.2368600e-01
  -1.2326000e-01  -7.6311700e-01  -1.2198500e-01   6.2255900e-01  -1.9094900e-01  -3.5499600e-01  -2.2890400e-01
  -1.3049200e-01  -7.6702600e-01  -1.0952300e-01   6.1858600e-01  -1.9041000e-01  -3.4678000e-01  -2.3374400e-01
  -1.3609400e-01  -7.6849600e-01  -1.0604000e-01   6.1615500e-01  -1.9011200e-01  -3.4269900e-01  -2.3602500e-01
  -1.4352500e-01  -7.7185900e-01  -9.5031000e-02   6.1204900e-01  -1.8950900e-01  -3.3464100e-01  -2.4031100e-01
  -1.4897700e-01  -7.7514500e-01  -8.2369000e-02   6.0841700e-01  -1.8887400e-01  -3.2675400e-01  -2.4422800e-01
  -1.5394900e-01  -7.7811300e-01  -7.0006000e-02   6.0492800e-01  -1.8818900e-01  -3.1905900e-01  -2.4779100e-01
  -1.5839700e-01  -7.8079700e-01  -5.8010000e-02   6.0158200e-01  -1.8746500e-01  -3.1160400e-01  -2.5101300e-01
  -1.6236200e-01  -7.8323000e-01  -4.6403000e-02   5.9836200e-01  -1.8671800e-01  -3.0439300e-01  -2.5392400e-01
  -1.6541500e-01  -7.8544800e-01  -3.4591000e-02   5.9540900e-01  -1.8592800e-01  -2.9742100e-01  -2.5654700e-01
  -1.6680300e-01  -7.8647200e-01  -2.8878000e-02   5.9397400e-01  -1.8552200e-01  -2.9402700e-01  -2.5775700e-01
  -1.6867600e-01  -7.8751900e-01  -1.8295000e-02   5.9247600e-01  -1.8437200e-01  -2.8777400e-01  -2.6086000e-01
  -1.6888600e-01  -7.8637100e-01  -9.3460000e-03   5.9414700e-01  -1.8244500e-01  -2.8248600e-01  -2.6578200e-01
  -1.6856500e-01  -7.8457300e-01  -1.1950000e-03   5.9668200e-01  -1.8033000e-01  -2.7748500e-01  -2.7101000e-01
  -1.6797700e-01  -7.8257400e-01   6.3390000e-03   5.9943400e-01  -1.7818300e-01  -2.7264200e-01  -2.7609300e-01
  -1.6742500e-01  -7.8050200e-01   1.3031000e-02   6.0217500e-01  -1.7605000e-01  -2.6795000e-01  -2.8091400e-01
  -1.6682600e-01  -7.7837400e-01   1.9066000e-02   6.0492900e-01  -1.7391800e-01  -2.6340400e-01  -2.8547200e-01
  -1.6654300e-01  -7.7731200e-01   2.1812000e-02   6.0627800e-01  -1.7286500e-01  -2.6117700e-01  -2.8766400e-01
  -1.6530600e-01  -7.7516900e-01   2.7694000e-02   6.0911400e-01  -1.7078000e-01  -2.5682400e-01  -2.9186600e-01
  -1.6283700e-01  -7.7296100e-01   3.4538000e-02   6.1222800e-01  -1.6868700e-01  -2.5255900e-01  -2.9586600e-01
  -1.6037400e-01  -7.7078600e-01   4.0824000e-02   6.1522600e-01  -1.6660000e-01  -2.4832500e-01  -2.9971000e-01
  -1.5993600e-01  -7.6972700e-01   4.2885000e-02   6.1652400e-01  -1.6556100e-01  -2.4624200e-01  -3.0153900e-01
  -1.5928600e-01  -7.6764000e-01   4.6448000e-02   6.1903100e-01  -1.6352800e-01  -2.4221900e-01  -3.0498700e-01
  -1.5859300e-01  -7.6555700e-01   4.9722000e-02   6.2152900e-01  -1.6154800e-01  -2.3842200e-01  -3.0814200e-01
  -1.5767400e-01  -7.6347400e-01   5.3046000e-02   6.2404600e-01  -1.5963000e-01  -2.3483000e-01  -3.1101600e-01
  -1.5668900e-01  -7.6140300e-01   5.6201000e-02   6.2654200e-01  -1.5776100e-01  -2.3144200e-01  -3.1363800e-01
  -1.5586500e-01  -7.5934000e-01   5.8904000e-02   6.2899800e-01  -1.5591700e-01  -2.2825500e-01  -3.1604200e-01
  -1.5507300e-01  -7.5726500e-01   6.1333000e-02   6.3145800e-01  -1.5408300e-01  -2.2525400e-01  -3.1825000e-01
  -1.5412300e-01  -7.5515600e-01   6.3748000e-02   6.3397300e-01  -1.5225000e-01  -2.2243500e-01  -3.2026800e-01
  -1.5510400e-01  -7.5423900e-01   6.3143000e-02   6.3488500e-01  -1.5133400e-01  -2.2109700e-01  -3.2121200e-01
  -1.5512100e-01  -7.5221300e-01   6.4066000e-02   6.3718800e-01  -1.4949900e-01  -2.1857300e-01  -3.2296900e-01
  -1.5452800e-01  -7.5011100e-01   6.5507000e-02   6.3965900e-01  -1.4769000e-01  -2.1625300e-01  -3.2458400e-01
  -1.5408700e-01  -7.4800000e-01   6.6586000e-02   6.4212100e-01  -1.4591500e-01  -2.1414800e-01  -3.2606800e-01
  -1.5326200e-01  -7.4582700e-01   6.7934000e-02   6.4469900e-01  -1.4415400e-01  -2.1225400e-01  -3.2741100e-01
  -1.5230100e-01  -7.4364400e-01   6.9249000e-02   6.4730400e-01  -1.4240200e-01  -2.1056700e-01  -3.2860900e-01
  -1.5126900e-01  -7.4149100e-01   7.0385000e-02   6.4988800e-01  -1.4066200e-01  -2.0909300e-01  -3.2966700e-01
  -1.5128100e-01  -7.4048500e-01   7.0265000e-02   6.5104500e-01  -1.3979900e-01  -2.0842700e-01  -3.3015300e-01
  -1.5077700e-01  -7.3845500e-01   7.0439000e-02   6.5344400e-01  -1.3808800e-01  -2.0723600e-01  -3.3104700e-01
  -1.5020500e-01  -7.3645300e-01   7.0420000e-02   6.5583300e-01  -1.3638500e-01  -2.0622100e-01  -3.3185700e-01
  -1.4886900e-01  -7.3444300e-01   7.1022000e-02   6.5832200e-01  -1.3471300e-01  -2.0534900e-01  -3.3259300e-01
  -1.4701200e-01  -7.3248000e-01   7.1971000e-02   6.6081900e-01  -1.3308500e-01  -2.0460100e-01  -3.3326200e-01
  -1.4501600e-01  -7.3061000e-01   7.2899000e-02   6.6322300e-01  -1.3150900e-01  -2.0395700e-01  -3.3386200e-01
  -1.4394900e-01  -7.2971500e-01   7.3355000e-02   6.6438900e-01  -1.3073800e-01  -2.0366200e-01  -3.3414600e-01
  -1.4267400e-01  -7.2810100e-01   7.3254000e-02   6.6644300e-01  -1.2924500e-01  -2.0311400e-01  -3.3468500e-01
  -1.4144900e-01  -7.2656800e-01   7.2977000e-02   6.6840600e-01  -1.2780100e-01  -2.0263200e-01  -3.3519600e-01
  -1.3954300e-01  -7.2498100e-01   7.3314000e-02   6.7048900e-01  -1.2636800e-01  -2.0219000e-01  -3.3570200e-01
  -1.3676800e-01  -7.2336000e-01   7.4501000e-02   6.7267700e-01  -1.2497700e-01  -2.0176600e-01  -3.3620600e-01
  -1.3536400e-01  -7.2258100e-01   7.5080000e-02   6.7373300e-01  -1.2429900e-01  -2.0155800e-01  -3.3645200e-01
  -1.3318000e-01  -7.2116100e-01   7.5518000e-02   6.7563900e-01  -1.2298100e-01  -2.0114300e-01  -3.3693600e-01
  -1.3123400e-01  -7.1987800e-01   7.5629000e-02   6.7737300e-01  -1.2172400e-01  -2.0071300e-01  -3.3742400e-01
  -1.2878800e-01  -7.1865000e-01   7.6198000e-02   6.7908000e-01  -1.2051100e-01  -2.0027000e-01  -3.3789800e-01
  -1.2728200e-01  -7.1804300e-01   7.6787000e-02   6.7993900e-01  -1.1991600e-01  -2.0003600e-01  -3.3811900e-01
  -1.2405200e-01  -7.1686300e-01   7.8244000e-02   6.8161300e-01  -1.1876500e-01  -1.9954600e-01  -3.3854200e-01
  -1.2126600e-01  -7.1586300e-01   7.9212000e-02   6.8305200e-01  -1.1764500e-01  -1.9900900e-01  -3.3892700e-01
  -1.1875100e-01  -7.1495500e-01   8.0012000e-02   6.8435100e-01  -1.1657800e-01  -1.9846300e-01  -3.3927200e-01
  -1.1873300e-01  -7.1465900e-01   7.9177000e-02   6.8476000e-01  -1.1607000e-01  -1.9818900e-01  -3.3943500e-01
  -1.1780800e-01  -7.1396700e-01   7.8608000e-02   6.8570600e-01  -1.1510700e-01  -1.9764800e-01  -3.3973800e-01
  -1.1689300e-01  -7.1328500e-01   7.8229000e-02   6.8661600e-01  -1.1422200e-01  -1.9712600e-01  -3.4002100e-01
  -1.1602500e-01  -7.1260400e-01   7.7969000e-02   6.8749800e-01  -1.1341100e-01  -1.9662400e-01  -3.4030300e-01
  -1.1582400e-01  -7.1227500e-01   7.7682000e-02   6.8790500e-01  -1.1303000e-01  -1.9637800e-01  -3.4044500e-01
  -1.1559900e-01  -7.1159600e-01   7.7061000e-02   6.8871600e-01  -1.1231500e-01  -1.9590300e-01  -3.4074100e-01
  -1.1575500e-01  -7.1086600e-01   7.6166000e-02   6.8954200e-01  -1.1163000e-01  -1.9546800e-01  -3.4105800e-01
  -1.1590500e-01  -7.1049200e-01   7.5666000e-02   6.8995800e-01  -1.1129900e-01  -1.9526700e-01  -3.4122100e-01
  -1.1578600e-01  -7.1008600e-01   7.5443000e-02   6.9042000e-01  -1.1097800e-01  -1.9507700e-01  -3.4138700e-01
  -1.1528400e-01  -7.0965100e-01   7.5579000e-02   6.9093600e-01  -1.1066700e-01  -1.9489600e-01  -3.4156000e-01
  -1.1445000e-01  -7.0917300e-01   7.6003000e-02   6.9151900e-01  -1.1035300e-01  -1.9472100e-01  -3.4174700e-01
  -1.1390900e-01  -7.0871000e-01   7.6074000e-02   6.9207500e-01  -1.1002700e-01  -1.9455000e-01  -3.4194500e-01
  -1.1378800e-01  -7.0828100e-01   7.5655000e-02   6.9257900e-01  -1.0969300e-01  -1.9439000e-01  -3.4215500e-01
  -1.1363500e-01  -7.0783300e-01   7.5227000e-02   6.9310900e-01  -1.0934600e-01  -1.9423500e-01  -3.4237200e-01
  -1.1317300e-01  -7.0734400e-01   7.5049000e-02   6.9370300e-01  -1.0898200e-01  -1.9408900e-01  -3.4258900e-01
  -1.1218200e-01  -7.0680100e-01   7.5344000e-02   6.9438500e-01  -1.0861000e-01  -1.9395700e-01  -3.4280900e-01
  -1.1090200e-01  -7.0624400e-01   7.5897000e-02   6.9509700e-01  -1.0823600e-01  -1.9383700e-01  -3.4301700e-01
  -1.0989500e-01  -7.0574400e-01   7.6145000e-02   6.9573700e-01  -1.0787000e-01  -1.9373300e-01  -3.4321300e-01
  -1.1014700e-01  -7.0577200e-01   7.5889000e-02   6.9569700e-01  -1.0787000e-01  -1.9373300e-01  -3.4321300e-01
  -1.1003200e-01  -7.0540100e-01   7.5193000e-02   6.9616700e-01  -1.0751500e-01  -1.9365700e-01  -3.4339300e-01
  -1.0934600e-01  -7.0499300e-01   7.5059000e-02   6.9670200e-01  -1.0717400e-01  -1.9360700e-01  -3.4356000e-01
  -1.0835200e-01  -7.0457800e-01   7.5228000e-02   6.9725900e-01  -1.0685500e-01  -1.9358300e-01  -3.4371800e-01
  -1.0737300e-01  -7.0418400e-01   7.5383000e-02   6.9779200e-01  -1.0655300e-01  -1.9358100e-01  -3.4386700e-01
  -1.0669900e-01  -7.0384100e-01   7.5232000e-02   6.9825700e-01  -1.0627500e-01  -1.9360300e-01  -3.4401300e-01
  -1.0627000e-01  -7.0353200e-01   7.4847000e-02   6.9867600e-01  -1.0601500e-01  -1.9364600e-01  -3.4415400e-01
  -1.0602300e-01  -7.0324600e-01   7.4304000e-02   6.9905900e-01  -1.0577700e-01  -1.9371300e-01  -3.4429300e-01
  -1.0572700e-01  -7.0296000e-01   7.3835000e-02   6.9944100e-01  -1.0556100e-01  -1.9379800e-01  -3.4443100e-01
  -1.0536700e-01  -7.0266700e-01   7.3464000e-02   6.9982900e-01  -1.0536200e-01  -1.9389500e-01  -3.4457000e-01
  -1.0467800e-01  -7.0233700e-01   7.3458000e-02   7.0026400e-01  -1.0517700e-01  -1.9399800e-01  -3.4470800e-01
  -1.0413200e-01  -7.0202700e-01   7.3341000e-02   7.0066800e-01  -1.0500300e-01  -1.9410500e-01  -3.4484100e-01
  -1.0402300e-01  -7.0176900e-01   7.2816000e-02   7.0099800e-01  -1.0483800e-01  -1.9421500e-01  -3.4496800e-01
  -1.0408000e-01  -7.0153700e-01   7.2170000e-02   7.0128800e-01  -1.0468700e-01  -1.9431900e-01  -3.4509100e-01
  -1.0352300e-01  -7.0125200e-01   7.2157000e-02   7.0165700e-01  -1.0454700e-01  -1.9443100e-01  -3.4520900e-01
  -1.0251200e-01  -7.0093200e-01   7.2623000e-02   7.0207600e-01  -1.0441900e-01  -1.9454400e-01  -3.4532200e-01
  -1.0179700e-01  -7.0065200e-01   7.2798000e-02   7.0244200e-01  -1.0429200e-01  -1.9465600e-01  -3.4542800e-01
  -1.0140100e-01  -7.0041300e-01   7.2661000e-02   7.0275200e-01  -1.0416400e-01  -1.9476400e-01  -3.4552800e-01
  -1.0117300e-01  -7.0038900e-01   7.2888000e-02   7.0278500e-01  -1.0416400e-01  -1.9476400e-01  -3.4552800e-01
  -1.0054400e-01  -7.0013300e-01   7.2969000e-02   7.0312200e-01  -1.0403200e-01  -1.9487300e-01  -3.4562400e-01
  -9.9815000e-02  -6.9986800e-01   7.3138000e-02   7.0347200e-01  -1.0388900e-01  -1.9497400e-01  -3.4571500e-01
  -9.8792000e-02  -6.9957600e-01   7.3588000e-02   7.0385900e-01  -1.0373600e-01  -1.9506600e-01  -3.4580100e-01
  -9.7547000e-02  -6.9927000e-01   7.4227000e-02   7.0427000e-01  -1.0357800e-01  -1.9515600e-01  -3.4588700e-01
  -9.6682000e-02  -6.9900500e-01   7.4461000e-02   7.0462700e-01  -1.0342000e-01  -1.9524500e-01  -3.4598000e-01
  -9.6161000e-02  -6.9860600e-01   7.3745000e-02   7.0517000e-01  -1.0312500e-01  -1.9541500e-01  -3.4618300e-01
  -9.5399000e-02  -6.9820500e-01   7.3359000e-02   7.0571000e-01  -1.0288100e-01  -1.9557700e-01  -3.4639900e-01
  -9.4993000e-02  -6.9801200e-01   7.3263000e-02   7.0596600e-01  -1.0277900e-01  -1.9564600e-01  -3.4650600e-01
  -9.4245000e-02  -6.9767000e-01   7.3148000e-02   7.0641600e-01  -1.0262200e-01  -1.9575600e-01  -3.4671200e-01
  -9.3669000e-02  -6.9739300e-01   7.3014000e-02   7.0678000e-01  -1.0251400e-01  -1.9584200e-01  -3.4690500e-01
  -9.3001000e-02  -6.9718800e-01   7.3044000e-02   7.0706700e-01  -1.0246400e-01  -1.9592400e-01  -3.4708500e-01
  -9.2115000e-02  -6.9703700e-01   7.3296000e-02   7.0730600e-01  -1.0245100e-01  -1.9599700e-01  -3.4725900e-01
  -9.1153000e-02  -6.9694000e-01   7.3642000e-02   7.0749000e-01  -1.0246400e-01  -1.9604600e-01  -3.4742700e-01
  -9.0820000e-02  -6.9692000e-01   7.3692000e-02   7.0754800e-01  -1.0248000e-01  -1.9606200e-01  -3.4751100e-01
  -9.0105000e-02  -6.9685300e-01   7.3893000e-02   7.0768400e-01  -1.0251800e-01  -1.9608100e-01  -3.4768600e-01
  -8.9373000e-02  -6.9677800e-01   7.4101000e-02   7.0782900e-01  -1.0255400e-01  -1.9610000e-01  -3.4786900e-01
  -8.8665000e-02  -6.9670700e-01   7.4275000e-02   7.0796900e-01  -1.0258000e-01  -1.9610800e-01  -3.4804700e-01
  -8.8209000e-02  -6.9663700e-01   7.4253000e-02   7.0809800e-01  -1.0258100e-01  -1.9609300e-01  -3.4821100e-01
