   4.2632000e-02  -1.9085200e-01   2.6030000e-02   9.8034700e-01   1.6306000e-01  -2.1569700e-01  -2.5156000e-02
   4.2941000e-02  -1.9119100e-01   2.6247000e-02   9.8026200e-01   1.6308300e-01  -2.1536000e-01  -2.5351000e-02
   4.2823000e-02  -1.9138200e-01   2.6261000e-02   9.8022900e-01   1.6308500e-01  -2.1521700e-01  -2.5423000e-02
   4.2271000e-02  -1.9178400e-01   2.6157000e-02   9.8017800e-01   1.6306400e-01  -2.1499300e-01  -2.5479000e-02
   4.2016000e-02  -1.9198300e-01   2.6078000e-02   9.8015200e-01   1.6303800e-01  -2.1491900e-01  -2.5459000e-02
   4.1303000e-02  -1.9237100e-01   2.5785000e-02   9.8011300e-01   1.6295700e-01  -2.1486700e-01  -2.5306000e-02
   3.9564000e-02  -1.9276500e-01   2.5123000e-02   9.8012500e-01   1.6282800e-01  -2.1497300e-01  -2.4981000e-02
   3.6535000e-02  -1.9329600e-01   2.4074000e-02   9.8016400e-01   1.6258700e-01  -2.1529000e-01  -2.4416000e-02
   3.5577000e-02  -1.9360600e-01   2.3585000e-02   9.8015000e-01   1.6241200e-01  -2.1555100e-01  -2.4022000e-02
   3.4688000e-02  -1.9417700e-01   2.2554000e-02   9.8009400e-01   1.6198500e-01  -2.1630200e-01  -2.2984000e-02
   3.6031000e-02  -1.9466900e-01   2.1538000e-02   9.7997000e-01   1.6145200e-01  -2.1738900e-01  -2.1608000e-02
   3.7742000e-02  -1.9510800e-01   2.0160000e-02   9.7984800e-01   1.6080400e-01  -2.1882900e-01  -1.9880000e-02
   3.8549000e-02  -1.9531500e-01   1.9324000e-02   9.7979200e-01   1.6042400e-01  -2.1968700e-01  -1.8878000e-02
   3.9684000e-02  -1.9573900e-01   1.7255000e-02   9.7970100e-01   1.5954500e-01  -2.2165900e-01  -1.6591000e-02
   4.0502000e-02  -1.9637300e-01   1.4732000e-02   9.7958200e-01   1.5837500e-01  -2.2403100e-01  -1.3765000e-02
   4.0664000e-02  -1.9668700e-01   1.3198000e-02   9.7953400e-01   1.5769400e-01  -2.2540400e-01  -1.2151000e-02
   4.1429000e-02  -1.9698100e-01   1.1644000e-02   9.7946200e-01   1.5695100e-01  -2.2689300e-01  -1.0428000e-02
   4.2502000e-02  -1.9725200e-01   1.0016000e-02   9.7938000e-01   1.5615200e-01  -2.2849300e-01  -8.6150000e-03
   4.5316000e-02  -1.9760400e-01   8.6780000e-03   9.7919600e-01   1.5523100e-01  -2.3021000e-01  -6.6560000e-03
   4.8554000e-02  -1.9806200e-01   7.1700000e-03   9.7896000e-01   1.5414400e-01  -2.3216100e-01  -4.4690000e-03
   5.1084000e-02  -1.9866300e-01   5.1660000e-03   9.7872200e-01   1.5285500e-01  -2.3439800e-01  -2.0120000e-03
   5.3440000e-02  -1.9943400e-01   2.7010000e-03   9.7844900e-01   1.5133400e-01  -2.3694800e-01   7.1600000e-04
   5.6680000e-02  -2.0039100e-01  -8.8000000e-05   9.7807500e-01   1.4956900e-01  -2.3982500e-01   3.7000000e-03
   6.1744000e-02  -2.0159500e-01  -3.0410000e-03   9.7751600e-01   1.4755800e-01  -2.4298000e-01   6.8930000e-03
   7.0376000e-02  -2.0308200e-01  -5.8330000e-03   9.7661200e-01   1.4531800e-01  -2.4638000e-01   1.0233000e-02
   7.3780000e-02  -2.0489100e-01  -1.0263000e-02   9.7594600e-01   1.4281800e-01  -2.5001900e-01   1.3671000e-02
   7.6899000e-02  -2.0703800e-01  -1.5333000e-02   9.7518500e-01   1.4004800e-01  -2.5387000e-01   1.7197000e-02
   8.0544000e-02  -2.0960800e-01  -2.0882000e-02   9.7423900e-01   1.3698400e-01  -2.5791600e-01   2.0775000e-02
   8.5494000e-02  -2.1265300e-01  -2.6702000e-02   9.7301400e-01   1.3361600e-01  -2.6213700e-01   2.4358000e-02
   9.0456000e-02  -2.1616300e-01  -3.3050000e-02   9.7159600e-01   1.2995700e-01  -2.6650200e-01   2.7891000e-02
   9.4530000e-02  -2.2012900e-01  -4.0095000e-02   9.7005100e-01   1.2600700e-01  -2.7098500e-01   3.1325000e-02
   9.8797000e-02  -2.2460300e-01  -4.7572000e-02   9.6826100e-01   1.2177000e-01  -2.7556500e-01   3.4622000e-02
   1.0255000e-01  -2.2955500e-01  -5.5597000e-02   9.6628000e-01   1.1724800e-01  -2.8021300e-01   3.7754000e-02
   1.0750400e-01  -2.3505800e-01  -6.3706000e-02   9.6391500e-01   1.1245600e-01  -2.8490800e-01   4.0703000e-02
   1.0659800e-01  -2.3499800e-01  -6.3927000e-02   9.6401600e-01   1.1245600e-01  -2.8490800e-01   4.0703000e-02
   1.0963900e-01  -2.4083700e-01  -7.2828000e-02   9.6159900e-01   1.0740000e-01  -2.8963400e-01   4.3445000e-02
   1.1195300e-01  -2.4703900e-01  -8.2198000e-02   9.5900000e-01   1.0209700e-01  -2.9437200e-01   4.5969000e-02
   1.1567100e-01  -2.5381100e-01  -9.1524000e-02   9.5594100e-01   9.6620000e-02  -2.9908100e-01   4.8199000e-02
   1.1959400e-01  -2.6104900e-01  -1.0100500e-01   9.5254800e-01   9.0946000e-02  -3.0376800e-01   5.0159000e-02
   1.2183400e-01  -2.6855600e-01  -1.1109700e-01   9.4904800e-01   8.5083000e-02  -3.0840600e-01   5.1841000e-02
   1.2173100e-01  -2.7617500e-01  -1.2196200e-01   9.4553400e-01   7.9026000e-02  -3.1299300e-01   5.3253000e-02
   1.2109300e-01  -2.8405600e-01  -1.3306200e-01   9.4177700e-01   7.2783000e-02  -3.1753100e-01   5.4400000e-02
   1.2049000e-01  -2.9225100e-01  -1.4416900e-01   9.3770300e-01   6.6374000e-02  -3.2201800e-01   5.5273000e-02
   1.2015700e-01  -3.0080600e-01  -1.5516100e-01   9.3327600e-01   5.9821000e-02  -3.2643500e-01   5.5862000e-02
   1.1966600e-01  -3.0966000e-01  -1.6607600e-01   9.2855200e-01   5.3115000e-02  -3.3079500e-01   5.6168000e-02
   1.1994600e-01  -3.1901500e-01  -1.7655800e-01   9.2340100e-01   4.6245000e-02  -3.3507400e-01   5.6207000e-02
   1.1994600e-01  -3.1901500e-01  -1.7655800e-01   9.2340100e-01   4.6245000e-02  -3.3507400e-01   5.6207000e-02
   1.1994600e-01  -3.1901500e-01  -1.7655800e-01   9.2340100e-01   4.6245000e-02  -3.3507400e-01   5.6207000e-02
   1.1994600e-01  -3.1901500e-01  -1.7655800e-01   9.2340100e-01   4.6245000e-02  -3.3507400e-01   5.6207000e-02
   1.1994600e-01  -3.1901500e-01  -1.7655800e-01   9.2340100e-01   4.6245000e-02  -3.3507400e-01   5.6207000e-02
   1.1994600e-01  -3.1901500e-01  -1.7655800e-01   9.2340100e-01   4.6245000e-02  -3.3507400e-01   5.6207000e-02
   1.1994600e-01  -3.1901500e-01  -1.7655800e-01   9.2340100e-01   4.6245000e-02  -3.3507400e-01   5.6207000e-02
   1.1994600e-01  -3.1901500e-01  -1.7655800e-01   9.2340100e-01   4.6245000e-02  -3.3507400e-01   5.6207000e-02
   1.1994600e-01  -3.1901500e-01  -1.7655800e-01   9.2340100e-01   4.6245000e-02  -3.3507400e-01   5.6207000e-02
   1.1994600e-01  -3.1901500e-01  -1.7655800e-01   9.2340100e-01   4.6245000e-02  -3.3507400e-01   5.6207000e-02
   1.1994600e-01  -3.1901500e-01  -1.7655800e-01   9.2340100e-01   4.6245000e-02  -3.3507400e-01   5.6207000e-02
   1.1994600e-01  -3.1901500e-01  -1.7655800e-01   9.2340100e-01   4.6245000e-02  -3.3507400e-01   5.6207000e-02
   1.1994600e-01  -3.1901500e-01  -1.7655800e-01   9.2340100e-01   4.6245000e-02  -3.3507400e-01   5.6207000e-02
   1.1994600e-01  -3.1901500e-01  -1.7655800e-01   9.2340100e-01   4.6245000e-02  -3.3507400e-01   5.6207000e-02
   1.1994600e-01  -3.1901500e-01  -1.7655800e-01   9.2340100e-01   4.6245000e-02  -3.3507400e-01   5.6207000e-02
   6.6546000e-02  -4.4840900e-01  -3.5286000e-01   8.1853000e-01  -7.2523000e-02  -4.4088100e-01   1.4518000e-02
   5.9514000e-02  -4.5933100e-01  -3.6255100e-01   8.0872200e-01  -8.2272000e-02  -4.4772700e-01   7.6790000e-03
   5.2729000e-02  -4.7099500e-01  -3.7124300e-01   7.9847500e-01  -9.2284000e-02  -4.5401000e-01   4.4000000e-04
   4.6208000e-02  -4.8338700e-01  -3.7899600e-01   7.8775800e-01  -1.0249400e-01  -4.5968200e-01  -7.1570000e-03
   3.7419000e-02  -4.9521000e-01  -3.8718800e-01   7.7682200e-01  -1.1289800e-01  -4.6471800e-01  -1.5085000e-02
   3.6528000e-02  -5.0308300e-01  -3.8867400e-01   7.7104200e-01  -1.1815400e-01  -4.6698700e-01  -1.9173000e-02
   3.0101000e-02  -5.1687000e-01  -3.9368400e-01   7.5957300e-01  -1.2875000e-01  -4.7100000e-01  -2.7558000e-02
   2.3341000e-02  -5.3097600e-01  -3.9768800e-01   7.4790700e-01  -1.3942500e-01  -4.7429700e-01  -3.6226000e-02
   1.6244000e-02  -5.4540800e-01  -4.0066100e-01   7.3602800e-01  -1.5008900e-01  -4.7682900e-01  -4.5188000e-02
   1.0057000e-02  -5.6071900e-01  -4.0151700e-01   7.2407000e-01  -1.6069900e-01  -4.7858400e-01  -5.4378000e-02
   3.6440000e-03  -5.7625400e-01  -4.0099200e-01   7.1212600e-01  -1.7118500e-01  -4.7953900e-01  -6.3776000e-02
  -3.3600000e-03  -5.9178600e-01  -3.9928100e-01   7.0025200e-01  -1.8148000e-01  -4.7966700e-01  -7.3386000e-02
  -1.1062000e-02  -6.0717400e-01  -3.9645300e-01   6.8850700e-01  -1.9150100e-01  -4.7894900e-01  -8.3182000e-02
  -2.0855000e-02  -6.2151500e-01  -3.9378600e-01   6.7691700e-01  -2.0116600e-01  -4.7737500e-01  -9.3126000e-02
  -2.2173000e-02  -6.3078600e-01  -3.8850500e-01   6.7132900e-01  -2.0584400e-01  -4.7627100e-01  -9.8132000e-02
  -2.9423000e-02  -6.4668400e-01  -3.8079000e-01   6.6025200e-01  -2.1486200e-01  -4.7342500e-01  -1.0821000e-01
  -3.5944000e-02  -6.6295300e-01  -3.7039700e-01   6.4962100e-01  -2.2336200e-01  -4.6972600e-01  -1.1834400e-01
  -4.1613000e-02  -6.7954400e-01  -3.5709100e-01   6.3951100e-01  -2.3130400e-01  -4.6518900e-01  -1.2849100e-01
  -4.8721000e-02  -6.9495600e-01  -3.4321800e-01   6.2997200e-01  -2.3869200e-01  -4.5986000e-01  -1.3855500e-01
  -5.2987000e-02  -7.0229100e-01  -3.3615100e-01   6.2528600e-01  -2.4218000e-01  -4.5684000e-01  -1.4364300e-01
  -6.4047000e-02  -7.1553800e-01  -3.2317900e-01   6.1600200e-01  -2.4869200e-01  -4.5010100e-01  -1.5386000e-01
  -7.5872000e-02  -7.2790700e-01  -3.0935900e-01   6.0720000e-01  -2.5445200e-01  -4.4256100e-01  -1.6391200e-01
  -8.6790000e-02  -7.3992700e-01  -2.9360100e-01   5.9897800e-01  -2.5936500e-01  -4.3442600e-01  -1.7357500e-01
  -9.2188000e-02  -7.4557000e-01  -2.8545500e-01   5.9509800e-01  -2.6152000e-01  -4.3019800e-01  -1.7821100e-01
  -1.0311100e-01  -7.5584600e-01  -2.6873000e-01   5.8808900e-01  -2.6533300e-01  -4.2149900e-01  -1.8704500e-01
  -1.1414000e-01  -7.6485200e-01  -2.5186800e-01   5.8183900e-01  -2.6836800e-01  -4.1254500e-01  -1.9531600e-01
  -1.1925700e-01  -7.6908200e-01  -2.4289000e-01   5.7904700e-01  -2.6956000e-01  -4.0798600e-01  -1.9926000e-01
  -1.2879700e-01  -7.7731600e-01  -2.2374200e-01   5.7369900e-01  -2.7133600e-01  -3.9853900e-01  -2.0696400e-01
  -1.3404800e-01  -7.8089500e-01  -2.1468700e-01   5.7109000e-01  -2.7191400e-01  -3.9368800e-01  -2.1069600e-01
  -1.4389600e-01  -7.8744400e-01  -1.9614700e-01   5.6634900e-01  -2.7249600e-01  -3.8394200e-01  -2.1778900e-01
  -1.5046400e-01  -7.9423600e-01  -1.7324600e-01   5.6261500e-01  -2.7224800e-01  -3.7391900e-01  -2.2461100e-01
  -1.5861200e-01  -7.9938500e-01  -1.5274400e-01   5.5901200e-01  -2.7117300e-01  -3.6371100e-01  -2.3109700e-01
  -1.6471400e-01  -8.0402200e-01  -1.3116600e-01   5.5607000e-01  -2.6949000e-01  -3.5371100e-01  -2.3706200e-01
  -1.6826500e-01  -8.0593100e-01  -1.2187800e-01   5.5435400e-01  -2.6845800e-01  -3.4878000e-01  -2.3987800e-01
  -1.7308600e-01  -8.0953100e-01  -1.0132900e-01   5.5175500e-01  -2.6605600e-01  -3.3911500e-01  -2.4513800e-01
  -1.7617000e-01  -8.1083100e-01  -9.2619000e-02   5.5039800e-01  -2.6467000e-01  -3.3437800e-01  -2.4758800e-01
  -1.7916800e-01  -8.1195300e-01  -8.4352000e-02   5.4910500e-01  -2.6320700e-01  -3.2975500e-01  -2.4990200e-01
  -1.8038700e-01  -8.1326700e-01  -7.4059000e-02   5.4824600e-01  -2.6167300e-01  -3.2518800e-01  -2.5212600e-01
  -1.8257800e-01  -8.1434800e-01  -6.5428000e-02   5.4701100e-01  -2.5997900e-01  -3.2055200e-01  -2.5431700e-01
  -1.8340100e-01  -8.1544400e-01  -5.4854000e-02   5.4626600e-01  -2.5806200e-01  -3.1580800e-01  -2.5648300e-01
  -1.8222500e-01  -8.1648800e-01  -4.1361000e-02   5.4628800e-01  -2.5591000e-01  -3.1096000e-01  -2.5861000e-01
  -1.8026200e-01  -8.1725400e-01  -2.6812000e-02   5.4670100e-01  -2.5353300e-01  -3.0603900e-01  -2.6067200e-01
  -1.7958700e-01  -8.1761700e-01  -1.4353000e-02   5.4685100e-01  -2.5093900e-01  -3.0106900e-01  -2.6264900e-01
  -1.8040000e-01  -8.1768500e-01  -4.3880000e-03   5.4665100e-01  -2.4817100e-01  -2.9608900e-01  -2.6452100e-01
  -1.8175000e-01  -8.1754100e-01   4.4180000e-03   5.4642000e-01  -2.4525000e-01  -2.9113900e-01  -2.6626900e-01
  -1.8330400e-01  -8.1719000e-01   1.2510000e-02   5.4630000e-01  -2.4219400e-01  -2.8626300e-01  -2.6787100e-01
  -1.8311200e-01  -8.1656800e-01   2.2770000e-02   5.4696200e-01  -2.3901600e-01  -2.8148800e-01  -2.6931900e-01
  -1.8408400e-01  -8.1660700e-01   2.1319000e-02   5.4663600e-01  -2.3901600e-01  -2.8148800e-01  -2.6931900e-01
  -1.8495100e-01  -8.1583300e-01   2.9546000e-02   5.4711700e-01  -2.3573800e-01  -2.7682500e-01  -2.7061400e-01
  -1.8623500e-01  -8.1440300e-01   3.5299000e-02   5.4846800e-01  -2.3224300e-01  -2.7255300e-01  -2.7250800e-01
  -1.8657000e-01  -8.1208400e-01   4.0266000e-02   5.5144300e-01  -2.2847200e-01  -2.6872800e-01  -2.7523400e-01
  -1.8535400e-01  -8.0912800e-01   4.6242000e-02   5.5571400e-01  -2.2450900e-01  -2.6516400e-01  -2.7831600e-01
  -1.8372500e-01  -8.0577700e-01   5.1980000e-02   5.6059500e-01  -2.2040400e-01  -2.6177400e-01  -2.8150000e-01
  -1.8246100e-01  -8.0221900e-01   5.6533000e-02   5.6564700e-01  -2.1621300e-01  -2.5853800e-01  -2.8466900e-01
  -1.8227000e-01  -7.9861200e-01   5.9037000e-02   5.7053600e-01  -2.1197100e-01  -2.5544100e-01  -2.8776600e-01
  -1.8199500e-01  -7.9487400e-01   6.1228000e-02   5.7559000e-01  -2.0768900e-01  -2.5247600e-01  -2.9075500e-01
  -1.8071600e-01  -7.9094600e-01   6.4391000e-02   5.8103400e-01  -2.0339700e-01  -2.4964500e-01  -2.9362100e-01
  -1.7951100e-01  -7.8696000e-01   6.7092000e-02   5.8648800e-01  -1.9912200e-01  -2.4693700e-01  -2.9636300e-01
  -1.7857700e-01  -7.8297200e-01   6.9069000e-02   5.9185600e-01  -1.9488600e-01  -2.4435700e-01  -2.9899300e-01
  -1.7770300e-01  -7.7899400e-01   7.0633000e-02   5.9716100e-01  -1.9071000e-01  -2.4189500e-01  -3.0151200e-01
  -1.7658600e-01  -7.7500700e-01   7.2215000e-02   6.0246700e-01  -1.8661500e-01  -2.3954700e-01  -3.0392900e-01
  -1.7551700e-01  -7.7105600e-01   7.3480000e-02   6.0767400e-01  -1.8261000e-01  -2.3730500e-01  -3.0624500e-01
  -1.7447800e-01  -7.6714900e-01   7.4469000e-02   6.1277600e-01  -1.7870300e-01  -2.3516700e-01  -3.0846500e-01
  -1.7219500e-01  -7.6313600e-01   7.6783000e-02   6.1812400e-01  -1.7489700e-01  -2.3312800e-01  -3.1059600e-01
  -1.7322600e-01  -7.6326300e-01   7.5510000e-02   6.1783600e-01  -1.7489700e-01  -2.3312800e-01  -3.1059600e-01
  -1.7204500e-01  -7.5945300e-01   7.6272000e-02   6.2274700e-01  -1.7121000e-01  -2.3118500e-01  -3.1263500e-01
  -1.7084800e-01  -7.5572100e-01   7.6884000e-02   6.2752300e-01  -1.6765100e-01  -2.2933900e-01  -3.1458700e-01
  -1.6977200e-01  -7.5208400e-01   7.7196000e-02   6.3213000e-01  -1.6421900e-01  -2.2758500e-01  -3.1645900e-01
  -1.6879500e-01  -7.4854500e-01   7.7239000e-02   6.3657100e-01  -1.6091900e-01  -2.2592500e-01  -3.1825800e-01
  -1.6775900e-01  -7.4506300e-01   7.7273000e-02   6.4091100e-01  -1.5775100e-01  -2.2436600e-01  -3.1997300e-01
  -1.6615300e-01  -7.3845000e-01   7.6509000e-02   6.4902300e-01  -1.5181900e-01  -2.2155500e-01  -3.2314200e-01
  -1.6550700e-01  -7.3237600e-01   7.4557000e-02   6.5625800e-01  -1.4647500e-01  -2.1914900e-01  -3.2593400e-01
  -1.6529800e-01  -7.2960400e-01   7.3525000e-02   6.5950700e-01  -1.4408200e-01  -2.1809500e-01  -3.2716000e-01
  -1.6493900e-01  -7.2458600e-01   7.1589000e-02   6.6531600e-01  -1.3982500e-01  -2.1625000e-01  -3.2929900e-01
  -1.6441500e-01  -7.2017100e-01   7.0016000e-02   6.7038700e-01  -1.3617700e-01  -2.1471400e-01  -3.3109800e-01
  -1.6401900e-01  -7.1631800e-01   6.8493000e-02   6.7475600e-01  -1.3304300e-01  -2.1343300e-01  -3.3261500e-01
  -1.6286900e-01  -7.1286900e-01   6.7973000e-02   6.7872800e-01  -1.3033300e-01  -2.1234100e-01  -3.3389300e-01
  -1.6236000e-01  -7.0989100e-01   6.6969000e-02   6.8206200e-01  -1.2797800e-01  -2.1139500e-01  -3.3498200e-01
  -1.6320600e-01  -7.0863500e-01   6.5396000e-02   6.8331800e-01  -1.2691200e-01  -2.1096600e-01  -3.3547000e-01
  -1.6299700e-01  -7.0619600e-01   6.4383000e-02   6.8598400e-01  -1.2500200e-01  -2.1018100e-01  -3.3634000e-01
  -1.6226100e-01  -7.0402800e-01   6.4080000e-02   6.8841100e-01  -1.2335600e-01  -2.0948100e-01  -3.3709300e-01
  -1.6185500e-01  -7.0220400e-01   6.3565000e-02   6.9041400e-01  -1.2194800e-01  -2.0885800e-01  -3.3774100e-01
  -1.6151100e-01  -7.0065500e-01   6.3095000e-02   6.9210900e-01  -1.2074000e-01  -2.0829500e-01  -3.3830300e-01
  -1.6082100e-01  -6.9929300e-01   6.3075000e-02   6.9364800e-01  -1.1970100e-01  -2.0779500e-01  -3.3879100e-01
  -1.5994700e-01  -6.9813300e-01   6.3315000e-02   6.9499500e-01  -1.1881300e-01  -2.0736100e-01  -3.3919600e-01
  -1.5930400e-01  -6.9720100e-01   6.3376000e-02   6.9607200e-01  -1.1806100e-01  -2.0698300e-01  -3.3953200e-01
  -1.5869000e-01  -6.9646600e-01   6.3402000e-02   6.9694500e-01  -1.1743000e-01  -2.0665200e-01  -3.3982600e-01
  -1.5894900e-01  -6.9620900e-01   6.2868000e-02   6.9719100e-01  -1.1715600e-01  -2.0650300e-01  -3.3995400e-01
  -1.5842500e-01  -6.9568900e-01   6.2880000e-02   6.9782800e-01  -1.1667600e-01  -2.0624500e-01  -3.4017600e-01
  -1.5789400e-01  -6.9526500e-01   6.2947000e-02   6.9836500e-01  -1.1627400e-01  -2.0603900e-01  -3.4035300e-01
  -1.5773300e-01  -6.9497300e-01   6.2691000e-02   6.9871500e-01  -1.1595300e-01  -2.0588200e-01  -3.4049300e-01
  -1.5770800e-01  -6.9476300e-01   6.2323000e-02   6.9896200e-01  -1.1570900e-01  -2.0577800e-01  -3.4061200e-01
  -1.5755800e-01  -6.9458600e-01   6.2133000e-02   6.9918800e-01  -1.1551300e-01  -2.0572200e-01  -3.4069600e-01
  -1.5717600e-01  -6.9443600e-01   6.2213000e-02   6.9941700e-01  -1.1536700e-01  -2.0571100e-01  -3.4074800e-01
  -1.5684700e-01  -6.9432900e-01   6.2266000e-02   6.9959200e-01  -1.1525400e-01  -2.0574000e-01  -3.4077000e-01
  -1.5673000e-01  -6.9429600e-01   6.2233000e-02   6.9965400e-01  -1.1520900e-01  -2.0577000e-01  -3.4077500e-01
  -1.5691000e-01  -6.9429100e-01   6.1753000e-02   6.9966200e-01  -1.1513900e-01  -2.0585700e-01  -3.4077000e-01
  -1.5680000e-01  -6.9429600e-01   6.1531000e-02   6.9970100e-01  -1.1509100e-01  -2.0598500e-01  -3.4074500e-01
  -1.5620300e-01  -6.9429700e-01   6.1798000e-02   6.9980900e-01  -1.1506800e-01  -2.0612600e-01  -3.4070900e-01
  -1.5557100e-01  -6.9433400e-01   6.2105000e-02   6.9988600e-01  -1.1507100e-01  -2.0627600e-01  -3.4066500e-01
  -1.5518400e-01  -6.9442000e-01   6.2172000e-02   6.9988100e-01  -1.1509300e-01  -2.0644500e-01  -3.4060800e-01
