   6.2929000e-02  -1.7577100e-01  -1.2254000e-02   9.8234100e-01   1.6371000e-01  -2.2503100e-01   2.6600000e-04
   6.2261000e-02  -1.7603000e-01  -1.2320000e-02   9.8233700e-01   1.6372700e-01  -2.2513100e-01  -1.6400000e-04
   6.2342000e-02  -1.7603100e-01  -1.2306000e-02   9.8233100e-01   1.6372700e-01  -2.2513100e-01  -1.6400000e-04
   6.2734000e-02  -1.7611800e-01  -1.2086000e-02   9.8229400e-01   1.6374300e-01  -2.2511600e-01  -3.4200000e-04
   6.3118000e-02  -1.7618400e-01  -1.1822000e-02   9.8226000e-01   1.6376200e-01  -2.2506200e-01  -4.9700000e-04
   6.3475000e-02  -1.7623400e-01  -1.1503000e-02   9.8223200e-01   1.6377700e-01  -2.2498100e-01  -6.2000000e-04
   6.3919000e-02  -1.7627600e-01  -1.1135000e-02   9.8220000e-01   1.6378700e-01  -2.2487800e-01  -7.1300000e-04
   6.3826000e-02  -1.7629700e-01  -1.0864000e-02   9.8220600e-01   1.6379300e-01  -2.2477400e-01  -7.7000000e-04
   6.3458000e-02  -1.7634400e-01  -1.0669000e-02   9.8222300e-01   1.6378300e-01  -2.2466400e-01  -7.8200000e-04
   6.3130000e-02  -1.7642500e-01  -1.0527000e-02   9.8223100e-01   1.6375200e-01  -2.2456900e-01  -7.4200000e-04
   6.2985000e-02  -1.7655100e-01  -1.0432000e-02   9.8221900e-01   1.6369000e-01  -2.2451500e-01  -6.3100000e-04
   6.3144000e-02  -1.7672600e-01  -1.0356000e-02   9.8217800e-01   1.6357900e-01  -2.2453300e-01  -4.1800000e-04
   6.4755000e-02  -1.7696200e-01  -1.0128000e-02   9.8203300e-01   1.6340600e-01  -2.2465000e-01  -7.1000000e-05
   6.7214000e-02  -1.7727900e-01  -9.8940000e-03   9.8181300e-01   1.6315600e-01  -2.2488300e-01   4.3600000e-04
   6.9474000e-02  -1.7769800e-01  -9.9040000e-03   9.8158000e-01   1.6281300e-01  -2.2524600e-01   1.1330000e-03
   7.1130000e-02  -1.7820300e-01  -1.0284000e-02   9.8136600e-01   1.6236500e-01  -2.2577400e-01   2.0570000e-03
   7.3538000e-02  -1.7881300e-01  -1.0816000e-02   9.8107100e-01   1.6179800e-01  -2.2648600e-01   3.2270000e-03
   7.6855000e-02  -1.7954200e-01  -1.1478000e-02   9.8067600e-01   1.6108800e-01  -2.2740000e-01   4.6780000e-03
   8.0939000e-02  -1.8040100e-01  -1.2339000e-02   9.8018000e-01   1.6022400e-01  -2.2852700e-01   6.4160000e-03
   8.0939000e-02  -1.8040100e-01  -1.2339000e-02   9.8018000e-01   1.6022400e-01  -2.2852700e-01   6.4160000e-03
   8.4616000e-02  -1.8138900e-01  -1.3628000e-02   9.7967000e-01   1.5916800e-01  -2.2992800e-01   8.4700000e-03
   8.7591000e-02  -1.8250500e-01  -1.5436000e-02   9.7917400e-01   1.5790900e-01  -2.3160300e-01   1.0828000e-02
   9.0817000e-02  -1.8377100e-01  -1.7669000e-02   9.7860500e-01   1.5643700e-01  -2.3356900e-01   1.3480000e-02
   9.3766000e-02  -1.8522400e-01  -2.0465000e-02   9.7799900e-01   1.5473100e-01  -2.3580800e-01   1.6409000e-02
   9.7308000e-02  -1.8692900e-01  -2.3684000e-02   9.7725500e-01   1.5276700e-01  -2.3834000e-01   1.9574000e-02
   1.0103800e-01  -1.8890200e-01  -2.7471000e-02   9.7639800e-01   1.5054600e-01  -2.4115700e-01   2.2917000e-02
   1.1192100e-01  -1.9391300e-01  -3.6259000e-02   9.7393900e-01   1.4525600e-01  -2.4767300e-01   2.9990000e-02
   1.1780500e-01  -1.9988900e-01  -4.8451000e-02   9.7150300e-01   1.3904700e-01  -2.5515500e-01   3.7001000e-02
   1.2058100e-01  -2.0308100e-01  -5.4926000e-02   9.7015500e-01   1.3576500e-01  -2.5895700e-01   4.0296000e-02
   1.2726800e-01  -2.0984100e-01  -6.7836000e-02   9.6704100e-01   1.2896500e-01  -2.6646100e-01   4.6403000e-02
   1.3333800e-01  -2.1702000e-01  -8.1214000e-02   9.6360100e-01   1.2190500e-01  -2.7382400e-01   5.1853000e-02
   1.3960300e-01  -2.2482800e-01  -9.4807000e-02   9.5967400e-01   1.1456800e-01  -2.8104700e-01   5.6651000e-02
   1.4512000e-01  -2.3333900e-01  -1.0889500e-01   9.5531900e-01   1.0689500e-01  -2.8816700e-01   6.0825000e-02
   1.5040000e-01  -2.3820500e-01  -1.1545700e-01   9.5252700e-01   1.0295400e-01  -2.9165500e-01   6.2676000e-02
   1.6243800e-01  -2.4910400e-01  -1.2849800e-01   9.4607000e-01   9.4705000e-02  -2.9852000e-01   6.5972000e-02
   1.6969100e-01  -2.5533200e-01  -1.3488400e-01   9.4224000e-01   9.0320000e-02  -3.0191700e-01   6.7447000e-02
   1.7797800e-01  -2.6805200e-01  -1.4972700e-01   9.3490800e-01   8.1061000e-02  -3.0866500e-01   6.9994000e-02
   1.9001500e-01  -2.7626900e-01  -1.5501800e-01   9.2926800e-01   7.6197000e-02  -3.1191900e-01   7.1106000e-02
   2.1014100e-01  -2.9382800e-01  -1.6626300e-01   9.1753100e-01   6.5470000e-02  -3.1854800e-01   7.3086000e-02
   2.1014100e-01  -2.9382800e-01  -1.6626300e-01   9.1753100e-01   6.5470000e-02  -3.1854800e-01   7.3086000e-02
   2.1014100e-01  -2.9382800e-01  -1.6626300e-01   9.1753100e-01   6.5470000e-02  -3.1854800e-01   7.3086000e-02
   2.1014100e-01  -2.9382800e-01  -1.6626300e-01   9.1753100e-01   6.5470000e-02  -3.1854800e-01   7.3086000e-02
   2.1014100e-01  -2.9382800e-01  -1.6626300e-01   9.1753100e-01   6.5470000e-02  -3.1854800e-01   7.3086000e-02
   2.1014100e-01  -2.9382800e-01  -1.6626300e-01   9.1753100e-01   6.5470000e-02  -3.1854800e-01   7.3086000e-02
   2.1014100e-01  -2.9382800e-01  -1.6626300e-01   9.1753100e-01   6.5470000e-02  -3.1854800e-01   7.3086000e-02
   2.1014100e-01  -2.9382800e-01  -1.6626300e-01   9.1753100e-01   6.5470000e-02  -3.1854800e-01   7.3086000e-02
   2.1014100e-01  -2.9382800e-01  -1.6626300e-01   9.1753100e-01   6.5470000e-02  -3.1854800e-01   7.3086000e-02
   2.1014100e-01  -2.9382800e-01  -1.6626300e-01   9.1753100e-01   6.5470000e-02  -3.1854800e-01   7.3086000e-02
   2.1014100e-01  -2.9382800e-01  -1.6626300e-01   9.1753100e-01   6.5470000e-02  -3.1854800e-01   7.3086000e-02
   2.1014100e-01  -2.9382800e-01  -1.6626300e-01   9.1753100e-01   6.5470000e-02  -3.1854800e-01   7.3086000e-02
   2.1014100e-01  -2.9382800e-01  -1.6626300e-01   9.1753100e-01   6.5470000e-02  -3.1854800e-01   7.3086000e-02
   2.1014100e-01  -2.9382800e-01  -1.6626300e-01   9.1753100e-01   6.5470000e-02  -3.1854800e-01   7.3086000e-02
   2.1014100e-01  -2.9382800e-01  -1.6626300e-01   9.1753100e-01   6.5470000e-02  -3.1854800e-01   7.3086000e-02
   2.1014100e-01  -2.9382800e-01  -1.6626300e-01   9.1753100e-01   6.5470000e-02  -3.1854800e-01   7.3086000e-02
   2.1014100e-01  -2.9382800e-01  -1.6626300e-01   9.1753100e-01   6.5470000e-02  -3.1854800e-01   7.3086000e-02
   2.1014100e-01  -2.9382800e-01  -1.6626300e-01   9.1753100e-01   6.5470000e-02  -3.1854800e-01   7.3086000e-02
   2.1014100e-01  -2.9382800e-01  -1.6626300e-01   9.1753100e-01   6.5470000e-02  -3.1854800e-01   7.3086000e-02
   2.1014100e-01  -2.9382800e-01  -1.6626300e-01   9.1753100e-01   6.5470000e-02  -3.1854800e-01   7.3086000e-02
   2.1014100e-01  -2.9382800e-01  -1.6626300e-01   9.1753100e-01   6.5470000e-02  -3.1854800e-01   7.3086000e-02
   2.1014100e-01  -2.9382800e-01  -1.6626300e-01   9.1753100e-01   6.5470000e-02  -3.1854800e-01   7.3086000e-02
   2.1014100e-01  -2.9382800e-01  -1.6626300e-01   9.1753100e-01   6.5470000e-02  -3.1854800e-01   7.3086000e-02
   2.1014100e-01  -2.9382800e-01  -1.6626300e-01   9.1753100e-01   6.5470000e-02  -3.1854800e-01   7.3086000e-02
   2.1014100e-01  -2.9382800e-01  -1.6626300e-01   9.1753100e-01   6.5470000e-02  -3.1854800e-01   7.3086000e-02
   1.8800400e-01  -5.0121100e-01  -3.8811700e-01   7.5020500e-01  -1.0107600e-01  -4.6390000e-01   3.4259000e-02
   1.8450800e-01  -5.1680600e-01  -3.8898900e-01   7.3997000e-01  -1.0997100e-01  -4.6910500e-01   2.6562000e-02
   1.8023300e-01  -5.3306700e-01  -3.8893800e-01   7.2944000e-01  -1.1913400e-01  -4.7386200e-01   1.8191000e-02
   1.7471900e-01  -5.4961200e-01  -3.8817400e-01   7.1883300e-01  -1.2850500e-01  -4.7808000e-01   9.1790000e-03
   1.6825800e-01  -5.6649100e-01  -3.8644100e-01   7.0812500e-01  -1.3801600e-01  -4.8167600e-01  -4.5300000e-04
   1.6185500e-01  -5.8414100e-01  -3.8280900e-01   6.9716600e-01  -1.4757800e-01  -4.8456400e-01  -1.0687000e-02
   1.5506300e-01  -6.0217200e-01  -3.7750800e-01   6.8617200e-01  -1.5709700e-01  -4.8666600e-01  -2.1483000e-02
   1.4719200e-01  -6.2004200e-01  -3.7110600e-01   6.7539800e-01  -1.6648700e-01  -4.8792000e-01  -3.2786000e-02
   1.3902800e-01  -6.3800100e-01  -3.6313400e-01   6.6465000e-01  -1.7553000e-01  -4.8824600e-01  -4.4532000e-02
   1.3076900e-01  -6.5598000e-01  -3.5328100e-01   6.5405000e-01  -1.8423300e-01  -4.8763500e-01  -5.6634000e-02
   1.2146800e-01  -6.7329500e-01  -3.4251100e-01   6.4389900e-01  -1.9256000e-01  -4.8607800e-01  -6.9000000e-02
   1.1116200e-01  -6.8985900e-01  -3.3067400e-01   6.3434400e-01  -2.0052000e-01  -4.8356200e-01  -8.1579000e-02
   9.7815000e-02  -7.0445500e-01  -3.2037400e-01   6.2572800e-01  -2.0801700e-01  -4.8009100e-01  -9.4243000e-02
   1.0026900e-01  -7.0570600e-01  -3.1760800e-01   6.2534000e-01  -2.0801700e-01  -4.8009100e-01  -9.4243000e-02
   8.9904000e-02  -7.2122000e-01  -3.0226400e-01   6.1676200e-01  -2.1498800e-01  -4.7569200e-01  -1.0687000e-01
   7.9639000e-02  -7.3602800e-01  -2.8532600e-01   6.0869500e-01  -2.2136900e-01  -4.7040200e-01  -1.1935900e-01
   6.8791000e-02  -7.4966300e-01  -2.6782900e-01   6.0128200e-01  -2.2712800e-01  -4.6428100e-01  -1.3160000e-01
   5.6817000e-02  -7.6180200e-01  -2.5084100e-01   5.9456500e-01  -2.3223300e-01  -4.5741400e-01  -1.4348600e-01
   4.4279000e-02  -7.7268000e-01  -2.3402500e-01   5.8842000e-01  -2.3668600e-01  -4.4988900e-01  -1.5493200e-01
   3.2495000e-02  -7.8279000e-01  -2.1593600e-01   5.8271400e-01  -2.4048800e-01  -4.4180200e-01  -1.6588000e-01
   2.1454000e-02  -7.9203200e-01  -1.9691200e-01   5.7745200e-01  -2.4364200e-01  -4.3326800e-01  -1.7626000e-01
   1.1497000e-02  -8.0045700e-01  -1.7668400e-01   5.7264200e-01  -2.4614400e-01  -4.2437900e-01  -1.8605300e-01
   2.5660000e-03  -8.0801200e-01  -1.5550000e-01   5.6827000e-01  -2.4803000e-01  -4.1522000e-01  -1.9525600e-01
  -6.9300000e-03  -8.1429600e-01  -1.3588400e-01   5.6427800e-01  -2.4934500e-01  -4.0588100e-01  -2.0386700e-01
  -2.9683000e-02  -8.2311900e-01  -1.0545300e-01   5.5720200e-01  -2.5043900e-01  -3.8706700e-01  -2.1925600e-01
  -5.0805000e-02  -8.2897000e-01  -8.0249000e-02   5.5117000e-01  -2.5012100e-01  -3.6933000e-01  -2.3178400e-01
  -6.7124000e-02  -8.3314900e-01  -5.6715000e-02   5.4602300e-01  -2.4903300e-01  -3.5340500e-01  -2.4167200e-01
  -8.0554000e-02  -8.3593200e-01  -3.6413000e-02   5.4166700e-01  -2.4744100e-01  -3.3925000e-01  -2.4949800e-01
  -9.3436000e-02  -8.3757500e-01  -2.1465000e-02   5.3784500e-01  -2.4545500e-01  -3.2665600e-01  -2.5574400e-01
  -9.9160000e-02  -8.3809600e-01  -1.4801000e-02   5.3623100e-01  -2.4433200e-01  -3.2087200e-01  -2.5839100e-01
  -1.0896000e-01  -8.3864100e-01  -2.0710000e-03   5.3367100e-01  -2.4186500e-01  -3.1020300e-01  -2.6291000e-01
  -1.1619100e-01  -8.3858500e-01   1.1169000e-02   5.3211900e-01  -2.3915300e-01  -3.0058800e-01  -2.6657400e-01
  -1.2255000e-01  -8.3802700e-01   2.2718000e-02   5.3120200e-01  -2.3623400e-01  -2.9192800e-01  -2.6953400e-01
  -1.2850100e-01  -8.3712800e-01   3.2373000e-02   5.3071300e-01  -2.3316800e-01  -2.8407500e-01  -2.7193300e-01
  -1.3216800e-01  -8.3393000e-01   3.8988000e-02   5.3439000e-01  -2.2947700e-01  -2.7780100e-01  -2.7649900e-01
  -1.3384500e-01  -8.2920900e-01   4.4402000e-02   5.4085700e-01  -2.2531000e-01  -2.7252300e-01  -2.8223100e-01
  -1.3416100e-01  -8.2396500e-01   5.0087000e-02   5.4824600e-01  -2.2091500e-01  -2.6770800e-01  -2.8784200e-01
  -1.3516500e-01  -8.2135500e-01   5.1257000e-02   5.5179600e-01  -2.1865700e-01  -2.6541800e-01  -2.9049700e-01
  -1.3598500e-01  -8.1598800e-01   5.4708000e-02   5.5917700e-01  -2.1405800e-01  -2.6105300e-01  -2.9547100e-01
  -1.3624200e-01  -8.1054200e-01   5.8182000e-02   5.6663400e-01  -2.0936900e-01  -2.5696300e-01  -3.0000500e-01
  -1.3573300e-01  -8.0503300e-01   6.2029000e-02   5.7415200e-01  -2.0462400e-01  -2.5312900e-01  -3.0412400e-01
  -1.3551600e-01  -7.9956600e-01   6.4847000e-02   5.8148500e-01  -1.9982500e-01  -2.4951000e-01  -3.0788300e-01
  -1.3599100e-01  -7.9416300e-01   6.6195000e-02   5.8858300e-01  -1.9499500e-01  -2.4610100e-01  -3.1134300e-01
  -1.3557000e-01  -7.8869800e-01   6.8274000e-02   5.9574700e-01  -1.9018800e-01  -2.4290400e-01  -3.1451900e-01
  -1.3477300e-01  -7.8592800e-01   6.9927000e-02   5.9938600e-01  -1.8780900e-01  -2.4138300e-01  -3.1600000e-01
  -1.3347100e-01  -7.8048900e-01   7.2540000e-02   6.0643200e-01  -1.8312400e-01  -2.3849500e-01  -3.1876700e-01
  -1.3281000e-01  -7.7521800e-01   7.4010000e-02   6.1312400e-01  -1.7853800e-01  -2.3578600e-01  -3.2129300e-01
  -1.3258400e-01  -7.7009600e-01   7.4677000e-02   6.1951300e-01  -1.7407300e-01  -2.3323700e-01  -3.2362400e-01
  -1.3203300e-01  -7.6505400e-01   7.5596000e-02   6.2573600e-01  -1.6974900e-01  -2.3082900e-01  -3.2576100e-01
  -1.3111200e-01  -7.6008400e-01   7.6896000e-02   6.3179800e-01  -1.6557400e-01  -2.2854900e-01  -3.2769900e-01
  -1.3049400e-01  -7.5527800e-01   7.7656000e-02   6.3757000e-01  -1.6153300e-01  -2.2635300e-01  -3.2952300e-01
  -1.3032400e-01  -7.5060700e-01   7.7926000e-02   6.4306500e-01  -1.5765700e-01  -2.2428100e-01  -3.3118800e-01
  -1.2975500e-01  -7.4597100e-01   7.8737000e-02   6.4845300e-01  -1.5394900e-01  -2.2233500e-01  -3.3269400e-01
  -1.2984200e-01  -7.4375200e-01   7.8695000e-02   6.5098400e-01  -1.5216000e-01  -2.2139300e-01  -3.3341100e-01
  -1.2934800e-01  -7.3932900e-01   7.9378000e-02   6.5601900e-01  -1.4869100e-01  -2.1956500e-01  -3.3476100e-01
  -1.2959900e-01  -7.3507600e-01   7.9271000e-02   6.6074500e-01  -1.4533900e-01  -2.1780800e-01  -3.3599500e-01
  -1.2965800e-01  -7.3082500e-01   7.9553000e-02   6.6539800e-01  -1.4208100e-01  -2.1610100e-01  -3.3710900e-01
  -1.3103700e-01  -7.2890400e-01   7.8247000e-02   6.6738700e-01  -1.4050700e-01  -2.1527900e-01  -3.3762300e-01
  -1.3251200e-01  -7.2504800e-01   7.7050000e-02   6.7142300e-01  -1.3749700e-01  -2.1372500e-01  -3.3857100e-01
  -1.3433300e-01  -7.2135200e-01   7.5569000e-02   6.7520000e-01  -1.3463100e-01  -2.1226500e-01  -3.3941300e-01
  -1.3536600e-01  -7.1771300e-01   7.4960000e-02   6.7893000e-01  -1.3190100e-01  -2.1089900e-01  -3.4015700e-01
  -1.3602800e-01  -7.1421200e-01   7.4715000e-02   6.8250600e-01  -1.2932500e-01  -2.0963400e-01  -3.4081700e-01
  -1.3662100e-01  -7.1090000e-01   7.4480000e-02   6.8586400e-01  -1.2690200e-01  -2.0846200e-01  -3.4141000e-01
  -1.3687900e-01  -7.0774100e-01   7.4493000e-02   6.8907000e-01  -1.2461800e-01  -2.0738100e-01  -3.4194800e-01
  -1.3703200e-01  -7.0476600e-01   7.4521000e-02   6.9207900e-01  -1.2246500e-01  -2.0638100e-01  -3.4242900e-01
  -1.3704000e-01  -7.0334700e-01   7.4578000e-02   6.9351400e-01  -1.2144000e-01  -2.0590900e-01  -3.4265000e-01
  -1.3671000e-01  -7.0064000e-01   7.4949000e-02   6.9627300e-01  -1.1948000e-01  -2.0502700e-01  -3.4304400e-01
  -1.3614200e-01  -6.9811900e-01   7.5450000e-02   6.9885800e-01  -1.1764400e-01  -2.0421500e-01  -3.4339200e-01
  -1.3560100e-01  -6.9578000e-01   7.5835000e-02   7.0125000e-01  -1.1592800e-01  -2.0346600e-01  -3.4371200e-01
  -1.3506100e-01  -6.9359500e-01   7.6170000e-02   7.0347800e-01  -1.1432700e-01  -2.0277100e-01  -3.4401000e-01
  -1.3482800e-01  -6.9159900e-01   7.6143000e-02   7.0548900e-01  -1.1284000e-01  -2.0212500e-01  -3.4429400e-01
  -1.3532500e-01  -6.8981300e-01   7.5389000e-02   7.0722100e-01  -1.1146200e-01  -2.0151300e-01  -3.4457200e-01
  -1.3591900e-01  -6.8818200e-01   7.4528000e-02   7.0878600e-01  -1.1019500e-01  -2.0093300e-01  -3.4484300e-01
  -1.3564800e-01  -6.8658200e-01   7.4439000e-02   7.1039700e-01  -1.0902300e-01  -2.0039900e-01  -3.4511800e-01
  -1.3549800e-01  -6.8582200e-01   7.4408000e-02   7.1116200e-01  -1.0847400e-01  -2.0014500e-01  -3.4525400e-01
  -1.3469700e-01  -6.8432300e-01   7.4871000e-02   7.1270800e-01  -1.0743900e-01  -1.9965500e-01  -3.4550900e-01
  -1.3457500e-01  -6.8300400e-01   7.4727000e-02   7.1401100e-01  -1.0648800e-01  -1.9919700e-01  -3.4573600e-01
  -1.3468900e-01  -6.8182700e-01   7.4387000e-02   7.1514900e-01  -1.0562800e-01  -1.9878000e-01  -3.4594000e-01
  -1.3458800e-01  -6.8073500e-01   7.4233000e-02   7.1622300e-01  -1.0483300e-01  -1.9840700e-01  -3.4611900e-01
  -1.3441600e-01  -6.7975600e-01   7.4136000e-02   7.1719500e-01  -1.0411000e-01  -1.9808100e-01  -3.4627000e-01
  -1.3399700e-01  -6.7887000e-01   7.4254000e-02   7.1810000e-01  -1.0345800e-01  -1.9779000e-01  -3.4640300e-01
  -1.3373100e-01  -6.7846900e-01   7.4356000e-02   7.1851700e-01  -1.0316100e-01  -1.9765900e-01  -3.4646300e-01
  -1.3348900e-01  -6.7780200e-01   7.4268000e-02   7.1920000e-01  -1.0262700e-01  -1.9743200e-01  -3.4656600e-01
  -1.3325100e-01  -6.7725500e-01   7.4154000e-02   7.1977200e-01  -1.0217200e-01  -1.9725300e-01  -3.4665500e-01
  -1.3272500e-01  -6.7675700e-01   7.4285000e-02   7.2032400e-01  -1.0178000e-01  -1.9713100e-01  -3.4673100e-01
  -1.3225500e-01  -6.7634900e-01   7.4343000e-02   7.2078600e-01  -1.0145400e-01  -1.9706600e-01  -3.4679200e-01
  -1.3203400e-01  -6.7602100e-01   7.4146000e-02   7.2115600e-01  -1.0118000e-01  -1.9705100e-01  -3.4685000e-01
