   3.2644000e-02  -1.8560000e-01  -5.0417000e-02   9.8078800e-01   1.6466800e-01  -2.3520400e-01  -1.4301000e-02
   3.0395000e-02  -1.8673900e-01  -4.9700000e-02   9.8068100e-01   1.6457000e-01  -2.3474600e-01  -1.5122000e-02
   2.8667000e-02  -1.8788900e-01  -4.8990000e-02   9.8054900e-01   1.6443100e-01  -2.3431800e-01  -1.5752000e-02
   2.7483000e-02  -1.8893700e-01  -4.8314000e-02   9.8041500e-01   1.6429200e-01  -2.3394100e-01  -1.6246000e-02
   2.6531000e-02  -1.8994200e-01  -4.7742000e-02   9.8027500e-01   1.6412800e-01  -2.3361700e-01  -1.6588000e-02
   2.5037000e-02  -1.9090400e-01  -4.7451000e-02   9.8014100e-01   1.6392800e-01  -2.3335700e-01  -1.6771000e-02
   2.3932000e-02  -1.9136600e-01  -4.7453000e-02   9.8007900e-01   1.6381200e-01  -2.3325500e-01  -1.6797000e-02
   2.0917000e-02  -1.9228200e-01  -4.7792000e-02   9.7995200e-01   1.6353500e-01  -2.3311400e-01  -1.6703000e-02
   1.9087000e-02  -1.9323300e-01  -4.8184000e-02   9.7978300e-01   1.6320900e-01  -2.3307800e-01  -1.6411000e-02
   1.8532000e-02  -1.9414600e-01  -4.8640000e-02   9.7959100e-01   1.6285200e-01  -2.3316400e-01  -1.5924000e-02
   1.9605000e-02  -1.9509200e-01  -4.9096000e-02   9.7935900e-01   1.6242200e-01  -2.3336400e-01  -1.5125000e-02
   1.9774000e-02  -1.9576400e-01  -5.0134000e-02   9.7916900e-01   1.6196800e-01  -2.3371900e-01  -1.4049000e-02
   1.7858000e-02  -1.9602400e-01  -5.2088000e-02   9.7905200e-01   1.6149400e-01  -2.3426800e-01  -1.2663000e-02
   1.3902000e-02  -1.9586100e-01  -5.5063000e-02   9.7898600e-01   1.6097000e-01  -2.3505200e-01  -1.0895000e-02
   8.4900000e-03  -1.9528400e-01  -5.9037000e-02   9.7893100e-01   1.6036100e-01  -2.3610400e-01  -8.6570000e-03
   1.6470000e-03  -1.9415900e-01  -6.4084000e-02   9.7887300e-01   1.5965600e-01  -2.3745500e-01  -5.8760000e-03
  -5.4690000e-03  -1.9246300e-01  -7.0048000e-02   9.7878600e-01   1.5884600e-01  -2.3913900e-01  -2.5360000e-03
  -5.6230000e-03  -1.9075800e-01  -7.5527000e-02   9.7871100e-01   1.5791100e-01  -2.4116100e-01   1.3130000e-03
  -1.5384000e-02  -1.8899400e-01  -8.0446000e-02   9.7855600e-01   1.5738000e-01  -2.4228500e-01   3.4090000e-03
  -2.1979000e-02  -1.8612700e-01  -8.8396000e-02   9.7829400e-01   1.5618300e-01  -2.4477400e-01   7.9210000e-03
  -2.6754000e-02  -1.8295100e-01  -9.5239000e-02   9.7813200e-01   1.5463300e-01  -2.4821400e-01   1.2875000e-02
  -3.0586000e-02  -1.7960100e-01  -1.0170000e-01   9.7799000e-01   1.5275800e-01  -2.5231400e-01   1.8150000e-02
  -3.4224000e-02  -1.7619000e-01  -1.0861200e-01   9.7774700e-01   1.5057600e-01  -2.5677400e-01   2.3649000e-02
  -3.7786000e-02  -1.7282000e-01  -1.1605300e-01   9.7736200e-01   1.4806000e-01  -2.6154100e-01   2.9300000e-02
  -4.0530000e-02  -1.6970000e-01  -1.2385800e-01   9.7684100e-01   1.4520200e-01  -2.6648800e-01   3.5032000e-02
  -4.2695000e-02  -1.6678400e-01  -1.3216900e-01   9.7616200e-01   1.4206800e-01  -2.7152600e-01   4.0722000e-02
  -4.5107000e-02  -1.6392900e-01  -1.4120200e-01   9.7527200e-01   1.3875600e-01  -2.7657500e-01   4.6217000e-02
  -4.5392000e-02  -1.6166800e-01  -1.5056700e-01   9.7423400e-01   1.3519800e-01  -2.8165900e-01   5.1504000e-02
  -4.8060000e-02  -1.6021900e-01  -1.5591800e-01   9.7350400e-01   1.3334600e-01  -2.8420700e-01   5.4055000e-02
  -4.7060000e-02  -1.5851500e-01  -1.6597500e-01   9.7216800e-01   1.2949400e-01  -2.8931800e-01   5.8958000e-02
  -4.4208000e-02  -1.5739200e-01  -1.7639000e-01   9.7064900e-01   1.2552100e-01  -2.9442100e-01   6.3504000e-02
  -4.0048000e-02  -1.5695400e-01  -1.8707900e-01   9.6889800e-01   1.2136000e-01  -2.9953100e-01   6.7719000e-02
  -3.5606000e-02  -1.5717100e-01  -1.9804300e-01   9.6685500e-01   1.1695900e-01  -3.0466100e-01   7.1598000e-02
  -2.9940000e-02  -1.5818300e-01  -2.0921700e-01   9.6452600e-01   1.1238100e-01  -3.0977400e-01   7.5115000e-02
  -2.3758000e-02  -1.5990200e-01  -2.2074100e-01   9.6184200e-01   1.0765500e-01  -3.1489100e-01   7.8205000e-02
  -1.8607000e-02  -1.6152300e-01  -2.2630300e-01   9.6039100e-01   1.0522700e-01  -3.1746100e-01   7.9572000e-02
  -1.1627000e-02  -1.6461200e-01  -2.3819700e-01   9.5709500e-01   1.0021700e-01  -3.2261400e-01   8.1974000e-02
  -4.2740000e-03  -1.6864600e-01  -2.5037300e-01   9.5333800e-01   9.4984000e-02  -3.2776400e-01   8.3938000e-02
   4.0110000e-03  -1.7401300e-01  -2.6263200e-01   9.4906700e-01   8.9382000e-02  -3.3294300e-01   8.5515000e-02
   1.1363000e-02  -1.8022900e-01  -2.7516200e-01   9.4428500e-01   8.3379000e-02  -3.3820100e-01   8.6713000e-02
   1.8054000e-02  -1.8721400e-01  -2.8764100e-01   9.3908900e-01   7.7048000e-02  -3.4348500e-01   8.7562000e-02
   2.3727000e-02  -1.9468900e-01  -3.0009500e-01   9.3352900e-01   7.0500000e-02  -3.4878900e-01   8.8026000e-02
   2.5282000e-02  -2.0170000e-01  -3.1351800e-01   9.2756900e-01   6.3637000e-02  -3.5417700e-01   8.8081000e-02
   2.6376000e-02  -2.0559300e-01  -3.2016100e-01   9.2441000e-01   6.0102000e-02  -3.5688500e-01   8.7964000e-02
   2.5325000e-02  -2.1274900e-01  -3.3412300e-01   9.1785500e-01   5.2823000e-02  -3.6231900e-01   8.7466000e-02
   2.5454000e-02  -2.2097000e-01  -3.4772300e-01   9.1083100e-01   4.5260000e-02  -3.6779200e-01   8.6628000e-02
   2.5568000e-02  -2.2987900e-01  -3.6119100e-01   9.0335100e-01   3.7431000e-02  -3.7326700e-01   8.5428000e-02
   2.4899000e-02  -2.3425600e-01  -3.6802900e-01   8.9947700e-01   3.3429000e-02  -3.7600400e-01   8.4709000e-02
   2.2208000e-02  -2.4288500e-01  -3.8188500e-01   8.9144700e-01   2.5227000e-02  -3.8144800e-01   8.3046000e-02
   1.9830000e-02  -2.5262800e-01  -3.9580900e-01   8.8267800e-01   1.6545000e-02  -3.8695700e-01   8.0944000e-02
   1.7091000e-02  -2.6360700e-01  -4.1019400e-01   8.7290300e-01   7.1490000e-03  -3.9248500e-01   7.8352000e-02
   1.3847000e-02  -2.7497300e-01  -4.2417500e-01   8.6271300e-01  -2.4660000e-03  -3.9776400e-01   7.5483000e-02
   1.1564000e-02  -2.8727900e-01  -4.3749900e-01   8.5201600e-01  -1.2129000e-02  -4.0271000e-01   7.2295000e-02
   1.0790000e-02  -3.0104500e-01  -4.4943700e-01   8.4098800e-01  -2.1964000e-02  -4.0731200e-01   6.8904000e-02
   1.0860000e-02  -3.1542200e-01  -4.6012700e-01   8.2986400e-01  -3.1709000e-02  -4.1171100e-01   6.5365000e-02
   8.5840000e-03  -3.2341300e-01  -4.7040200e-01   8.2100700e-01  -3.9370000e-02  -4.1759300e-01   6.2228000e-02
   1.3510000e-02  -3.3012200e-01  -4.7286400e-01   8.1684600e-01  -4.2871000e-02  -4.2079000e-01   6.0649000e-02
   1.7231000e-02  -3.4019200e-01  -4.7979000e-01   8.0856300e-01  -4.9815000e-02  -4.2722000e-01   5.7231000e-02
   2.2505000e-02  -3.5104800e-01  -4.8569300e-01   8.0022600e-01  -5.6592000e-02  -4.3355300e-01   5.3647000e-02
   2.8490000e-02  -3.6349000e-01  -4.9082900e-01   7.9129700e-01  -6.3551000e-02  -4.3957900e-01   4.9567000e-02
   3.4570000e-02  -3.7661200e-01  -4.9530300e-01   7.8207600e-01  -7.0522000e-02  -4.4532500e-01   4.5171000e-02
   4.0845000e-02  -3.9049900e-01  -4.9854600e-01   7.7284800e-01  -7.7558000e-02  -4.5079000e-01   4.0560000e-02
   4.6436000e-02  -4.0489400e-01  -5.0101500e-01   7.6347100e-01  -8.4664000e-02  -4.5587800e-01   3.5597000e-02
   5.2895000e-02  -4.2077500e-01  -5.0187500e-01   7.5383800e-01  -9.1771000e-02  -4.6054800e-01   3.0260000e-02
   5.6027000e-02  -4.2883500e-01  -5.0189500e-01   7.4904200e-01  -9.5274000e-02  -4.6274600e-01   2.7494000e-02
   6.3876000e-02  -4.4654300e-01  -5.0004500e-01   7.3923900e-01  -1.0216600e-01  -4.6681300e-01   2.1691000e-02
   7.2757000e-02  -4.6556400e-01  -4.9621900e-01   7.2919300e-01  -1.0884100e-01  -4.7041900e-01   1.5535000e-02
   8.1057000e-02  -4.8479400e-01  -4.9135300e-01   7.1901100e-01  -1.1523000e-01  -4.7353900e-01   8.9700000e-03
   8.7650000e-02  -5.0339500e-01  -4.8610900e-01   7.0894900e-01  -1.2133800e-01  -4.7617400e-01   2.0200000e-03
   9.2523000e-02  -5.2122200e-01  -4.8062800e-01   6.9911700e-01  -1.2715000e-01  -4.7832400e-01  -5.2680000e-03
   9.6731000e-02  -5.3891200e-01  -4.7410700e-01   6.8952100e-01  -1.3266200e-01  -4.7998700e-01  -1.2860000e-02
   9.9371000e-02  -5.5588800e-01  -4.6703400e-01   6.8043600e-01  -1.3796900e-01  -4.8119200e-01  -2.0746000e-02
   9.7320000e-02  -5.6989700e-01  -4.6226800e-01   6.7235000e-01  -1.4299700e-01  -4.8190700e-01  -2.8924000e-02
   1.0027400e-01  -5.7968300e-01  -4.5598300e-01   6.6782700e-01  -1.4537400e-01  -4.8206900e-01  -3.3122000e-02
   1.0030500e-01  -5.9537300e-01  -4.4729400e-01   6.5984700e-01  -1.4985300e-01  -4.8198400e-01  -4.1784000e-02
   1.0030600e-01  -6.1125100e-01  -4.3697500e-01   6.5220000e-01  -1.5392600e-01  -4.8131400e-01  -5.0844000e-02
   1.0007900e-01  -6.2717900e-01  -4.2503100e-01   6.4496400e-01  -1.5765400e-01  -4.8005100e-01  -6.0286000e-02
   9.9544000e-02  -6.4285900e-01  -4.1152500e-01   6.3833500e-01  -1.6098800e-01  -4.7818400e-01  -6.9980000e-02
   9.6326000e-02  -6.5678300e-01  -3.9887400e-01   6.3265900e-01  -1.6387100e-01  -4.7565000e-01  -7.9981000e-02
   9.7375000e-02  -6.6536500e-01  -3.8909600e-01   6.2961300e-01  -1.6515600e-01  -4.7413400e-01  -8.5073000e-02
   9.4998000e-02  -6.7949200e-01  -3.7308000e-01   6.2456200e-01  -1.6742800e-01  -4.7062800e-01  -9.5355000e-02
   9.2762000e-02  -6.9340300e-01  -3.5545100e-01   6.1987300e-01  -1.6933000e-01  -4.6647100e-01  -1.0577500e-01
   8.9970000e-02  -7.0660400e-01  -3.3662400e-01   6.1587400e-01  -1.7086500e-01  -4.6164400e-01  -1.1626800e-01
   8.5868000e-02  -7.1850200e-01  -3.1783300e-01   6.1266900e-01  -1.7201000e-01  -4.5618400e-01  -1.2669600e-01
   8.1050000e-02  -7.2925800e-01  -2.9841300e-01   6.1038000e-01  -1.7281000e-01  -4.5018800e-01  -1.3685600e-01
   7.4678000e-02  -7.3860700e-01  -2.7957800e-01   6.0886800e-01  -1.7317800e-01  -4.4355200e-01  -1.4687900e-01
   6.8207000e-02  -7.4732500e-01  -2.5984600e-01   6.0772900e-01  -1.7306800e-01  -4.3621400e-01  -1.5681300e-01
   6.0665000e-02  -7.5497700e-01  -2.4071000e-01   6.0695000e-01  -1.7246100e-01  -4.2815900e-01  -1.6661700e-01
   5.8807000e-02  -7.5927500e-01  -2.2848600e-01   6.0649600e-01  -1.7199700e-01  -4.2389300e-01  -1.7142100e-01
   5.3230000e-02  -7.6633500e-01  -2.0629800e-01   6.0608400e-01  -1.7063200e-01  -4.1493600e-01  -1.8071700e-01
   4.8073000e-02  -7.7256700e-01  -1.8313100e-01   6.0604700e-01  -1.6886600e-01  -4.0545800e-01  -1.8958400e-01
   4.1640000e-02  -7.7742000e-01  -1.6143800e-01   6.0648400e-01  -1.6678700e-01  -3.9559900e-01  -1.9790700e-01
   3.3717000e-02  -7.8097400e-01  -1.4168800e-01   6.0734400e-01  -1.6435600e-01  -3.8537500e-01  -2.0566900e-01
   2.4876000e-02  -7.8352400e-01  -1.2329100e-01   6.0849900e-01  -1.6165400e-01  -3.7488200e-01  -2.1282300e-01
   1.5474000e-02  -7.8514300e-01  -1.0640200e-01   6.0991000e-01  -1.5870500e-01  -3.6435500e-01  -2.1922900e-01
   6.4620000e-03  -7.8610700e-01  -8.9906000e-02   6.1148200e-01  -1.5552500e-01  -3.5383500e-01  -2.2491200e-01
  -5.4970000e-03  -7.8606900e-01  -7.7819000e-02   6.1319600e-01  -1.5217900e-01  -3.4333100e-01  -2.2992500e-01
  -1.3143000e-02  -7.8566500e-01  -7.4227000e-02   6.1404200e-01  -1.5045100e-01  -3.3813100e-01  -2.3216800e-01
  -2.1508000e-02  -7.8529600e-01  -5.8969000e-02   6.1593000e-01  -1.4688600e-01  -3.2788700e-01  -2.3613000e-01
  -2.9056000e-02  -7.8441800e-01  -4.3704000e-02   6.1800800e-01  -1.4319300e-01  -3.1788300e-01  -2.3942100e-01
  -3.8121000e-02  -7.8296200e-01  -3.1552000e-02   6.2009900e-01  -1.3942000e-01  -3.0820000e-01  -2.4207600e-01
  -4.7500000e-02  -7.8113500e-01  -2.1154000e-02   6.2219300e-01  -1.3561600e-01  -2.9894900e-01  -2.4411900e-01
  -5.5828000e-02  -7.7900700e-01  -1.0767000e-02   6.2443200e-01  -1.3177800e-01  -2.9017400e-01  -2.4558600e-01
  -6.2707000e-02  -7.7658600e-01   1.7100000e-04   6.2688300e-01  -1.2792600e-01  -2.8187900e-01  -2.4653200e-01
  -6.7987000e-02  -7.7391300e-01   1.1724000e-02   6.2952300e-01  -1.2410100e-01  -2.7409000e-01  -2.4702600e-01
  -7.2871000e-02  -7.7256300e-01   1.4227000e-02   6.3058300e-01  -1.2220700e-01  -2.7038400e-01  -2.4712500e-01
  -8.0138000e-02  -7.6972900e-01   2.1488000e-02   6.3295500e-01  -1.1848000e-01  -2.6333700e-01  -2.4705800e-01
  -8.7083000e-02  -7.6675200e-01   2.8162000e-02   6.3538600e-01  -1.1481700e-01  -2.5677000e-01  -2.4666200e-01
  -9.3657000e-02  -7.6361600e-01   3.4498000e-02   6.3791000e-01  -1.1125000e-01  -2.5069600e-01  -2.4597700e-01
  -9.9892000e-02  -7.6034300e-01   4.0468000e-02   6.4051800e-01  -1.0779100e-01  -2.4511800e-01  -2.4504300e-01
  -1.0556100e-01  -7.5695100e-01   4.6340000e-02   6.4322200e-01  -1.0443500e-01  -2.4000400e-01  -2.4390300e-01
  -1.1103800e-01  -7.5348900e-01   5.1770000e-02   6.4594500e-01  -1.0118400e-01  -2.3530100e-01  -2.4259700e-01
  -1.1540200e-01  -7.4995800e-01   5.7888000e-02   6.4876300e-01  -9.8068000e-02  -2.3093500e-01  -2.4118500e-01
  -1.1888700e-01  -7.4833300e-01   5.9189000e-02   6.4989300e-01  -9.6570000e-02  -2.2889400e-01  -2.4045100e-01
  -1.2320900e-01  -7.4490200e-01   6.4360000e-02   6.5253200e-01  -9.3684000e-02  -2.2505700e-01  -2.3893900e-01
  -1.2699800e-01  -7.4154400e-01   6.9354000e-02   6.5511400e-01  -9.0964000e-02  -2.2158200e-01  -2.3739900e-01
  -1.3098200e-01  -7.3843200e-01   7.3217000e-02   6.5742000e-01  -8.8428000e-02  -2.1845000e-01  -2.3587700e-01
  -1.3489800e-01  -7.3561100e-01   7.6347000e-02   6.5943200e-01  -8.6068000e-02  -2.1554000e-01  -2.3440700e-01
  -1.3854200e-01  -7.3310700e-01   7.9094000e-02   6.6113900e-01  -8.3917000e-02  -2.1280100e-01  -2.3303400e-01
  -1.4174200e-01  -7.3083000e-01   8.1625000e-02   6.6267200e-01  -8.1948000e-02  -2.1029400e-01  -2.3173600e-01
  -1.4510300e-01  -7.2883400e-01   8.3311000e-02   6.6393200e-01  -8.0152000e-02  -2.0802100e-01  -2.3051700e-01
  -1.4714900e-01  -7.2693300e-01   8.5803000e-02   6.6524600e-01  -7.8538000e-02  -2.0598600e-01  -2.2939100e-01
  -1.4962900e-01  -7.2535900e-01   8.7191000e-02   6.6623100e-01  -7.7115000e-02  -2.0419300e-01  -2.2837600e-01
  -1.5120800e-01  -7.2471100e-01   8.7280000e-02   6.6656700e-01  -7.6473000e-02  -2.0339500e-01  -2.2791000e-01
  -1.5282700e-01  -7.2340300e-01   8.8643000e-02   6.6743800e-01  -7.5321000e-02  -2.0199800e-01  -2.2706200e-01
  -1.5397200e-01  -7.2228600e-01   8.9899000e-02   6.6821700e-01  -7.4341000e-02  -2.0084300e-01  -2.2633100e-01
  -1.5417400e-01  -7.2128800e-01   9.1550000e-02   6.6902400e-01  -7.3518000e-02  -1.9991800e-01  -2.2571400e-01
  -1.5393900e-01  -7.2044300e-01   9.3146000e-02   6.6976700e-01  -7.2838000e-02  -1.9919800e-01  -2.2520400e-01
  -1.5393600e-01  -7.1982200e-01   9.4062000e-02   6.7030700e-01  -7.2284000e-02  -1.9864300e-01  -2.2479000e-01
  -1.5396000e-01  -7.1939000e-01   9.4514000e-02   6.7070200e-01  -7.1851000e-02  -1.9825700e-01  -2.2447100e-01
  -1.5372100e-01  -7.1905500e-01   9.4875000e-02   6.7106500e-01  -7.1514000e-02  -1.9803700e-01  -2.2422400e-01
  -1.5359000e-01  -7.1886100e-01   9.4767000e-02   6.7131800e-01  -7.1249000e-02  -1.9794600e-01  -2.2403700e-01
  -1.5372100e-01  -7.1884700e-01   9.4382000e-02   6.7135800e-01  -7.1143000e-02  -1.9793300e-01  -2.2396700e-01
  -1.5281100e-01  -7.1871600e-01   9.4686000e-02   6.7166300e-01  -7.0967000e-02  -1.9797400e-01  -2.2385700e-01
  -1.5140400e-01  -7.1855100e-01   9.5335000e-02   6.7206600e-01  -7.0818000e-02  -1.9810000e-01  -2.2376600e-01
  -1.4968600e-01  -7.1841700e-01   9.6162000e-02   6.7247600e-01  -7.0697000e-02  -1.9825400e-01  -2.2370400e-01
  -1.4796100e-01  -7.1833400e-01   9.6907000e-02   6.7283900e-01  -7.0594000e-02  -1.9841200e-01  -2.2366100e-01
  -1.4633700e-01  -7.1829200e-01   9.7490000e-02   6.7315500e-01  -7.0492000e-02  -1.9856400e-01  -2.2362300e-01
